% Model,2_electrode_cancer_tissue.mph
% Version,COMSOL 6.2.0.290
% Date,"Nov 25 2025, 18:04"
% Dimension,3
% Nodes,13552
% Expressions,2
% Description,"Electric potential, Impedance"
% Length unit,m
% x,y,z,V (V) @ freq=430,ec.Z11 (Ω) @ freq=430
100,100,-2,1.4359355838232897E-6-3.435041686315955E-11i,0.007179678161721084-1.7175209011937995E-7i
100,96,-2,1.435935571013455E-6-3.4350416556722974E-11i,0.007179678161721084-1.7175209011937995E-7i
97.29965511388943,96.91150112033716,-2,1.435935574800751E-6-3.435041664732256E-11i,0.007179678161721084-1.7175209011937997E-7i
100,100,-7,1.4359355628122029E-6-3.4350416360532794E-11i,0.007179678161721084-1.7175209011937995E-7i
96,100,-2,1.4359355853515861E-6-3.435041689971943E-11i,0.007179678161721084-1.7175209011937995E-7i
99.99999999999999,91.99999999999997,-2,1.4359355341777808E-6-3.435041567554086E-11i,0.007179678161721084-1.7175209011937995E-7i
97.02411831364554,93.86473974868002,-2,1.4359355560898468E-6-3.4350416199720766E-11i,0.0071796781617210845-1.7175209011937997E-7i
99.99999999999999,93.32329609359608,-7,1.4359355149545021E-6-3.435041521568208E-11i,0.007179678161721084-1.7175209011937997E-7i
100,90.66164804679805,-4.5,1.4359354719272162E-6-3.435041418638435E-11i,0.007179678161721084-1.7175209011937997E-7i
96.63539210980747,89.90319711370616,-2,1.4359355040462627E-6-3.435041495473545E-11i,0.007179678161721085-1.7175209011938E-7i
100.00000000000003,88.00000000000001,-2,1.4359354552884351E-6-3.435041378835181E-11i,0.007179678161721084-1.7175209011937995E-7i
95.6587103165347,94.91175677616985,-7,1.4359355369372174E-6-3.435041574155206E-11i,0.007179678161721086-1.7175209011937995E-7i
93.73467688218989,96.30980752221316,-2,1.4359355768425386E-6-3.435041669616619E-11i,0.007179678161721085-1.7175209011937997E-7i
93.58101462851664,91.88357791768232,-2,1.4359355358259424E-6-3.435041571496817E-11i,0.007179678161721085-1.7175209011938E-7i
96.11395465859938,91.78641671762843,-4.499999999999968,1.4359355025049512E-6-3.435041491786424E-11i,0.007179678161721086-1.7175209011937995E-7i
93.32330637996576,100,-6.999999999999999,1.4359355627533078E-6-3.4350416359123957E-11i,0.007179678161721084-1.7175209011937997E-7i
91.99999999999999,100,-2,1.4359355909771766E-6-3.4350417034294654E-11i,0.007179678161721084-1.7175209011937995E-7i
90.66165318998287,100,-4.5,1.4359355740045481E-6-3.435041662827586E-11i,0.007179678161721084-1.7175209011937997E-7i
88,100,-2,1.435935586465723E-6-3.4350416926371844E-11i,0.007179678161721084-1.7175209011937995E-7i
89.52572514978891,96.52143565296223,-2,1.4359355786452625E-6-3.435041673929096E-11i,0.0071796781617210845-1.7175209011937997E-7i
90.65153020677882,93.61027858938905,-2,1.4359355523227156E-6-3.4350416109603593E-11i,0.007179678161721084-1.7175209011937997E-7i
100,86.6207001069764,-7,1.4359352835016447E-6-3.435040967887233E-11i,0.007179678161721084-1.7175209011937997E-7i
100.00000000000003,84.00000000000003,-2.0000000000000004,1.4359352878794234E-6-3.435040978359746E-11i,0.007179678161721084-1.7175209011937995E-7i
96.53589838486225,86.00000000000003,-2,1.43593538414974E-6-3.4350412086573694E-11i,0.0071796781617210845-1.7175209011937997E-7i
84,100,-2,1.4359355872146436E-6-3.4350416944287445E-11i,0.007179678161721084-1.7175209011937995E-7i
85.85639114056366,96.56812931794116,-2,1.4359355790036506E-6-3.4350416747864264E-11i,0.0071796781617210845-1.7175209011937997E-7i
82,96.53589838486224,-2,1.435935577481069E-6-3.435041671144105E-11i,0.0071796781617210845-1.7175209011937997E-7i
86.62072311103262,100,-6.999999999999999,1.43593556417396E-6-3.4350416393108775E-11i,0.0071796781617210845-1.7175209011938E-7i
93.11912579884412,87.78038120661208,-2,1.43593545020873E-6-3.4350413666835265E-11i,0.007179678161721085-1.7175209011938E-7i
95.20379100355319,89.70809368657686,-7,1.4359354314352127E-6-3.435041321773557E-11i,0.007179678161721086-1.7175209011937992E-7i
89.69355922574732,89.85356838763325,-2,1.4359355006391043E-6-3.435041487322947E-11i,0.007179678161721085-1.7175209011937997E-7i
89.59932221662788,93.73766664881231,-7,1.4359355275645501E-6-3.4350415517339315E-11i,0.0071796781617210845-1.717520901193799E-7i
87.64409799547643,93.34548299975327,-2,1.4359355537366775E-6-3.435041614342834E-11i,0.0071796781617210845-1.7175209011937997E-7i
100,80,-2,1.435934939994596E-6-3.435040146150487E-11i,0.007179678161721084-1.7175209011937995E-7i
96.53589838486224,82.00000000000001,-2,1.4359351458786516E-6-3.4350406386658376E-11i,0.007179678161721084-1.7175209011937997E-7i
100,79.98479059516539,-7,1.435934552188508E-6-3.435039218441686E-11i,0.007179678161721084-1.7175209011937997E-7i
100,76,-2,1.4359342491456976E-6-3.435038493503398E-11i,0.007179678161721084-1.7175209011937995E-7i
96.53589838486224,78,-2,1.4359346456307362E-6-3.435039441973962E-11i,0.0071796781617210845-1.7175209011937997E-7i
100,72,-1.9999999999999998,1.4359328515461115E-6-3.435035150168989E-11i,0.007179678161721084-1.7175209011937995E-7i
100.00000000000001,73.30707035341077,-7,1.4359321969259885E-6-3.4350335841882884E-11i,0.007179678161721084-1.7175209011937997E-7i
96.53589838486224,74,-2,1.4359336864373023E-6-3.435037147393711E-11i,0.007179678161721085-1.7175209011938E-7i
100,70.65353517670539,-4.5,1.435930712863699E-6-3.4350300340180174E-11i,0.007179678161721084-1.7175209011937997E-7i
96.53589838486224,70,-2,1.4359317232569778E-6-3.435032451078409E-11i,0.0071796781617210845-1.7175209011937997E-7i
100.00000000000001,68,-2.0000000000000004,1.4359300467793536E-6-3.43502844061263E-11i,0.007179678161721084-1.7175209011937995E-7i
94.43766803303114,83.20643388273058,-7,1.435935018400381E-6-3.43504033371262E-11i,0.007179678161721085-1.7175209011937992E-7i
93.06449478382726,83.92998035111347,-2,1.4359352804205942E-6-3.4350409605167475E-11i,0.007179678161721084-1.7175209011937997E-7i
93.07179676972447,80,-2,1.4359349436760686E-6-3.4350401549572965E-11i,0.0071796781617210845-1.7175209011937997E-7i
89.7001650888874,81.96721101473078,-2,1.4359351348831712E-6-3.435040612362471E-11i,0.0071796781617210845-1.7175209011937997E-7i
80,100,-2,1.435935588052831E-6-3.435041696433851E-11i,0.007179678161721084-1.7175209011937995E-7i
76.00000000000003,100.00000000000003,-2.0000000000000004,1.4359355855462373E-6-3.4350416904375825E-11i,0.007179678161721084-1.7175209011937995E-7i
79.98478523297267,100.00000000000001,-7.000000000000001,1.4359355667590276E-6-3.4350416454948695E-11i,0.007179678161721084-1.7175209011937997E-7i
78.00000000000001,96.53589838486225,-2,1.4359355750702625E-6-3.435041665376981E-11i,0.007179678161721085-1.7175209011938E-7i
83.58496633876146,93.136399262308,-2,1.4359355544876859E-6-3.4350416161393914E-11i,0.007179678161721084-1.7175209011937997E-7i
82.66910282654706,94.12080114401562,-7,1.4359355287844343E-6-3.435041554652138E-11i,0.007179678161721086-1.7175209011937992E-7i
79.93145162477641,93.14745413614207,-2,1.4359355516832282E-6-3.4350416094305754E-11i,0.0071796781617210845-1.7175209011937997E-7i
81.60074815670103,89.67013240847979,-2,1.4359354990449315E-6-3.435041483509367E-11i,0.0071796781617210845-1.7175209011937997E-7i
89.53191514211429,86.71816523543794,-7,1.435935300040917E-6-3.4350410074524385E-11i,0.007179678161721086-1.7175209011937992E-7i
90.01480740939199,85.76189297337386,-2,1.4359353748986044E-6-3.4350411865268216E-11i,0.007179678161721084-1.7175209011937995E-7i
86.9077490160029,83.68528790747851,-2,1.4359352667863E-6-3.435040927900824E-11i,0.0071796781617210845-1.7175209011937997E-7i
87.06314187831437,86.92449858027635,-2,1.4359354204512676E-6-3.435041295497795E-11i,0.007179678161721084-1.7175209011937997E-7i
84.766694818482,89.2476440543889,-7,1.435935408787691E-6-3.435041267596213E-11i,0.007179678161721086-1.7175209011937995E-7i
85.3140180784869,89.79835359065368,-2,1.4359355025162316E-6-3.4350414918134074E-11i,0.007179678161721084-1.7175209011937995E-7i
83.58765237604024,85.87166035959018,-2,1.4359353788472427E-6-3.435041195972743E-11i,0.007179678161721085-1.7175209011937997E-7i
94.27845145322055,76.53478782197224,-7,1.4359336837313124E-6-3.4350371409204514E-11i,0.007179678161721085-1.7175209011937992E-7i
93.0717967697245,76,-2,1.4359342508840545E-6-3.435038497661886E-11i,0.007179678161721084-1.7175209011937995E-7i
89.60769515458674,78,-2,1.4359346647003769E-6-3.4350394875923107E-11i,0.0071796781617210845-1.7175209011937997E-7i
93.07179676972447,72.00000000000001,-2,1.4359328414393315E-6-3.435035125991575E-11i,0.0071796781617210845-1.7175209011937997E-7i
89.60769515458674,74.00000000000003,-2,1.4359336660804883E-6-3.435037098696187E-11i,0.007179678161721084-1.7175209011937997E-7i
72,100,-2,1.4359355859993283E-6-3.435041691521468E-11i,0.007179678161721084-1.7175209011937995E-7i
74.00000000000001,96.53589838486224,-2,1.4359355759807933E-6-3.435041667555154E-11i,0.007179678161721085-1.7175209011938E-7i
73.30703003920055,100.00000000000001,-6.999999999999999,1.4359355683065043E-6-3.435041649196738E-11i,0.007179678161721084-1.7175209011937997E-7i
70,96.53589838486224,-2,1.4359355772172547E-6-3.435041670513013E-11i,0.0071796781617210845-1.7175209011937997E-7i
70.65351501960028,100,-4.5,1.4359355711711047E-6-3.435041656049427E-11i,0.007179678161721084-1.7175209011937997E-7i
68,100,-1.9999999999999998,1.4359355875225405E-6-3.4350416951652913E-11i,0.007179678161721084-1.7175209011937995E-7i
96.53589838486224,66,-2,1.4359276931365911E-6-3.4350228102340115E-11i,0.0071796781617210845-1.7175209011937997E-7i
100.00000000000003,66.66445377533019,-7.000000000000002,1.43592466374664E-6-3.435015563334583E-11i,0.007179678161721084-1.7175209011937997E-7i
100.00000000000003,64.00000000000001,-2.0000000000000004,1.4359245278961929E-6-3.4350152383534654E-11i,0.007179678161721084-1.7175209011937995E-7i
94.25676796624938,69.95905128738988,-7,1.4359295048207302E-6-3.435027144140495E-11i,0.007179678161721086-1.7175209011937992E-7i
93.07179676972447,67.99999999999999,-2,1.435930124712767E-6-3.435028627044751E-11i,0.0071796781617210845-1.7175209011937997E-7i
89.60769515458671,69.99999999999999,-2,1.4359317192124082E-6-3.435032441402999E-11i,0.0071796781617210845-1.7175209011937997E-7i
88.473544143943,79.90172861505734,-7,1.4359345494401386E-6-3.435039211867039E-11i,0.007179678161721086-1.7175209011937995E-7i
86.47117137157356,79.92759749071934,-2,1.4359349320806902E-6-3.435040127218855E-11i,0.0071796781617210845-1.7175209011937997E-7i
86.14359353944899,76.00000000000003,-2,1.4359342391103647E-6-3.435038469496892E-11i,0.0071796781617210845-1.7175209011937997E-7i
76.00000000000003,93.0717967697245,-2,1.4359355529444833E-6-3.4350416124477464E-11i,0.007179678161721084-1.7175209011937995E-7i
76.29440298632649,94.08942786715689,-7,1.4359355287023093E-6-3.435041554455675E-11i,0.007179678161721086-1.7175209011937992E-7i
77.6956640561748,89.66474387861675,-2,1.4359354984581814E-6-3.4350414821057437E-11i,0.0071796781617210845-1.7175209011937997E-7i
72,93.07179676972447,-2,1.4359355530245284E-6-3.435041612639229E-11i,0.0071796781617210845-1.7175209011937997E-7i
74.00000000000003,89.60769515458674,-2,1.4359354968629016E-6-3.43504147828952E-11i,0.007179678161721084-1.7175209011937997E-7i
79.4670702661207,88.6461756032696,-7,1.4359353886864236E-6-3.435041219510006E-11i,0.007179678161721086-1.7175209011937992E-7i
79.52416927710104,86.22466006024396,-2,1.435935397692509E-6-3.435041241054341E-11i,0.007179678161721084-1.7175209011937997E-7i
75.77111285016124,86.16384412260868,-2,1.4359353922206779E-6-3.435041227964643E-11i,0.007179678161721085-1.7175209011938E-7i
83.71591075730822,83.74876533905385,-7,1.4359350749694608E-6-3.435040469037038E-11i,0.007179678161721086-1.7175209011937995E-7i
83.55637112027856,81.85080171582801,-2,1.435935135260828E-6-3.4350406132659024E-11i,0.0071796781617210845-1.7175209011937997E-7i
80.02131458755409,83.13218152035782,-3.9999999999999853,1.435935092597567E-6-3.435040511206952E-11i,0.007179678161721086-1.7175209011937992E-7i
80.83340120479617,83.28930712738423,-2,1.4359352465419732E-6-3.435040879472393E-11i,0.0071796781617210845-1.7175209011937995E-7i
80.23493100961949,80.09042352236831,-2,1.4359349561159584E-6-3.435040184715973E-11i,0.0071796781617210845-1.7175209011937997E-7i
77.64050436446188,82.91451165058217,-2,1.4359352155307318E-6-3.435040805287376E-11i,0.007179678161721084-1.7175209011937997E-7i
88.45887568075793,73.2696736730583,-7,1.4359321874423929E-6-3.4350335615016504E-11i,0.007179678161721085-1.7175209011937992E-7i
86.14359353944896,72.00000000000003,-2,1.4359328741623943E-6-3.435035204271605E-11i,0.007179678161721084-1.7175209011937997E-7i
66.66445056366697,100,-7,1.4359355593594442E-6-3.4350416277936024E-11i,0.0071796781617210845-1.7175209011938E-7i
64,100,-2,1.435935585586943E-6-3.435041690534957E-11i,0.007179678161721084-1.7175209011937995E-7i
66,96.53589838486224,-2,1.4359355796732606E-6-3.435041676388265E-11i,0.0071796781617210845-1.7175209011937997E-7i
62,96.53589838486224,-2,1.4359355770226142E-6-3.435041670047398E-11i,0.0071796781617210845-1.7175209011937997E-7i
69.54475120057072,93.99734600895508,-7,1.4359355249462768E-6-3.435041545470503E-11i,0.007179678161721086-1.7175209011937992E-7i
68,93.0717967697245,-2,1.4359355517406632E-6-3.43504160956797E-11i,0.0071796781617210845-1.7175209011937997E-7i
69.99999999999999,89.60769515458674,-2,1.4359354954395248E-6-3.43504147488452E-11i,0.0071796781617210845-1.7175209011937997E-7i
60,100,-2,1.4359355859939035E-6-3.435041691508494E-11i,0.007179678161721084-1.7175209011937995E-7i
60.023786767160786,100,-6.999999999999999,1.435935558412739E-6-3.435041625528895E-11i,0.007179678161721084-1.7175209011937997E-7i
58.000000000000014,96.53589838486225,-2,1.4359355765990007E-6-3.435041669034027E-11i,0.007179678161721085-1.7175209011938E-7i
56.00000000000002,100.00000000000003,-2.0000000000000004,1.435935585559264E-6-3.4350416904687466E-11i,0.007179678161721084-1.7175209011937995E-7i
52,100.00000000000003,-2,1.4359355864791534E-6-3.435041692669308E-11i,0.007179678161721084-1.7175209011937995E-7i
54.000000000000014,96.53589838486224,-2,1.435935578678125E-6-3.4350416740077025E-11i,0.0071796781617210845-1.7175209011937997E-7i
53.311362939533176,100.00000000000001,-7.000000000000001,1.4359355614879664E-6-3.4350416328854503E-11i,0.0071796781617210845-1.7175209011938E-7i
50,96.53589838486224,-2,1.4359355764411028E-6-3.435041668656302E-11i,0.0071796781617210845-1.7175209011937997E-7i
49.344335718554404,100,-4.5,1.4359355762021977E-6-3.4350416680847965E-11i,0.007179678161721084-1.7175209011937997E-7i
48,100,-1.9999999999999998,1.4359355887650901E-6-3.435041698137715E-11i,0.007179678161721084-1.7175209011937995E-7i
100,60.000000000000014,-2,1.4359131484749178E-6-3.4349880165289703E-11i,0.007179678161721084-1.7175209011937995E-7i
100,60.023789546682636,-7,1.4359010092047218E-6-3.434958976995696E-11i,0.007179678161721084-1.7175209011937997E-7i
96.53589838486224,62.000000000000014,-2,1.4359199347238695E-6-3.43500425057756E-11i,0.0071796781617210845-1.7175209011937997E-7i
96.53589838486224,58.00000000000001,-2,1.4359036840372677E-6-3.4349653757237435E-11i,0.007179678161721084-1.7175209011937997E-7i
100,56,-2,1.4358905288612096E-6-3.434933905942889E-11i,0.007179678161721084-1.7175209011937995E-7i
94.26180303726363,63.34412166100641,-7,1.4359162190378282E-6-3.4349953619222555E-11i,0.007179678161721086-1.7175209011937992E-7i
93.0717967697245,64.00000000000001,-2,1.4359244039444426E-6-3.43501494183638E-11i,0.007179678161721084-1.7175209011937997E-7i
93.0717967697245,60.000000000000014,-2,1.4359131382141398E-6-3.434987991983159E-11i,0.0071796781617210845-1.7175209011937997E-7i
89.60769515458674,62.000000000000014,-2,1.4359196767215824E-6-3.4350036333851056E-11i,0.0071796781617210845-1.7175209011937997E-7i
86.14359353944897,67.99999999999997,-2,1.435930058485121E-6-3.435028468615131E-11i,0.007179678161721085-1.7175209011938E-7i
89.60769515458674,66,-2,1.4359277540454581E-6-3.4350229559400566E-11i,0.007179678161721084-1.7175209011937995E-7i
88.42540618133964,66.64521971032825,-7,1.435924755814589E-6-3.435015783579306E-11i,0.007179678161721086-1.7175209011937992E-7i
86.14359353944899,64,-2,1.4359245042696013E-6-3.435015181833989E-11i,0.0071796781617210845-1.7175209011937997E-7i
100,52,-1.9999999999999998,1.4358448579933577E-6-3.434824652201503E-11i,0.007179678161721084-1.7175209011937995E-7i
100,53.31132856290439,-6.999999999999999,1.4358234321477701E-6-3.434773397344676E-11i,0.007179678161721084-1.7175209011937997E-7i
96.53589838486224,54,-2,1.4358721694775183E-6-3.4348899866689144E-11i,0.007179678161721085-1.7175209011938E-7i
100,50.655664281452204,-4.5,1.4357747529403122E-6-3.434656947060449E-11i,0.007179678161721084-1.7175209011937997E-7i
96.53589838486224,50,-2,1.4358080473165321E-6-3.4347365937880004E-11i,0.0071796781617210845-1.7175209011937997E-7i
100.00000000000003,48.00000000000001,-2,1.4357530323138263E-6-3.434604987029458E-11i,0.007179678161721084-1.7175209011937995E-7i
82.70243619931082,73.96918581566858,-2,1.4359336741445223E-6-3.4350371179869484E-11i,0.007179678161721085-1.7175209011938E-7i
82.99915252619269,77.14189434759744,-7,1.4359338656158493E-6-3.4350375760242055E-11i,0.007179678161721085-1.7175209011937992E-7i
82.95401712021246,77.95812070382816,-2,1.4359346457970551E-6-3.435039442371825E-11i,0.007179678161721084-1.7175209011937995E-7i
79.47153106299508,76.07771698999831,-2,1.4359342539085908E-6-3.4350385048971734E-11i,0.0071796781617210845-1.7175209011937997E-7i
72.52102295467864,88.03898194013888,-7,1.4359353673528595E-6-3.435041168475904E-11i,0.007179678161721085-1.7175209011937992E-7i
72,86.14359353944897,-2,1.4359353945887611E-6-3.4350412336295624E-11i,0.007179678161721084-1.7175209011937997E-7i
73.87924578235501,82.67417853828081,-2,1.4359351963777306E-6-3.435040759469611E-11i,0.0071796781617210845-1.7175209011937997E-7i
68,86.14359353944899,-2,1.4359353928171671E-6-3.4350412293915626E-11i,0.0071796781617210845-1.7175209011937997E-7i
76.47052249950093,81.25143171464187,-7,1.4359347773562315E-6-3.4350397570873827E-11i,0.007179678161721085-1.7175209011937992E-7i
75.98573474251305,78.36905550315832,-2,1.4359347271029418E-6-3.435039636871579E-11i,0.0071796781617210845-1.7175209011938E-7i
71.86698432625445,79.14226369416913,-2,1.435934827674654E-6-3.4350398774589884E-11i,0.0071796781617210845-1.7175209011937997E-7i
82.73902665170678,70.18879953220632,-7,1.4359297219844026E-6-3.435027663638915E-11i,0.007179678161721086-1.7175209011937992E-7i
82.67949192431121,69.99999999999999,-2,1.4359317037048968E-6-3.435032404305966E-11i,0.007179678161721084-1.7175209011937995E-7i
79.2667106742073,72.04297109159779,-2,1.4359328946911679E-6-3.435035253380489E-11i,0.007179678161721084-1.7175209011937997E-7i
79.21539030917347,67.99999999999994,-2,1.4359300116261755E-6-3.4350283565192755E-11i,0.0071796781617210845-1.7175209011937997E-7i
82.67949192431124,65.99999999999999,-2,1.4359276954479787E-6-3.4350228157633094E-11i,0.0071796781617210845-1.7175209011937997E-7i
64.00000000000001,93.07179676972447,-2,1.4359355526567712E-6-3.4350416117594856E-11i,0.007179678161721084-1.7175209011937995E-7i
66.00000000000001,89.60769515458674,-2,1.4359354932543972E-6-3.435041469657266E-11i,0.007179678161721084-1.7175209011937997E-7i
62.93661260534914,94.10411966283289,-7,1.4359355267621499E-6-3.435041549814434E-11i,0.007179678161721085-1.7175209011937992E-7i
61.999999999999986,89.60769515458674,-2,1.4359354989016824E-6-3.435041483166687E-11i,0.0071796781617210845-1.7175209011937997E-7i
59.999999999999986,93.0717967697245,-2,1.435935553486217E-6-3.435041613743681E-11i,0.0071796781617210845-1.7175209011937997E-7i
65.96036057765926,87.98400622208581,-7,1.43593536315021E-6-3.435041158422334E-11i,0.007179678161721086-1.7175209011937992E-7i
64,86.14359353944897,-2,1.435935394381239E-6-3.435041233133133E-11i,0.0071796781617210845-1.7175209011937997E-7i
66.00000000000001,82.67949192431122,-2,1.435935196293038E-6-3.4350407592670074E-11i,0.0071796781617210845-1.7175209011937997E-7i
56.00000000000003,93.07179676972447,-2,1.4359355553719722E-6-3.435041618254782E-11i,0.007179678161721084-1.7175209011937995E-7i
51.99999999999999,93.07179676972447,-2,1.4359355560214356E-6-3.4350416198084234E-11i,0.0071796781617210845-1.7175209011937997E-7i
56.66757485334698,94.17164823750736,-7,1.4359355282298282E-6-3.435041553325409E-11i,0.007179678161721086-1.7175209011937992E-7i
54,89.60769515458671,-2,1.4359354973072517E-6-3.435041479352491E-11i,0.007179678161721084-1.7175209011937997E-7i
58.00000000000003,89.60769515458674,-2,1.4359354980908776E-6-3.435041481227083E-11i,0.0071796781617210845-1.7175209011937997E-7i
46,96.53589838486224,-2,1.4359355778307077E-6-3.43504167198051E-11i,0.007179678161721085-1.7175209011938E-7i
44,100,-2,1.4359355865551162E-6-3.435041692851023E-11i,0.007179678161721084-1.7175209011937995E-7i
46.688671437108816,100,-7,1.4359355689832237E-6-3.4350416508155847E-11i,0.007179678161721084-1.7175209011937997E-7i
39.99999999999999,100,-2,1.4359355872594571E-6-3.4350416945359516E-11i,0.007179678161721084-1.7175209011937995E-7i
42,96.53589838486224,-2,1.43593558084477E-6-3.4350416791907464E-11i,0.007179678161721084-1.7175209011937997E-7i
39.976210453380226,99.99999999999999,-6.999999999999998,1.4359355635664887E-6-3.435041637857683E-11i,0.007179678161721084-1.7175209011937997E-7i
36.00000000000001,100.00000000000003,-2.0000000000000004,1.435935587342922E-6-3.435041694735609E-11i,0.007179678161721084-1.7175209011937995E-7i
38,96.53589838486225,-2,1.4359355813846433E-6-3.43504168048223E-11i,0.007179678161721085-1.7175209011938E-7i
49.92379699622359,94.16443432489903,-7,1.4359355269638136E-6-3.435041550296845E-11i,0.007179678161721086-1.7175209011937992E-7i
48.000000000000014,93.07179676972447,-2,1.435935556234497E-6-3.4350416203181114E-11i,0.0071796781617210845-1.7175209011937997E-7i
50,89.60769515458674,-2,1.4359354967402256E-6-3.435041477996053E-11i,0.0071796781617210845-1.7175209011937997E-7i
94.23374442604128,56.667559054793514,-7,1.4358736170944562E-6-3.434893449654706E-11i,0.0071796781617210845-1.7175209011937992E-7i
93.07179676972447,56.000000000000014,-2,1.435890606284078E-6-3.4349340911536895E-11i,0.007179678161721084-1.7175209011937995E-7i
89.60769515458674,58.00000000000002,-2,1.4359041717843547E-6-3.4349665425111656E-11i,0.0071796781617210845-1.7175209011937997E-7i
93.07179676972447,52,-2,1.4358444833747096E-6-3.434823756039665E-11i,0.0071796781617210845-1.7175209011937997E-7i
89.6116928483592,53.91081117344379,-2,1.4358703665202349E-6-3.434885673638792E-11i,0.007179678161721084-1.7175209011937997E-7i
88.46183940346292,60.02812406542314,-7,1.4359010366711983E-6-3.4349590427009385E-11i,0.007179678161721086-1.7175209011937995E-7i
86.143593539449,60.000000000000014,-2,1.4359131395888266E-6-3.434987995271683E-11i,0.0071796781617210845-1.7175209011937997E-7i
86.13894352130842,55.92562878970767,-2,1.4358896319446955E-6-3.434931760341334E-11i,0.0071796781617210845-1.7175209011937997E-7i
82.67949192431124,62,-2,1.435919859501001E-6-3.435004070629594E-11i,0.007179678161721084-1.7175209011937997E-7i
82.82470038722107,63.471620390010074,-7,1.4359167432634441E-6-3.4349966159735293E-11i,0.007179678161721086-1.7175209011937992E-7i
79.21539030917349,64,-2,1.435924548014591E-6-3.4350152864806454E-11i,0.0071796781617210845-1.7175209011937997E-7i
79.14617348407913,59.93066990047098,-2,1.4359128748867874E-6-3.434987362052098E-11i,0.0071796781617210845-1.7175209011937997E-7i
93.07179676972447,48,-2,1.435755111204331E-6-3.434609960146377E-11i,0.0071796781617210845-1.7175209011937997E-7i
94.15232411327776,49.95967920984285,-7,1.435735540320094E-6-3.4345631427236804E-11i,0.007179678161721086-1.7175209011937992E-7i
89.69014702368368,49.90775720676691,-2,1.4358048323438497E-6-3.434728902938007E-11i,0.0071796781617210845-1.7175209011937997E-7i
96.53589838486224,46.00000000000001,-2,1.4356774819786856E-6-3.434424255697532E-11i,0.0071796781617210845-1.7175209011937997E-7i
100.00000000000001,46.68863706046689,-7,1.435582720069794E-6-3.4341975664846E-11i,0.0071796781617210845-1.7175209011938E-7i
100.00000000000003,44.00000000000001,-2.0000000000000004,1.4355733147182205E-6-3.434175067024953E-11i,0.007179678161721084-1.7175209011937995E-7i
96.53589838486224,42,-2,1.4354178707803743E-6-3.433803214406767E-11i,0.0071796781617210845-1.7175209011937997E-7i
100,39.976213232787515,-7,1.4347927803430734E-6-3.432307874550276E-11i,0.007179678161721084-1.7175209011937997E-7i
100,40,-2,1.4352021422798391E-6-3.433287149201185E-11i,0.007179678161721084-1.7175209011937995E-7i
100,36,-2,1.4344496932391694E-6-3.431487142396815E-11i,0.007179678161721084-1.7175209011937995E-7i
96.53589838486224,38,-2,1.4348956093603542E-6-3.432553861880696E-11i,0.007179678161721085-1.7175209011938E-7i
100,33.335549436304056,-7,1.4323024595370646E-6-3.426350535044722E-11i,0.0071796781617210845-1.7175209011938E-7i
96.53589838486224,34,-2,1.4338603489145253E-6-3.430077314305947E-11i,0.0071796781617210845-1.7175209011937997E-7i
100,32,-1.9999999999999998,1.4329808833657383E-6-3.427973458913133E-11i,0.007179678161721084-1.7175209011937995E-7i
96.53589838486225,30.000000000000004,-2,1.4317274055756086E-6-3.424974892326668E-11i,0.0071796781617210845-1.7175209011937997E-7i
100,29.34648498037791,-4.5,1.429306854602844E-6-3.41918445605016E-11i,0.007179678161721084-1.7175209011937997E-7i
100.00000000000003,28.000000000000007,-2,1.4300046184708558E-6-3.4208536451146405E-11i,0.007179678161721084-1.7175209011937995E-7i
32.00000000000001,100.00000000000003,-2,1.4359355884373206E-6-3.4350416973536287E-11i,0.007179678161721084-1.7175209011937995E-7i
34.00000000000001,96.53589838486224,-2,1.43593557918694E-6-3.435041675224892E-11i,0.0071796781617210845-1.7175209011937997E-7i
30.000000000000007,96.53589838486224,-2,1.4359355800414792E-6-3.4350416772691153E-11i,0.0071796781617210845-1.7175209011937997E-7i
33.33554622471351,100,-6.999999999999999,1.4359355656567979E-6-3.4350416428581123E-11i,0.0071796781617210845-1.7175209011938E-7i
29.3464648233183,100,-4.5,1.4359355730768804E-6-3.43504166060842E-11i,0.007179678161721084-1.7175209011937997E-7i
28,100,-1.9999999999999998,1.4359355915919675E-6-3.43504170490017E-11i,0.007179678161721084-1.7175209011937995E-7i
77.35093362804159,73.36913915844963,-7,1.4359322504915647E-6-3.4350337123277335E-11i,0.0071796781617210845-1.7175209011937992E-7i
76.06904411663994,74.04754094913994,-2,1.4359336842369182E-6-3.435037142129951E-11i,0.007179678161721084-1.7175209011937995E-7i
73.08143131634988,75.99844164734117,-2,1.4359342512745212E-6-3.4350384985959636E-11i,0.007179678161721084-1.7175209011937997E-7i
75.7352463066976,70.03576654093223,-2,1.4359317399490065E-6-3.435032491009041E-11i,0.0071796781617210845-1.7175209011937997E-7i
69.92323198064055,82.64403290428692,-2,1.4359351963105634E-6-3.435040759308932E-11i,0.007179678161721084-1.7175209011937995E-7i
69.0478235516735,81.58673537628684,-7,1.4359348207881165E-6-3.435039860985028E-11i,0.007179678161721085-1.7175209011937992E-7i
67.87847568124118,79.10288249010146,-2,1.43593482884742E-6-3.4350398802644755E-11i,0.0071796781617210845-1.7175209011937997E-7i
72.01862691363011,72.20796751002804,-2,1.4359329511645695E-6-3.435035388476028E-11i,0.007179678161721085-1.7175209011937997E-7i
71.29166637778357,75.27420119307064,-7,1.4359331952962755E-6-3.4350359724873166E-11i,0.007179678161721086-1.7175209011937992E-7i
69.78290445820564,75.79652863270837,-2,1.4359341964960422E-6-3.435038367555014E-11i,0.0071796781617210845-1.7175209011937997E-7i
69.47679070110235,73.75560679583921,-4.500000000000002,1.4359327495560962E-6-3.4350349061887195E-11i,0.007179678161721086-1.7175209011937992E-7i
75.78848821351329,66.06178519626069,-2,1.4359278651856424E-6-3.4350232218093446E-11i,0.007179678161721084-1.7175209011937997E-7i
77.21301600097664,66.62442095972722,-7,1.4359246790796655E-6-3.435015600014204E-11i,0.007179678161721086-1.7175209011937992E-7i
75.72952713017861,61.81343957254877,-2,1.435919097567651E-6-3.43500224793445E-11i,0.0071796781617210845-1.7175209011937997E-7i
72.4942657856476,67.98494398067542,-2,1.435930084663362E-6-3.4350285312386625E-11i,0.0071796781617210845-1.7175209011937997E-7i
59.66386264936037,88.1395364870767,-7,1.4359353677647458E-6-3.435041169461219E-11i,0.007179678161721086-1.7175209011937995E-7i
60,86.143593539449,-2,1.4359353921834766E-6-3.4350412278756456E-11i,0.0071796781617210845-1.7175209011937997E-7i
56.000000000000036,86.14359353944896,-2,1.4359353900365731E-6-3.4350412227398304E-11i,0.0071796781617210845-1.7175209011937997E-7i
64,79.21539030917346,-2,1.4359348406871034E-6-3.4350399085873413E-11i,0.007179678161721085-1.7175209011937997E-7i
61.999999999999986,82.67949192431124,-2,1.4359351965787516E-6-3.4350407599504906E-11i,0.007179678161721084-1.7175209011937995E-7i
62.69066430347971,82.01965206749561,-7,1.4359348782861097E-6-3.4350399985315904E-11i,0.007179678161721086-1.7175209011937992E-7i
58.00000000000004,82.67949192431124,-2,1.4359351990670268E-6-3.435040765902938E-11i,0.007179678161721084-1.7175209011937997E-7i
60.000000000000014,79.2153903091735,-2,1.4359348322190732E-6-3.435039888330139E-11i,0.0071796781617210845-1.7175209011937997E-7i
53.10402146389109,88.27943568005759,-7,1.435935374023999E-6-3.435041184434586E-11i,0.007179678161721085-1.7175209011937992E-7i
51.99999999999998,86.14359353944897,-2,1.4359353911215541E-6-3.435041225335319E-11i,0.007179678161721084-1.7175209011937997E-7i
48.000000000000014,86.14359353944897,-2,1.435935392270023E-6-3.435041228082685E-11i,0.0071796781617210845-1.7175209011937997E-7i
54,82.6794919243112,-2,1.4359351958017486E-6-3.4350407580917446E-11i,0.0071796781617210845-1.7175209011937997E-7i
43.33244094524453,94.23433320022559,-7,1.4359355253907533E-6-3.435041546533778E-11i,0.0071796781617210845-1.7175209011937992E-7i
43.999999999999986,93.07179676972447,-2,1.435935552444531E-6-3.4350416112517596E-11i,0.007179678161721084-1.7175209011937995E-7i
46,89.60769515458672,-2,1.4359354957815133E-6-3.4350414757026264E-11i,0.007179678161721084-1.7175209011937997E-7i
41.99999999999997,89.60769515458674,-2,1.435935493507743E-6-3.4350414702633155E-11i,0.0071796781617210845-1.7175209011937997E-7i
39.999999999999986,93.0717967697245,-2,1.4359355518189972E-6-3.435041609755362E-11i,0.0071796781617210845-1.7175209011937997E-7i
36.000000000000014,93.0717967697245,-2,1.435935550496304E-6-3.435041606591215E-11i,0.007179678161721084-1.7175209011937995E-7i
36.655878339046865,94.22104143137923,-7,1.4359355290663766E-6-3.435041555326595E-11i,0.007179678161721086-1.7175209011937992E-7i
32.000000000000014,93.07179676972447,-2,1.4359355481306977E-6-3.435041600932219E-11i,0.0071796781617210845-1.7175209011937997E-7i
38,89.60769515458675,-2,1.4359354965906584E-6-3.4350414776382614E-11i,0.0071796781617210845-1.7175209011937997E-7i
34.00000000000003,89.60769515458674,-2,1.4359354953203875E-6-3.435041474599522E-11i,0.007179678161721084-1.7175209011937997E-7i
43.999999999999964,86.14359353944897,-2,1.4359353921078556E-6-3.43504122769475E-11i,0.0071796781617210845-1.7175209011937997E-7i
46.577184608715406,88.32316871329182,-7,1.4359353757292564E-6-3.4350411885139E-11i,0.007179678161721086-1.7175209011937992E-7i
45.999999999999986,82.67949192431121,-2,1.435935191718407E-6-3.435040748323584E-11i,0.0071796781617210845-1.7175209011937997E-7i
88.4137360011791,53.32998334406627,-7,1.435824304500789E-6-3.4347754841854944E-11i,0.007179678161721086-1.7175209011937992E-7i
86.24865957975811,51.890203938984975,-2,1.4358441292957737E-6-3.434822909012879E-11i,0.0071796781617210845-1.7175209011937997E-7i
82.712223754475,53.90413811718596,-2,1.435871144951613E-6-3.434887535800479E-11i,0.0071796781617210845-1.7175209011937997E-7i
82.67966528086993,56.75054499377993,-7,1.4358741176314572E-6-3.4348946470381324E-11i,0.007179678161721085-1.7175209011937992E-7i
82.65059773915998,57.929655725412346,-2,1.4359032419848254E-6-3.4349643182469494E-11i,0.007179678161721084-1.7175209011937995E-7i
79.23424352903402,55.932942528815246,-2,1.435889891198723E-6-3.434932380528204E-11i,0.0071796781617210845-1.7175209011937997E-7i
79.60679686951451,51.95464282603706,-2,1.435843608555117E-6-3.434821663298316E-11i,0.0071796781617210845-1.7175209011937997E-7i
77.06164988792895,60.03786917210142,-7,1.435901071217026E-6-3.434959125341382E-11i,0.007179678161721086-1.7175209011937995E-7i
75.59664533355713,57.77266053106106,-2,1.4359028192373184E-6-3.434963306951366E-11i,0.0071796781617210845-1.7175209011937997E-7i
72.37876457974555,59.985815292471784,-2,1.4359130691966808E-6-3.43498782687976E-11i,0.0071796781617210845-1.7175209011937997E-7i
89.67103199083147,45.94425624229178,-2,1.4356767996598928E-6-3.434422623456143E-11i,0.007179678161721084-1.7175209011937997E-7i
86.33452175434832,47.91385329119579,-2,1.4357498035048437E-6-3.4345972630802944E-11i,0.007179678161721084-1.7175209011937997E-7i
88.28584984250973,46.63428189570331,-7,1.4355780122645124E-6-3.4341863044840095E-11i,0.007179678161721085-1.7175209011937992E-7i
86.35751316263818,44.112279532895656,-2,1.435580532115314E-6-3.434192332465104E-11i,0.0071796781617210845-1.7175209011937997E-7i
83.26812866979341,46.120165097626874,-2,1.4356818249044825E-6-3.434434644834289E-11i,0.0071796781617210845-1.7175209011937997E-7i
94.17164823752874,43.3324251466272,-7,1.435298404927204E-6-3.43351742847712E-11i,0.007179678161721085-1.7175209011937992E-7i
93.0717967697245,44.00000000000001,-2,1.4355690552854363E-6-3.43416487761998E-11i,0.007179678161721084-1.7175209011937995E-7i
89.6798672380343,42.004736339035446,-2,1.435413319347205E-6-3.43379232647917E-11i,0.0071796781617210845-1.7175209011937997E-7i
93.07179676972447,40,-2,1.4352058171158918E-6-3.43329594013525E-11i,0.0071796781617210845-1.7175209011937997E-7i
93.90931186498307,36.54458844919502,-7,1.4338674473417866E-6-3.430094295146748E-11i,0.007179678161721086-1.7175209011937992E-7i
93.07179676972447,36,-2,1.4344637585037125E-6-3.4315207892891766E-11i,0.007179678161721084-1.7175209011937995E-7i
89.60769515458674,38,-2,1.4349067800235999E-6-3.432580584314731E-11i,0.0071796781617210845-1.7175209011937997E-7i
93.0717967697245,31.999999999999996,-2,1.4329601589907486E-6-3.4279238821126E-11i,0.0071796781617210845-1.7175209011937997E-7i
89.60769515458674,33.99999999999999,-2,1.433834502275506E-6-3.430015484037596E-11i,0.007179678161721084-1.7175209011937997E-7i
96.53589838486224,26.000000000000004,-2,1.4275105102996907E-6-3.414887245483176E-11i,0.007179678161721085-1.7175209011938E-7i
99.99999999999999,26.692969960755825,-6.999999999999998,1.4244517760424946E-6-3.407570148672429E-11i,0.007179678161721084-1.7175209011937997E-7i
100.00000000000001,23.999999999999993,-2,1.4241008116762647E-6-3.406730572550776E-11i,0.007179678161721084-1.7175209011937995E-7i
94.00192810605608,29.99015659803563,-7,1.429425183723343E-6-3.419467522690612E-11i,0.007179678161721086-1.7175209011937992E-7i
93.0717967697245,28.000000000000007,-2,1.4300367447831486E-6-3.4209304976024574E-11i,0.0071796781617210845-1.7175209011937997E-7i
89.60769515458674,30,-2,1.4317557278729505E-6-3.4250426448589654E-11i,0.0071796781617210845-1.7175209011937997E-7i
96.53589838486224,21.999999999999993,-2,1.4190502168239912E-6-3.3946485515648105E-11i,0.007179678161721085-1.7175209011938E-7i
100,19.999999999999993,-2,1.411913262403828E-6-3.3775755461857494E-11i,0.007179678161721084-1.7175209011937995E-7i
96.53589838486224,18,-2,1.4021047323957714E-6-3.354111604043273E-11i,0.0071796781617210845-1.7175209011937997E-7i
100.00000000000003,20.015214766982428,-7,1.3991344583765052E-6-3.34700612160318E-11i,0.007179678161721084-1.7175209011937997E-7i
100,15.999999999999996,-2,1.3873274061536763E-6-3.318761319374701E-11i,0.007179678161721084-1.7175209011937995E-7i
7.999999999999997,100,-1.9999999999999998,1.4359355870165073E-6-3.4350416939547597E-11i,0.007179678161721084-1.7175209011937995E-7i
6.010666818931668,97.1014460566088,-2,1.435935578193721E-6-3.4350416728489155E-11i,0.0071796781617210845-1.7175209011937997E-7i
3.999999999999999,100,-2,1.4359355813395167E-6-3.435041680374283E-11i,0.007179678161721084-1.7175209011937995E-7i
6.676703906428228,99.99999999999999,-6.999999999999998,1.4359355668238127E-6-3.4350416456498443E-11i,0.007179678161721084-1.7175209011937997E-7i
9.338351953214115,100,-4.5,1.4359355731278493E-6-3.435041660730349E-11i,0.007179678161721084-1.7175209011937997E-7i
9.963422916628367,96.63364713026095,-2,1.4359355785240423E-6-3.435041673639106E-11i,0.007179678161721085-1.7175209011938E-7i
12,100.00000000000003,-2,1.4359355869552643E-6-3.435041693808256E-11i,0.007179678161721084-1.7175209011937995E-7i
14,96.53589838486224,-2,1.4359355761310705E-6-3.435041667914644E-11i,0.0071796781617210845-1.7175209011937997E-7i
13.379299893056414,100.00000000000001,-7.000000000000001,1.4359355599713213E-6-3.4350416292573334E-11i,0.007179678161721084-1.7175209011937997E-7i
16.000000000000004,100.00000000000003,-2.0000000000000004,1.435935589403943E-6-3.4350416996659785E-11i,0.007179678161721084-1.7175209011937995E-7i
25.999999999999996,96.53589838486224,-2,1.4359355763251511E-6-3.435041668378928E-11i,0.007179678161721085-1.7175209011938E-7i
30.01423793567505,94.24742020896173,-7,1.4359355294212919E-6-3.4350415561756206E-11i,0.007179678161721086-1.7175209011937992E-7i
27.99999999999999,93.07179676972447,-2,1.4359355513278202E-6-3.435041608580368E-11i,0.0071796781617210845-1.7175209011937997E-7i
30.000000000000004,89.60769515458672,-2,1.435935495774798E-6-3.4350414756865623E-11i,0.0071796781617210845-1.7175209011937997E-7i
20,100,-2,1.4359355882951565E-6-3.435041697013541E-11i,0.007179678161721084-1.7175209011937995E-7i
22,96.53589838486224,-2,1.4359355796258295E-6-3.435041676274797E-11i,0.0071796781617210845-1.7175209011937997E-7i
18.000000000000004,96.53589838486224,-2,1.4359355794708882E-6-3.435041675904145E-11i,0.007179678161721084-1.7175209011937997E-7i
20.015209404868415,100,-7,1.4359355614189592E-6-3.4350416327203716E-11i,0.007179678161721084-1.7175209011937997E-7i
24,100,-2,1.4359355869756255E-6-3.435041693856965E-11i,0.007179678161721084-1.7175209011937995E-7i
26.692929646636596,100,-7,1.435935564233947E-6-3.435041639454377E-11i,0.007179678161721084-1.7175209011937997E-7i
72.08728508701871,69.54074780144661,-7,1.4359290383238194E-6-3.435026028187699E-11i,0.007179678161721086-1.7175209011937995E-7i
69.43417203061944,69.17220948613738,-2,1.4359311132484263E-6-3.435030991817403E-11i,0.0071796781617210845-1.7175209011938E-7i
69.18062594276827,65.8981231947565,-2,1.4359275809369556E-6-3.4350225418303126E-11i,0.0071796781617210845-1.7175209011937997E-7i
65.62262324411512,76.53924814105446,-7,1.4359336762045033E-6-3.435037122914838E-11i,0.007179678161721086-1.7175209011937995E-7i
65.74285257251168,75.65449303438203,-2,1.4359341634191202E-6-3.435038288428479E-11i,0.0071796781617210845-1.7175209011937997E-7i
67.66191502442112,72.23701239860773,-2,1.435932979456252E-6-3.4350354561553234E-11i,0.007179678161721085-1.7175209011938E-7i
64.6957383635517,74.3143526288738,-4.500000000000018,1.4359330234907653E-6-3.435035561494583E-11i,0.007179678161721085-1.7175209011937992E-7i
61.999999999999964,75.75128869403572,-2,1.435934186375853E-6-3.435038343345525E-11i,0.007179678161721084-1.7175209011937997E-7i
63.768853482988305,72.08945711669313,-2,1.4359329104699399E-6-3.435035291126434E-11i,0.0071796781617210845-1.7175209011937997E-7i
67.74260633414431,71.94210463453742,-7,1.4359313075872105E-6-3.4350314567141824E-11i,0.007179678161721086-1.7175209011937995E-7i
65.83488504857223,68.3258233366482,-2,1.4359303448910586E-6-3.4350291537547395E-11i,0.0071796781617210845-1.7175209011938E-7i
71.71746568934309,63.290337703738075,-7,1.4359159327867E-6-3.434994677152987E-11i,0.007179678161721086-1.7175209011937992E-7i
72.31633024555022,63.978392116972614,-2,1.4359243730438747E-6-3.435014867916118E-11i,0.007179678161721084-1.7175209011937995E-7i
68.82314351864648,62.01420574111051,-2,1.4359198448003816E-6-3.4350040354628103E-11i,0.007179678161721085-1.7175209011938E-7i
56.26097307770109,82.40625506657247,-7,1.4359349313475694E-6-3.435040125465084E-11i,0.007179678161721086-1.7175209011937992E-7i
56.00000000000005,79.21539030917344,-2,1.4359348480581205E-6-3.435039926220272E-11i,0.0071796781617210845-1.7175209011937997E-7i
51.99999999999998,79.21539030917346,-2,1.4359348361650457E-6-3.435039897769684E-11i,0.0071796781617210845-1.7175209011937997E-7i
59.831107004627974,72.24347007045037,-2,1.435932973801523E-6-3.435035442628098E-11i,0.007179678161721085-1.7175209011937997E-7i
58.000000000000085,75.75128869403572,-2,1.4359341935009416E-6-3.435038360390141E-11i,0.007179678161721084-1.7175209011937997E-7i
59.308007832848745,76.54735276485026,-7,1.4359336839917229E-6-3.435037141543402E-11i,0.007179678161721085-1.7175209011937992E-7i
56.00000000000009,72.28718707889792,-2,1.4359329687568896E-6-3.4350354305603306E-11i,0.0071796781617210845-1.7175209011937997E-7i
50,82.67949192431121,-2,1.4359351962009476E-6-3.435040759046709E-11i,0.007179678161721084-1.7175209011937995E-7i
49.82712656572381,82.43848076167313,-7,1.4359349276765077E-6-3.435040116683183E-11i,0.007179678161721086-1.7175209011937992E-7i
48.000000000000014,79.21539030917344,-2,1.4359348403618758E-6-3.435039907809332E-11i,0.007179678161721085-1.7175209011938E-7i
39.999999999999986,86.143593539449,-2,1.4359353934142085E-6-3.4350412308198024E-11i,0.0071796781617210845-1.7175209011937997E-7i
40.005755907079696,88.40278998837172,-7,1.4359353797554818E-6-3.4350411981454334E-11i,0.007179678161721086-1.7175209011937995E-7i
36.00000000000002,86.143593539449,-2,1.435935393274622E-6-3.4350412304858864E-11i,0.0071796781617210845-1.7175209011937997E-7i
33.31177540265092,88.37211112688084,-7,1.4359353780426624E-6-3.435041194048024E-11i,0.007179678161721085-1.7175209011937992E-7i
32.00000000000003,86.14359353944897,-2,1.435935393708411E-6-3.435041231523599E-11i,0.007179678161721084-1.7175209011937997E-7i
27.999999999999982,86.14359353944896,-2,1.4359353916984132E-6-3.435041226715281E-11i,0.0071796781617210845-1.7175209011937997E-7i
34.00000000000006,82.67949192431124,-2,1.4359351944414832E-6-3.4350407548377195E-11i,0.0071796781617210845-1.7175209011937997E-7i
43.281426918124005,82.4844023287069,-7,1.4359349359248635E-6-3.435040136414878E-11i,0.007179678161721085-1.7175209011937992E-7i
41.99999999999994,82.67949192431124,-2,1.4359351962936266E-6-3.435040759268414E-11i,0.007179678161721084-1.7175209011937995E-7i
43.99999999999993,79.21539030917344,-2,1.4359348444822382E-6-3.435039917666052E-11i,0.0071796781617210845-1.7175209011937997E-7i
39.99999999999994,79.2153903091735,-2,1.4359348311512463E-6-3.4350398857756833E-11i,0.0071796781617210845-1.7175209011937997E-7i
38,82.67949192431126,-2,1.4359351993752733E-6-3.435040766640323E-11i,0.007179678161721084-1.7175209011937997E-7i
71.30053051363174,56.743484407436036,-7,1.43587434977634E-6-3.434895202374571E-11i,0.007179678161721085-1.7175209011937992E-7i
72.40975592448696,56.28203870887751,-2,1.4358926901594908E-6-3.4349390761954946E-11i,0.007179678161721084-1.7175209011937995E-7i
68.58785914987274,58.138520223939,-2,1.4359047321300675E-6-3.43496788296885E-11i,0.0071796781617210845-1.7175209011937997E-7i
68.93867867281875,54.6626300496862,-2,1.435879049636959E-6-3.4349064453699576E-11i,0.0071796781617210845-1.7175209011937997E-7i
75.52442373235698,53.65607222161678,-2,1.4358673408099054E-6-3.4348784355417426E-11i,0.007179678161721084-1.7175209011937997E-7i
71.90547476513694,53.119567934131695,-2,1.4358612186064817E-6-3.4348637900212846E-11i,0.007179678161721084-1.7175209011937997E-7i
82.62487481528882,50.02309345515362,-7,1.435737523643583E-6-3.434567887225412E-11i,0.007179678161721085-1.7175209011937992E-7i
83.00821019795697,49.931072424345,-2,1.4358055283253424E-6-3.434730567863279E-11i,0.007179678161721084-1.7175209011937995E-7i
80.07192110524626,48.02118916004415,-2,1.435756494041403E-6-3.434613268165933E-11i,0.0071796781617210845-1.7175209011937997E-7i
76.91014823805743,49.450974399539746,-2,1.435794013624206E-6-3.43470302242262E-11i,0.0071796781617210845-1.7175209011937997E-7i
76.929283606824,53.382152140413595,-7,1.4358250938485019E-6-3.434777372461211E-11i,0.007179678161721086-1.7175209011937992E-7i
73.28833714671303,50.20373858942577,-2,1.4358123963275245E-6-3.4347469974817517E-11i,0.0071796781617210845-1.7175209011937997E-7i
82.47707339562994,43.28100919803353,-7,1.4353003294893897E-6-3.4335220324102064E-11i,0.007179678161721085-1.7175209011937992E-7i
82.88777031834277,42.16377758765073,-2,1.4354332093631412E-6-3.4338399073279595E-11i,0.007179678161721084-1.7175209011937995E-7i
86.17693092928886,40.06130088947897,-2,1.4352125357214568E-6-3.433312012367494E-11i,0.0071796781617210845-1.7175209011937997E-7i
79.89444640911296,44.56406297535985,-2,1.435605610581156E-6-3.434252325111405E-11i,0.0071796781617210845-1.7175209011937997E-7i
88.07301056475035,39.855561526811435,-7,1.4347698123310647E-6-3.432252930526608E-11i,0.007179678161721086-1.7175209011937995E-7i
86.14359353944897,36,-2,1.434451494764354E-6-3.43149145200107E-11i,0.0071796781617210845-1.7175209011937997E-7i
78.89083743682005,40.663508879486876,-2,1.4352838458245141E-6-3.433482600226317E-11i,0.0071796781617210845-1.7175209011938E-7i
82.62306197768366,38.06148687069539,-2,1.4348943985273932E-6-3.4325509653289714E-11i,0.007179678161721084-1.7175209011937997E-7i
87.96060431054981,33.084649870387636,-7,1.4321429757522046E-6-3.4259690183141305E-11i,0.007179678161721085-1.7175209011937992E-7i
86.14359353944899,31.999999999999986,-2,1.4329963750556485E-6-3.4280105180968693E-11i,0.007179678161721084-1.7175209011937997E-7i
82.65101562367292,34.03392318006546,-2,1.4338755365548971E-6-3.430113646143099E-11i,0.0071796781617210845-1.7175209011937997E-7i
93.07179676972447,24.000000000000004,-2,1.4239737183731314E-6-3.4064265402534885E-11i,0.007179678161721084-1.7175209011937995E-7i
89.67639668191251,22.129655643868585,-2,1.419237565635552E-6-3.395096726945964E-11i,0.0071796781617210845-1.7175209011937997E-7i
89.60769515458674,26.00000000000001,-2,1.4275476547077568E-6-3.4149761022477597E-11i,0.007179678161721084-1.7175209011937997E-7i
94.09860925290387,23.546426529194246,-7,1.415849763174529E-6-3.386992433961155E-11i,0.007179678161721086-1.7175209011937992E-7i
93.24644157109947,20.092013416352412,-2,1.4122694654482722E-6-3.378427654260963E-11i,0.0071796781617210845-1.7175209011937997E-7i
86.143593539449,28.000000000000014,-2,1.4299708019471344E-6-3.4207727493070806E-11i,0.007179678161721085-1.7175209011938E-7i
88.4412968589418,26.704025177358762,-7,1.4244372424937426E-6-3.407535381551699E-11i,0.007179678161721086-1.7175209011937995E-7i
86.06144230724385,24.138727526869996,-2,1.424305389132794E-6-3.407219962255428E-11i,0.0071796781617210845-1.7175209011937997E-7i
94.32571353333807,17.078010241089963,-7,1.3742618115143461E-6-3.2875058349726054E-11i,0.007179678161721086-1.7175209011937992E-7i
93.28043225648355,16.366610633586994,-2,1.3908885363746298E-6-3.3272802466143224E-11i,0.007179678161721084-1.7175209011937997E-7i
96.54427908833634,14.019843006553813,-2,1.3680925701621624E-6-3.2727477904917564E-11i,0.0071796781617210845-1.7175209011937997E-7i
89.63012228657198,18.239699325287624,-2,1.4034513133800456E-6-3.357332891869199E-11i,0.0071796781617210845-1.7175209011937997E-7i
93.43287132952689,12.348163552610949,-2,1.3434553777169193E-6-3.213810757356976E-11i,0.0071796781617210845-1.7175209011937997E-7i
100.00000000000001,13.379276888927995,-7,1.3186425442681515E-6-3.1544535562315677E-11i,0.0071796781617210845-1.7175209011938E-7i
100,12,-2,1.338414892643381E-6-3.201752920959644E-11i,0.007179678161721084-1.7175209011937995E-7i
96.47243902174907,10.348334318353963,-2,1.3041793579881375E-6-3.119854756432679E-11i,0.0071796781617210845-1.7175209011937997E-7i
100,9.338346810004907,-4.5,1.2207340401767519E-6-2.920237065751321E-11i,0.007179678161721084-1.7175209011937997E-7i
100.00000000000003,8,-2,1.2337783500179107E-6-2.951441632709887E-11i,0.007179678161721084-1.7175209011937995E-7i
100.00000000000003,4.000000000000001,-2.0000000000000004,9.614790822652039E-7-2.3000479724222967E-11i,0.007179678161721084-1.7175209011937995E-7i
96.32280705901093,6.241648835329364,-2,1.149322435631478E-6-2.7494063953067692E-11i,0.007179678161721086-1.7175209011937995E-7i
99.99999999999999,6.676693620009825,-7,1.077731611482431E-6-2.5781469961525835E-11i,0.007179678161721084-1.7175209011937997E-7i
8.073467755975164,96.12411259093402,-4.499999999999996,1.4359355599265319E-6-3.435041629150185E-11i,0.007179678161721086-1.7175209011937992E-7i
8.019275171328374,93.46576712249883,-2,1.435935556399406E-6-3.4350416207126094E-11i,0.0071796781617210845-1.7175209011937997E-7i
5.06464569528768,95.66172902316274,-7,1.4359355466105169E-6-3.43504159729565E-11i,0.007179678161721085-1.7175209011937997E-7i
3.030193374083076,97.39252805908856,-2,1.4359355821141656E-6-3.435041682227395E-11i,0.007179678161721084-1.7175209011937997E-7i
0,100,-7,1.4359355640418431E-6-3.435041638994825E-11i,0.007179678161721084-1.7175209011937995E-7i
0,100,-2,1.435935588728805E-6-3.43504169805092E-11i,0.007179678161721084-1.7175209011937995E-7i
0,96,-2,1.4359355779853567E-6-3.4350416723504674E-11i,0.007179678161721084-1.7175209011937995E-7i
3.7058133897721888,93.85813431276057,-2,1.4359355590678577E-6-3.4350416270960714E-11i,0.007179678161721086-1.7175209011937995E-7i
12.043930284732625,93.18810966228159,-2,1.4359355530449855E-6-3.435041612688168E-11i,0.007179678161721085-1.7175209011938E-7i
10.1362686930187,95.14677912525927,-7,1.4359355456032276E-6-3.435041594886017E-11i,0.007179678161721086-1.7175209011937992E-7i
16.855027413785038,94.42530999792618,-7,1.4359355299930344E-6-3.435041557543344E-11i,0.007179678161721085-1.7175209011937992E-7i
15.976872940184691,93.07612381559306,-2,1.4359355550458975E-6-3.435041617474745E-11i,0.007179678161721084-1.7175209011937997E-7i
20.00000000000001,93.0717967697245,-2,1.4359355533264778E-6-3.4350416133615535E-11i,0.0071796781617210845-1.7175209011937997E-7i
17.91590470654647,89.67758679494773,-2,1.4359355004831E-6-3.435041486949751E-11i,0.0071796781617210845-1.7175209011937997E-7i
26.677351787022154,88.45093118439381,-7,1.435935382232509E-6-3.435041204070966E-11i,0.007179678161721085-1.7175209011937992E-7i
25.999999999999986,89.60769515458674,-2,1.435935498459801E-6-3.435041482109619E-11i,0.007179678161721084-1.7175209011937995E-7i
23.999999999999996,93.0717967697245,-2,1.4359355521865824E-6-3.435041610634697E-11i,0.007179678161721084-1.7175209011937997E-7i
23.999999999999993,86.143593539449,-2,1.4359353948090462E-6-3.43504123415653E-11i,0.0071796781617210845-1.7175209011937997E-7i
22.000000000000004,89.60769515458674,-2,1.435935495589631E-6-3.435041475243608E-11i,0.0071796781617210845-1.7175209011937997E-7i
23.354069525752507,94.25523038351668,-7,1.435935530992001E-6-3.43504155993307E-11i,0.007179678161721086-1.7175209011937992E-7i
10.057051859781104,89.74586888912103,-2,1.4359354982417437E-6-3.435041481587982E-11i,0.007179678161721085-1.7175209011937997E-7i
66.73794025684097,66.7338867096824,-7,1.4359248629419028E-6-3.4350160398490097E-11i,0.007179678161721086-1.7175209011937992E-7i
65.64946139925631,64.0492129052929,-2,1.435924597693142E-6-3.435015405321558E-11i,0.0071796781617210845-1.7175209011937997E-7i
62.78830343939167,65.79020861956407,-2,1.435927426849479E-6-3.435022173222613E-11i,0.007179678161721084-1.7175209011937997E-7i
62.799596621534754,71.32157982157892,-7,1.4359307931885947E-6-3.435030226171039E-11i,0.007179678161721086-1.7175209011937995E-7i
61.652148175891426,68.8116520347686,-2,1.4359308223568252E-6-3.4350302959472076E-11i,0.0071796781617210845-1.7175209011937997E-7i
57.847457076489036,68.79450573399367,-2,1.4359308046208775E-6-3.435030253519316E-11i,0.0071796781617210845-1.7175209011937997E-7i
64.31724083505348,69.82370157911356,-4.499999999999968,1.4359299105883332E-6-3.4350281148167916E-11i,0.007179678161721086-1.7175209011937992E-7i
65.98561718776776,60.22386365431671,-7,1.4359022778965579E-6-3.434962011957283E-11i,0.007179678161721086-1.7175209011937992E-7i
65.34091116249685,60.13109406890955,-2,1.4359136311143218E-6-3.434989171097804E-11i,0.007179678161721084-1.7175209011937995E-7i
61.868662243650824,62.25058849553401,-2,1.4359206573781284E-6-3.4350059793093596E-11i,0.0071796781617210845-1.7175209011938E-7i
64.6735401245313,55.913429348948966,-2,1.4358894845838753E-6-3.434931407825137E-11i,0.0071796781617210845-1.7175209011938E-7i
62.3253739623694,58.879956542635796,-2,1.435908265263751E-6-3.4349763349228386E-11i,0.007179678161721084-1.7175209011937997E-7i
54.00000000000001,75.75128869403568,-2,1.4359341945256198E-6-3.435038362841373E-11i,0.007179678161721084-1.7175209011937995E-7i
52.96892660827012,76.64972855976643,-7,1.4359337213167326E-6-3.435037230832196E-11i,0.007179678161721085-1.7175209011937992E-7i
50,75.75128869403571,-2,1.435934200696158E-6-3.4350383776025196E-11i,0.0071796781617210845-1.7175209011937997E-7i
51.99999999999997,72.28718707889794,-2,1.4359329877126328E-6-3.4350354759062154E-11i,0.0071796781617210845-1.7175209011937997E-7i
56.03398356993076,70.64366161085695,-7,1.4359301866689338E-6-3.4350287752561445E-11i,0.007179678161721086-1.7175209011937995E-7i
54.00000000000002,68.82308546376014,-2,1.4359308279901855E-6-3.435030309423315E-11i,0.0071796781617210845-1.7175209011937997E-7i
55.69159868783234,65.26590613965523,-2,1.435926624523839E-6-3.4350202539011305E-11i,0.0071796781617210845-1.7175209011937997E-7i
46.47108126036291,76.60901415480691,-7,1.4359337226517565E-6-3.435037234025843E-11i,0.007179678161721086-1.7175209011937992E-7i
45.99999999999997,75.75128869403567,-2,1.4359341911737971E-6-3.435038354823151E-11i,0.007179678161721084-1.7175209011937995E-7i
41.999999999999886,75.75128869403572,-2,1.435934201577081E-6-3.435038379709868E-11i,0.0071796781617210845-1.7175209011937997E-7i
48.00000000000002,72.28718707889792,-2,1.4359329909130222E-6-3.435035483562184E-11i,0.0071796781617210845-1.7175209011937997E-7i
43.99999999999988,72.28718707889792,-2,1.4359329670380495E-6-3.435035426448532E-11i,0.007179678161721084-1.7175209011937997E-7i
36.50509144870411,82.54263745767179,-7,1.435934947193103E-6-3.435040163370736E-11i,0.007179678161721086-1.7175209011937992E-7i
36.00000000000006,79.2153903091735,-2,1.4359348474769198E-6-3.435039924829917E-11i,0.0071796781617210845-1.7175209011937997E-7i
32.000000000000085,79.21539030917344,-2,1.4359348336921328E-6-3.435039891853982E-11i,0.0071796781617210845-1.7175209011937997E-7i
25.999999999999954,82.67949192431122,-2,1.4359351976529717E-6-3.435040762520236E-11i,0.007179678161721085-1.7175209011938E-7i
30.000000000000018,82.67949192431118,-2,1.4359351989206825E-6-3.4350407655528537E-11i,0.007179678161721084-1.7175209011937995E-7i
29.506037226892435,82.67833076491368,-7,1.4359349613690937E-6-3.435040197282504E-11i,0.007179678161721086-1.7175209011937992E-7i
27.998639028190066,79.17188316902931,-2,1.4359348360457483E-6-3.435039897484294E-11i,0.0071796781617210845-1.7175209011937997E-7i
38,75.75128869403578,-2,1.4359342001351668E-6-3.4350383762605205E-11i,0.0071796781617210845-1.7175209011937997E-7i
39.87645451680788,76.68733281546422,-7,1.4359337364047327E-6-3.43503726692568E-11i,0.007179678161721086-1.7175209011937995E-7i
40.01026616105316,72.17625421139263,-2,1.4359329247979934E-6-3.4350353254019657E-11i,0.0071796781617210845-1.7175209011937997E-7i
65.52372559957512,53.620262076249425,-7,1.435830573679463E-6-3.434790481299803E-11i,0.0071796781617210845-1.7175209011937992E-7i
65.86674755051556,51.5510007229004,-2,1.435838351634096E-6-3.434809087704365E-11i,0.007179678161721084-1.7175209011937997E-7i
61.64576898780929,53.257146663567504,-2,1.4358628477133624E-6-3.4348676871668875E-11i,0.0071796781617210845-1.7175209011937997E-7i
69.76427999887878,51.17506732890592,-2,1.435830617340225E-6-3.4347905857449706E-11i,0.0071796781617210845-1.7175209011937997E-7i
68.15129636153172,48.72286609589914,-2,1.4357739019938629E-6-3.4346549114283766E-11i,0.007179678161721084-1.7175209011937997E-7i
71.12946135253587,47.89740749979226,-2,1.4357514635172545E-6-3.434601234158031E-11i,0.007179678161721085-1.7175209011938E-7i
71.16878696583194,50.194325664214134,-7,1.4357436041882781E-6-3.4345824330899674E-11i,0.007179678161721085-1.7175209011937992E-7i
74.6593206507335,46.75078223221203,-2,1.4357076822392281E-6-3.434496500688934E-11i,0.0071796781617210845-1.7175209011937997E-7i
76.81846449876744,46.759235558991314,-7,1.4355855679539197E-6-3.4342043791862305E-11i,0.007179678161721085-1.7175209011937992E-7i
77.61305557456292,46.517165707967024,-2,1.4356999276254791E-6-3.4344779501203765E-11i,0.0071796781617210845-1.7175209011937995E-7i
76.51267300477906,43.8531040759026,-2,1.4355602654733252E-6-3.434143850652371E-11i,0.0071796781617210845-1.7175209011937997E-7i
73.75812438362448,44.428398019431945,-4.000000000000011,1.435477415870775E-6-3.433945658030317E-11i,0.007179678161721086-1.7175209011937995E-7i
68.75063002349589,48.52747898716829,-4.500000000000018,1.4357017131500646E-6-3.434482221448044E-11i,0.007179678161721085-1.7175209011938E-7i
68.28896923801206,45.52147951634498,-2,1.435655111111169E-6-3.434370740161502E-11i,0.0071796781617210845-1.7175209011937997E-7i
72.56991857308739,43.95861898158122,-2,1.435567541719069E-6-3.4341612568701206E-11i,0.007179678161721084-1.7175209011937997E-7i
75.10204553840087,41.24103507333648,-2,1.435342560958564E-6-3.4336230584302616E-11i,0.007179678161721084-1.7175209011937997E-7i
72.19222597143954,39.862536321434774,-2,1.4351799582197157E-6-3.433234080545357E-11i,0.007179678161721085-1.7175209011938E-7i
76.51827740652547,40.0973041718187,-7,1.434816849516424E-6-3.4323654527694864E-11i,0.007179678161721085-1.7175209011937992E-7i
75.59615949674662,38.01916638394475,-2,1.4349057782237571E-6-3.4325781878115286E-11i,0.0071796781617210845-1.7175209011937997E-7i
82.23202131856657,36.23109752791901,-7,1.4337355657187694E-6-3.4297788082420253E-11i,0.007179678161721086-1.7175209011937992E-7i
79.2241998832055,36.135845969357106,-2,1.4344912341626699E-6-3.431586516495151E-11i,0.0071796781617210845-1.7175209011937997E-7i
79.10200174374825,32.10321859425841,-2,1.4330309840205762E-6-3.428093309580401E-11i,0.007179678161721085-1.7175209011938E-7i
82.23129182111771,29.118833943597384,-7,1.4283439709669105E-6-3.4168810481077945E-11i,0.007179678161721086-1.7175209011937992E-7i
82.59077971273695,30.04769946068106,-2,1.4317506238048131E-6-3.425030434919316E-11i,0.007179678161721084-1.7175209011937995E-7i
82.59620222575921,26.056053642080382,-2,1.4275932665515398E-6-3.4150852147919094E-11i,0.0071796781617210845-1.7175209011937997E-7i
79.15844607940383,28.104708911034784,-2,1.4301064679460123E-6-3.4210972891867315E-11i,0.0071796781617210845-1.7175209011937997E-7i
85.99730236841155,20.33860693402738,-2,1.4134313404006668E-6-3.381207088756994E-11i,0.0071796781617210845-1.7175209011937997E-7i
89.10773222264976,20.514808221378647,-7,1.402007036019105E-6-3.353877895003517E-11i,0.007179678161721086-1.7175209011937995E-7i
82.91685502956949,22.22171300487774,-2,1.4196751799992994E-6-3.396143586985464E-11i,0.007179678161721084-1.7175209011937997E-7i
84.58000959821865,23.34866448886009,-7,1.4151953507531282E-6-3.3854269501240826E-11i,0.007179678161721086-1.7175209011937995E-7i
83.27244006334682,19.132502142388585,-2,1.4076145403135776E-6-3.367292153431755E-11i,0.007179678161721084-1.7175209011937997E-7i
85.92908253164094,16.406133482006062,-2,1.3909144009475627E-6-3.327342119784139E-11i,0.0071796781617210845-1.7175209011938E-7i
89.35213621753122,15.379508775062469,-7,1.35272969044566E-6-3.235996746195233E-11i,0.007179678161721086-1.7175209011937995E-7i
89.6232846553614,14.544787251199182,-2,1.3737945410339708E-6-3.286388031641482E-11i,0.007179678161721084-1.7175209011937995E-7i
87.00203307667864,12.879368551073334,-2,1.3517786162651508E-6-3.2337215888040293E-11i,0.007179678161721084-1.7175209011937997E-7i
89.86638568048855,10.39097468794823,-2,1.306455914642462E-6-3.125300729843301E-11i,0.007179678161721085-1.7175209011937997E-7i
93.64279972902645,9.291682438578519,-2,1.2769470655660179E-6-3.0547097313091576E-11i,0.0071796781617210845-1.7175209011937995E-7i
93.71947479275417,10.053181640946129,-7,1.2285159167925534E-6-2.938852852471973E-11i,0.0071796781617210845-1.717520901193799E-7i
91.79234642946227,6.280521556597222,-2,1.148343781419566E-6-2.7470652610300775E-11i,0.0071796781617210845-1.7175209011937997E-7i
97.13755589968954,2.542985919784954,-2,7.505000962395175E-7-1.795344544149228E-11i,0.007179678161721084-1.7175209011937997E-7i
95.21786733762454,4.214041583932797,-7,9.136320291662188E-7-2.1855883658675392E-11i,0.007179678161721086-1.7175209011937995E-7i
93.76889297913891,2.8450812921929938,-2,8.098033469284325E-7-1.9372096393146226E-11i,0.0071796781617210845-1.7175209011937997E-7i
96,0,-2,0,0.007179678161721084-1.7175209011937995E-7i
100,0,-7,7.792808997701707E-7-1.8641939138613645E-11i,0.007179678161721084-1.7175209011937995E-7i
100,0,-2,0,0.007179678161721084-1.7175209011937995E-7i
91.73536289120031,3.733067129948809,-4.499999999999998,8.910787037097928E-7-2.131636354384126E-11i,0.007179678161721086-1.7175209011937992E-7i
6.347297981494599,90.69797948964755,-2,1.435935518541306E-6-3.4350415301485474E-11i,0.0071796781617210845-1.7175209011937995E-7i
6.246538819676658,89.88355131484327,-7,1.4359354343183437E-6-3.435041328670579E-11i,0.0071796781617210845-1.717520901193799E-7i
6.591381995455009,87.73445955023965,-2,1.4359354496609468E-6-3.435041365373118E-11i,0.0071796781617210845-1.7175209011937997E-7i
3.3304672561680206,89.54610093239813,-2,1.435935495505872E-6-3.4350414750432355E-11i,0.0071796781617210845-1.7175209011937997E-7i
3.337460863189605,85.9100934703703,-2,1.4359353772349214E-6-3.4350411921157514E-11i,0.0071796781617210845-1.7175209011937997E-7i
0,93.32330637996587,-7.000000000000001,1.4359355158555125E-6-3.4350415237236023E-11i,0.007179678161721084-1.7175209011937997E-7i
0,91.99999999999999,-2,1.4359355396982175E-6-3.4350415807600676E-11i,0.007179678161721084-1.7175209011937995E-7i
0,90.66165318998293,-4.5,1.4359354790652196E-6-3.435041435713955E-11i,0.007179678161721084-1.7175209011937997E-7i
0,88,-1.9999999999999998,1.4359354546324606E-6-3.435041377265962E-11i,0.007179678161721084-1.7175209011937995E-7i
14.052786398895321,89.82558544073798,-2,1.4359355016146209E-6-3.435041489656573E-11i,0.007179678161721084-1.7175209011937995E-7i
13.55231948810058,88.50900235661553,-7,1.435935387351257E-6-3.435041216316028E-11i,0.007179678161721084-1.7175209011937992E-7i
13.002578012893686,87.05034665566991,-2,1.4359354245889344E-6-3.43504130539591E-11i,0.007179678161721084-1.7175209011937997E-7i
9.961260820849404,85.1888862668652,-2,1.4359353453877334E-6-3.4350411159309837E-11i,0.007179678161721085-1.7175209011938E-7i
21.967785504392776,82.73122765095474,-2,1.4359352032663628E-6-3.4350407759485785E-11i,0.007179678161721084-1.7175209011937995E-7i
22.77394730985872,82.68033975067672,-7,1.4359349626108106E-6-3.4350402002529346E-11i,0.007179678161721085-1.7175209011937992E-7i
20.06037883617556,86.25131009892705,-2,1.435935398605166E-6-3.435041243237599E-11i,0.007179678161721084-1.7175209011937997E-7i
23.898227250458262,79.24850514016556,-2,1.4359348454604598E-6-3.435039920006146E-11i,0.007179678161721085-1.7175209011938E-7i
18.140058631911923,83.12412665925297,-2,1.435935227694728E-6-3.4350408343860557E-11i,0.007179678161721085-1.7175209011938E-7i
16.11839096118039,86.92455763901998,-2,1.4359354223858388E-6-3.435041300125667E-11i,0.0071796781617210845-1.7175209011937997E-7i
14.043319878006088,83.65620271132275,-2,1.4359352596816046E-6-3.435040910904988E-11i,0.0071796781617210845-1.7175209011938E-7i
19.46140351560838,88.02282440436869,-7,1.43593536706167E-6-3.435041167779323E-11i,0.007179678161721086-1.7175209011937992E-7i
11.549833146866288,82.34950439041822,-4.27825126262625,1.4359349976829179E-6-3.435040284152352E-11i,0.007179678161721085-1.7175209011937992E-7i
10.044173812543193,81.69647710422946,-2,1.4359351189799553E-6-3.435040574318831E-11i,0.007179678161721084-1.7175209011937997E-7i
6.6761332950895635,83.64610821373893,-2,1.4359352623336358E-6-3.4350409172491676E-11i,0.0071796781617210845-1.7175209011937997E-7i
9.987857067807028,84.39997023249104,-7,1.4359351286429821E-6-3.435040597434704E-11i,0.007179678161721086-1.7175209011937995E-7i
19.605582487116255,79.15837120292335,-2,1.4359348296449E-6-3.435039882172205E-11i,0.007179678161721084-1.7175209011937997E-7i
12.822750647255532,79.58380706192627,-2,1.435934888938771E-6-3.435040024014858E-11i,0.007179678161721085-1.7175209011938E-7i
16.13957533507842,80.69495006009208,-2,1.4359350169683419E-6-3.435040330286897E-11i,0.0071796781617210845-1.7175209011938E-7i
15.923954859222775,77.99047387223126,-2,1.4359346554434689E-6-3.4350394654479535E-11i,0.007179678161721084-1.7175209011937997E-7i
18.97226042299313,78.28980352882746,-4.119221056721064,1.4359343715511274E-6-3.43503878632137E-11i,0.0071796781617210845-1.7175209011937992E-7i
22.143136969430746,75.68872667309057,-2,1.4359341701523875E-6-3.435038304535784E-11i,0.007179678161721085-1.7175209011937997E-7i
21.382895445621052,77.80305860357024,-7,1.4359340634221721E-6-3.435038049216018E-11i,0.0071796781617210845-1.7175209011938E-7i
59.90968868751818,64.29104740306622,-7,1.4359191333639708E-6-3.4350023335663175E-11i,0.007179678161721084-1.7175209011937992E-7i
59.75434191962237,65.58432640287899,-2,1.435927094532226E-6-3.435021378254072E-11i,0.007179678161721084-1.7175209011937995E-7i
57.598394454357305,62.13750072065809,-2,1.4359201867552942E-6-3.435004853486535E-11i,0.0071796781617210845-1.7175209011937997E-7i
58.905809297573,59.31168504407408,-2,1.4359101040739736E-6-3.4349807337202757E-11i,0.007179678161721085-1.7175209011938E-7i
60.3899650618246,56.777255360374596,-7,1.4358746322283027E-6-3.4348958780554835E-11i,0.0071796781617210845-1.7175209011937992E-7i
60.78587339701386,56.49001947369345,-2,1.435894193283958E-6-3.434942671966268E-11i,0.007179678161721084-1.7175209011937995E-7i
57.8616303616498,56.93929874107687,-2,1.4358974102333125E-6-3.434950367544851E-11i,0.007179678161721084-1.7175209011937997E-7i
49.565728719826865,70.79302981781477,-7,1.4359303376646292E-6-3.435029136467692E-11i,0.007179678161721086-1.7175209011937995E-7i
50.00000000000001,68.8230854637602,-2,1.4359308561529405E-6-3.435030376794198E-11i,0.0071796781617210845-1.7175209011937997E-7i
45.999999999999964,68.82308546376012,-2,1.4359308198265707E-6-3.435030289894342E-11i,0.0071796781617210845-1.7175209011937997E-7i
52.664430101906234,64.88298798950215,-7,1.4359207841755492E-6-3.435006282633848E-11i,0.007179678161721085-1.7175209011937992E-7i
51.99999999999997,65.35898384862242,-2,1.4359267794120186E-6-3.435020624424262E-11i,0.007179678161721084-1.7175209011937995E-7i
50.00000000000003,61.89488223348467,-2,1.4359193520769013E-6-3.435002856770871E-11i,0.0071796781617210845-1.7175209011937997E-7i
48.00000000000005,65.35898384862239,-2,1.4359268152009635E-6-3.435020710038492E-11i,0.007179678161721084-1.7175209011937997E-7i
53.62680362054654,61.80699322501679,-2,1.4359193244562497E-6-3.435002790696815E-11i,0.0071796781617210845-1.7175209011937997E-7i
43.11746237618824,70.80940323613797,-7,1.4359303583216581E-6-3.4350291858833896E-11i,0.007179678161721085-1.7175209011937992E-7i
41.938150523163955,68.53672612991583,-2,1.4359305903680982E-6-3.4350297409843275E-11i,0.007179678161721084-1.7175209011937997E-7i
44.07124244243582,65.20523548626048,-2,1.4359265073997462E-6-3.4350199737171524E-11i,0.0071796781617210845-1.7175209011937997E-7i
38.13151793500801,68.6531208520067,-2,1.435930677438108E-6-3.4350299492729966E-11i,0.0071796781617210845-1.7175209011937997E-7i
33.33754949867709,76.77299814505382,-7,1.4359337733916326E-6-3.435037355405652E-11i,0.007179678161721085-1.7175209011937992E-7i
34.062033364998115,75.65014528755042,-2,1.4359341721780317E-6-3.4350383093815223E-11i,0.007179678161721084-1.7175209011937995E-7i
36.04130930328983,72.06658694638892,-2,1.4359328666158288E-6-3.4350351862187257E-11i,0.007179678161721084-1.7175209011937997E-7i
29.96922510246705,75.63055027943795,-2,1.4359341727084776E-6-3.435038310650454E-11i,0.0071796781617210845-1.7175209011937997E-7i
26.482370889404116,77.69223353628192,-7,1.4359340422705878E-6-3.435037998617247E-11i,0.007179678161721086-1.7175209011937992E-7i
26.013766017455772,75.76964875495167,-2,1.4359342049160592E-6-3.435038387697357E-11i,0.007179678161721084-1.7175209011937997E-7i
32.153633793454034,72.16567964647824,-2,1.4359329316381637E-6-3.435035341765004E-11i,0.0071796781617210845-1.7175209011937997E-7i
27.81438543948571,71.98711892194926,-2,1.43593281515493E-6-3.435035063114091E-11i,0.0071796781617210845-1.7175209011938E-7i
36.54248135958789,70.81161672517062,-7,1.4359303448579741E-6-3.4350291536755906E-11i,0.007179678161721086-1.7175209011937992E-7i
34.00427545552663,68.29261505310359,-2,1.4359303204776535E-6-3.435029095353048E-11i,0.0071796781617210845-1.7175209011938E-7i
36.528298996305416,65.82510308022695,-2,1.4359274554711333E-6-3.435022241691268E-11i,0.007179678161721084-1.7175209011937997E-7i
58.78834955133567,54.72477259014704,-2,1.435879674109318E-6-3.434907939231245E-11i,0.007179678161721085-1.7175209011937997E-7i
61.811642468312606,49.711194258860495,-2,1.4358008365912442E-6-3.434719344308134E-11i,0.007179678161721085-1.7175209011938E-7i
60.021422576012796,51.02575815354607,-7,1.4357688919615503E-6-3.434642926441002E-11i,0.007179678161721086-1.7175209011937992E-7i
58.17584824968834,51.639615913030156,-2,1.4358389488714164E-6-3.4348105164140584E-11i,0.007179678161721084-1.7175209011937997E-7i
58.562651987612384,48.18678203905775,-2,1.4357583499684052E-6-3.434617707910091E-11i,0.0071796781617210845-1.7175209011937997E-7i
55.39538005097811,50.20028799002285,-2,1.4358120100848577E-6-3.434746073512963E-11i,0.0071796781617210845-1.7175209011937997E-7i
65.30395534753706,47.641167386708524,-2,1.4357415111924876E-6-3.4345774262304155E-11i,0.007179678161721084-1.7175209011937995E-7i
65.06845079745783,47.41879310090462,-7,1.43562310959678E-6-3.434294186214942E-11i,0.0071796781617210845-1.7175209011937992E-7i
62.08594196496748,45.966198850910494,-2,1.4356768483056584E-6-3.434422739826428E-11i,0.007179678161721084-1.7175209011937997E-7i
70.91006987414377,43.66963061503578,-7,1.4353340836898297E-6-3.433602779128168E-11i,0.007179678161721085-1.7175209011937992E-7i
65.68571538076675,43.99940551228653,-2,1.435572282161351E-6-3.4341725969448674E-11i,0.0071796781617210845-1.7175209011937997E-7i
62.12002368250237,42.54125984283025,-2,1.4354597358922749E-6-3.433903364027829E-11i,0.0071796781617210845-1.7175209011937997E-7i
68.72474241545733,41.81846535513531,-2,1.4354063000803284E-6-3.433775535005657E-11i,0.0071796781617210845-1.7175209011937997E-7i
68.86826173136399,38.32115058224274,-2,1.4349439632013572E-6-3.43266953382407E-11i,0.007179678161721084-1.7175209011937997E-7i
65.92049228737812,37.24543843944933,-2,1.4347479963887206E-6-3.432200742481253E-11i,0.007179678161721084-1.7175209011937997E-7i
70.74828789303878,37.06419592766467,-7,1.4340384295024052E-6-3.430503318264467E-11i,0.007179678161721085-1.7175209011937992E-7i
68.37486800498702,34.26097147532573,-2,1.4339568532384053E-6-3.4303081717198674E-11i,0.0071796781617210845-1.7175209011938E-7i
72.13561473231555,36.181600226841006,-2,1.4345156090181343E-6-3.4316448259663816E-11i,0.007179678161721084-1.7175209011937997E-7i
72.20141487839268,32.28505071732589,-2,1.4330908644090445E-6-3.428236555303188E-11i,0.0071796781617210845-1.7175209011937997E-7i
76.46311526814442,33.27873721411457,-7,1.4322505642287953E-6-3.426226391211782E-11i,0.007179678161721086-1.7175209011937992E-7i
75.64869070897325,34.208263669394015,-2,1.4339095452554212E-6-3.43019500167556E-11i,0.007179678161721084-1.7175209011937995E-7i
75.80059047818399,30.18097795518911,-2,1.4318586387382135E-6-3.4252888279859375E-11i,0.0071796781617210845-1.7175209011937997E-7i
76.0121601175471,26.921636049889788,-2,1.4287565039381553E-6-3.417867908499841E-11i,0.0071796781617210845-1.7175209011937995E-7i
78.54344227080489,23.80196244247848,-2,1.4234615931230683E-6-3.405201435449065E-11i,0.007179678161721084-1.7175209011937997E-7i
76.17890643971643,27.475098742065118,-7,1.4259030992914165E-6-3.411042000694578E-11i,0.007179678161721086-1.7175209011937995E-7i
72.20794300334362,27.933802916260007,-2,1.4299789938841821E-6-3.420792346039389E-11i,0.0071796781617210845-1.7175209011938E-7i
74.10128776979185,23.966816789094405,-2,1.423898892319055E-6-3.406247541544998E-11i,0.0071796781617210845-1.7175209011937997E-7i
79.18499863063863,22.950940920346575,-7,1.4136283335985796E-6-3.3816783354162326E-11i,0.007179678161721085-1.7175209011937992E-7i
80.02516116606844,19.741342994176563,-2,1.4110036565619217E-6-3.375399589255463E-11i,0.007179678161721085-1.7175209011938E-7i
76.14280538894134,20.285418072832858,-2,1.4129626460843762E-6-3.3800858793289847E-11i,0.0071796781617210845-1.7175209011937997E-7i
83.06520432256036,17.27627196793611,-7,1.3759381713280854E-6-3.2915160189295493E-11i,0.007179678161721085-1.7175209011937992E-7i
81.68284116993638,16.118398171039523,-2,1.388545160244107E-6-3.321674427811761E-11i,0.007179678161721084-1.7175209011937997E-7i
83.72967444119841,13.03927084256945,-2,1.3547359569654267E-6-3.240796132189216E-11i,0.007179678161721085-1.7175209011938E-7i
78.08265446912831,16.749005842838095,-2,1.3934678663206521E-6-3.333450513572787E-11i,0.007179678161721084-1.7175209011937997E-7i
79.7884485826385,15.3658474121845,-3.666666666666669,1.3657335669678322E-6-3.267104588664341E-11i,0.007179678161721085-1.7175209011937997E-7i
79.83749652467806,13.292376004767732,-2,1.3578237381522966E-6-3.248182714995999E-11i,0.007179678161721084-1.7175209011937997E-7i
86.0480737915241,10.357009864079942,-7,1.2388717181044021E-6-2.9636259757249593E-11i,0.007179678161721086-1.7175209011937992E-7i
85.77363096953897,9.823248639732505,-2,1.2912145102015406E-6-3.0888402784119307E-11i,0.007179678161721084-1.7175209011937995E-7i
87.75296718557766,6.6916265218805435,-2,1.1728613118151036E-6-2.8057160388943287E-11i,0.007179678161721085-1.7175209011938E-7i
81.86164006087485,10.002614432174106,-2,1.2960817203720892E-6-3.1004836069987043E-11i,0.0071796781617210845-1.7175209011937997E-7i
83.88998695784154,6.698353085527614,-2,1.1737720534466617E-6-2.8078947128579172E-11i,0.007179678161721084-1.7175209011937997E-7i
89.9401149735074,3.2597100040252798,-2,8.736248226646178E-7-2.089883221685413E-11i,0.007179678161721085-1.7175209011938E-7i
91.99999999999997,0,-2,0,0.007179678161721084-1.7175209011937995E-7i
89.70183280326175,4.621052967704685,-7,9.507113587691726E-7-2.2742894499006124E-11i,0.007179678161721086-1.7175209011937992E-7i
86.00000000000001,3.464101615137757,-2,8.970394231529867E-7-2.1458955732505372E-11i,0.0071796781617210845-1.7175209011937997E-7i
93.3232960935962,0,-7,7.910201921364523E-7-1.8922766211222716E-11i,0.007179678161721084-1.7175209011937997E-7i
90.6616480467981,0,-4.5,6.653413568526207E-7-1.5916280104526087E-11i,0.007179678161721084-1.7175209011937997E-7i
88.00000000000001,0,-2,0,0.007179678161721084-1.7175209011937995E-7i
7.89227463413025,81.6643094354426,-4.499999999999992,1.4359349027696807E-6-3.435040057101128E-11i,0.007179678161721086-1.7175209011937995E-7i
6.928203230275507,80,-2,1.4359349479571677E-6-3.435040165198531E-11i,0.007179678161721085-1.7175209011938E-7i
3.464101615137764,82,-2,1.4359351450834416E-6-3.435040636763533E-11i,0.007179678161721084-1.7175209011937997E-7i
4.471192118894535,82.76105172634998,-7,1.435934973807769E-6-3.4350402270382726E-11i,0.007179678161721085-1.7175209011937992E-7i
0,84,-2,1.4359352863951156E-6-3.435040974808985E-11i,0.007179678161721084-1.7175209011937995E-7i
0,86.62072311103276,-7,1.4359352910795132E-6-3.435040986014992E-11i,0.007179678161721084-1.7175209011937997E-7i
3.464101615137757,78.00000000000001,-2,1.4359346485357585E-6-3.435039448923343E-11i,0.0071796781617210845-1.7175209011937997E-7i
15.940433097231391,81.12462860262028,-7,1.4359347471424814E-6-3.435039684810116E-11i,0.0071796781617210845-1.7175209011937992E-7i
9.861125215220042,77.77824065209657,-2,1.4359346176407669E-6-3.43503937501642E-11i,0.007179678161721085-1.7175209011937997E-7i
9.108415973170871,79.68251065714624,-7,1.4359345086631964E-6-3.4350391143205355E-11i,0.007179678161721086-1.7175209011937995E-7i
6.928203230275528,76.00000000000001,-2,1.4359342499850514E-6-3.435038495511293E-11i,0.0071796781617210845-1.7175209011937997E-7i
14.151242836566079,77.9540656716345,-4.2119221056721,1.4359342776337594E-6-3.4350385616524696E-11i,0.007179678161721086-1.7175209011937995E-7i
17.798531421277005,74.75059331344909,-2,1.4359339164814235E-6-3.435037697704708E-11i,0.0071796781617210845-1.7175209011938E-7i
13.407247577980996,75.53241391149207,-2,1.4359341378506315E-6-3.4350382272636E-11i,0.0071796781617210845-1.7175209011937997E-7i
17.829135894013525,74.65411943920373,-7,1.4359329454664374E-6-3.4350353748449704E-11i,0.007179678161721086-1.7175209011937992E-7i
19.98613643172213,75.17142305614716,-4.499999999999967,1.435933368991233E-6-3.435036387999983E-11i,0.007179678161721085-1.7175209011937997E-7i
20.927501747012666,71.95458799369146,-2,1.4359328609424646E-6-3.435035172646921E-11i,0.0071796781617210845-1.7175209011937997E-7i
17.35794737531014,70.1514512158214,-2,1.4359317753631724E-6-3.435032575726724E-11i,0.0071796781617210845-1.7175209011937997E-7i
22.60962503594401,72.49807764006272,-7,1.4359316896516605E-6-3.435032370687847E-11i,0.007179678161721085-1.7175209011937992E-7i
24.112618850971927,73.09440293769124,-2,1.4359333320725997E-6-3.435036299683309E-11i,0.0071796781617210845-1.7175209011937995E-7i
24.234879758389642,69.82242612769743,-2,1.4359315947885357E-6-3.435032143756508E-11i,0.0071796781617210845-1.7175209011937997E-7i
20.769956348356434,67.96116526799551,-2,1.4359299767004257E-6-3.435028272969984E-11i,0.0071796781617210845-1.7175209011937997E-7i
55.50970610249694,58.77664892925597,-2,1.4359077822922047E-6-3.434975179559457E-11i,0.007179678161721084-1.7175209011937997E-7i
54.802071225975155,59.27699077064965,-7,1.4358959612809712E-6-3.434946901364512E-11i,0.007179678161721086-1.7175209011937995E-7i
52.02487511622883,58.15447734628972,-2,1.4359048746276715E-6-3.4349682238512787E-11i,0.007179678161721085-1.7175209011938E-7i
55.909073211727915,56.419121870633774,-4.5,1.4358765225661886E-6-3.4349004001172725E-11i,0.007179678161721086-1.7175209011937992E-7i
55.01976349605306,54.64419421895023,-2,1.4358785049840662E-6-3.4349051424526E-11i,0.007179678161721085-1.7175209011938E-7i
56.30844032095882,54.06159481201157,-7,1.4358373923322036E-6-3.4348067928646585E-11i,0.007179678161721084-1.7175209011937997E-7i
46.34385196233594,64.95935016926617,-7,1.4359209713443318E-6-3.435006730378568E-11i,0.007179678161721086-1.7175209011937992E-7i
46.08721518296574,61.85806388672222,-2,1.4359195296901422E-6-3.4350032816568456E-11i,0.0071796781617210845-1.7175209011937997E-7i
49.9789319043649,60.66335072137731,-7,1.4359049184504777E-6-3.434968328684091E-11i,0.007179678161721086-1.7175209011937995E-7i
48.00479092346882,58.60286025030678,-2,1.435907311156772E-6-3.434974052510399E-11i,0.0071796781617210845-1.7175209011937997E-7i
50.397196900060045,55.19112721601737,-2,1.4358828868409325E-6-3.434915624720167E-11i,0.007179678161721084-1.7175209011937997E-7i
42.5068959492313,61.62499852877012,-2,1.4359186950035457E-6-3.4350012849215525E-11i,0.007179678161721085-1.7175209011938E-7i
39.975550060038884,64.8727074888596,-7,1.4359206437321333E-6-3.4350059466654425E-11i,0.0071796781617210845-1.7175209011937992E-7i
39.82493862741111,64.94403369471904,-2,1.43592611876271E-6-3.4350190440205575E-11i,0.007179678161721084-1.7175209011937997E-7i
39.06656866933218,61.0327700208265,-2,1.4359168935105833E-6-3.434996975394376E-11i,0.0071796781617210845-1.7175209011937997E-7i
36.870513316910476,63.40125717926845,-2,1.435923235102269E-6-3.435012145734919E-11i,0.007179678161721084-1.7175209011937997E-7i
30.386722252821688,69.16194980412237,-2,1.4359311430405808E-6-3.4350310630861263E-11i,0.007179678161721084-1.7175209011937997E-7i
29.3971072608256,70.24565920536688,-7,1.4359298246203782E-6-3.4350279091644564E-11i,0.007179678161721085-1.7175209011937992E-7i
27.280896874933347,67.79766435685394,-2,1.4359299310829048E-6-3.4350281638438563E-11i,0.0071796781617210845-1.7175209011937997E-7i
30.6979802573529,65.72368521871667,-2,1.4359272798003545E-6-3.435021821452051E-11i,0.0071796781617210845-1.7175209011937997E-7i
33.64626373870142,64.08119279757149,-2,1.4359246894532725E-6-3.435015624829925E-11i,0.0071796781617210845-1.7175209011937997E-7i
34.11782554949896,65.63929267105203,-7,1.4359225744949351E-6-3.435010565431623E-11i,0.007179678161721086-1.7175209011937995E-7i
54.849345439158476,52.335990506879476,-4.500000000000013,1.4358149935178899E-6-3.4347532104743645E-11i,0.007179678161721085-1.7175209011937992E-7i
52.33538251990882,51.82252539966025,-2,1.435842502538275E-6-3.434819017487461E-11i,0.007179678161721084-1.7175209011937997E-7i
51.701570241946314,48.25701870269754,-2,1.4357611864881172E-6-3.434624493425793E-11i,0.007179678161721086-1.7175209011937995E-7i
54.678927382263865,50.02778679480876,-7,1.4357380611233479E-6-3.434569172983224E-11i,0.007179678161721086-1.7175209011937995E-7i
55.80861202652936,47.13199598301486,-2,1.435724900169256E-6-3.43453768938017E-11i,0.007179678161721084-1.7175209011937997E-7i
58.81769198411342,45.85332212068238,-7,1.4355260269264171E-6-3.4340619452819414E-11i,0.007179678161721085-1.7175209011937992E-7i
58.38421746872592,44.31293416321675,-2,1.4355928617583968E-6-3.4342218274079435E-11i,0.007179678161721084-1.7175209011937997E-7i
53.96608753909393,44.22094932923788,-2,1.4355842561187414E-6-3.434201241017241E-11i,0.007179678161721085-1.7175209011938E-7i
59.3289102438304,40.81514897908299,-2,1.4352945342572235E-6-3.43350816906961E-11i,0.007179678161721084-1.7175209011937997E-7i
64.2040991574413,40.54071782297624,-7,1.434897990415446E-6-3.432559557835026E-11i,0.007179678161721085-1.7175209011937992E-7i
65.76387685452576,40.38449735736789,-2,1.4352481943375252E-6-3.4333973148239935E-11i,0.007179678161721084-1.7175209011937995E-7i
62.30550198535113,38.3009774006742,-2,1.4349528068005143E-6-3.4326906894609316E-11i,0.007179678161721085-1.7175209011937997E-7i
65.58350059345028,34.097883670871404,-7,1.4327686597044834E-6-3.427465777975739E-11i,0.007179678161721086-1.7175209011937995E-7i
64.0109151644644,34.34296520240323,-2,1.433963178908336E-6-3.430323303972421E-11i,0.007179678161721084-1.7175209011937997E-7i
65.93055062433544,30.839772485106867,-2,1.432330351373438E-6-3.4264172578293215E-11i,0.0071796781617210845-1.7175209011937997E-7i
61.985727338970534,31.044461092974835,-2,1.4324036757548441E-6-3.426592664240018E-11i,0.0071796781617210845-1.7175209011937997E-7i
69.26620465807787,30.537885688256992,-2,1.4320655756755835E-6-3.425783862035036E-11i,0.007179678161721084-1.7175209011937997E-7i
70.38448933751641,29.670870663835014,-7,1.4290393340718432E-6-3.418544494072559E-11i,0.007179678161721085-1.7175209011937992E-7i
67.96495137856482,27.465190655334748,-2,1.42942351160576E-6-3.419463522654909E-11i,0.0071796781617210845-1.7175209011937997E-7i
70.06144713040707,24.237886389744734,-2,1.424365795527663E-6-3.407364466289475E-11i,0.0071796781617210845-1.7175209011937997E-7i
72.54054691402857,22.87516543780847,-7,1.4134060062830884E-6-3.381146484541218E-11i,0.007179678161721086-1.7175209011937995E-7i
72.05661828939513,20.731657765962122,-2,1.414995547309262E-6-3.384948980801168E-11i,0.0071796781617210845-1.7175209011937997E-7i
76.00000000000003,13.856406460551042,-2,1.3657825858967285E-6-3.267221851629395E-11i,0.007179678161721085-1.7175209011938E-7i
76.19790863162841,17.068825403228246,-7,1.3738109587966955E-6-3.286427306174399E-11i,0.007179678161721085-1.7175209011937992E-7i
74.16922979132384,17.209193474732167,-2,1.3968152049611863E-6-3.341458009102518E-11i,0.007179678161721084-1.7175209011937997E-7i
71.99999999999994,13.856406460551042,-2,1.3649004732825647E-6-3.265111663933082E-11i,0.0071796781617210845-1.7175209011937997E-7i
79.475096518548,11.150729022553769,-7,1.2627949596617574E-6-3.0208550972448277E-11i,0.007179678161721086-1.7175209011937992E-7i
78.00000000000001,10.392304845413271,-2,1.305176547461747E-6-3.1222402307182923E-11i,0.0071796781617210845-1.7175209011937997E-7i
80,6.928203230275521,-2,1.184477790633353E-6-2.8335049518779104E-11i,0.0071796781617210845-1.7175209011937997E-7i
83.05427027238547,5.580625348990381,-7,9.936195702068583E-7-2.376934371186899E-11i,0.007179678161721085-1.7175209011937992E-7i
82.00000000000001,3.464101615137764,-2,8.970595105076728E-7-2.1459436261726134E-11i,0.007179678161721084-1.7175209011937997E-7i
84.00000000000003,0,-2.0000000000000004,0,0.007179678161721084-1.7175209011937995E-7i
86.62070010697661,0,-7,7.862029849727539E-7-1.88075290960948E-11i,0.007179678161721084-1.7175209011937997E-7i
78,3.464101615137757,-2,8.938047599581645E-7-2.138157619653887E-11i,0.0071796781617210845-1.7175209011937997E-7i
4.899315301142572,76.21929719277217,-7,1.4359335725233123E-6-3.43503687488893E-11i,0.007179678161721086-1.7175209011937992E-7i
0,79.98478523297268,-6.999999999999999,1.43593455054312E-6-3.435039214505584E-11i,0.007179678161721084-1.7175209011937997E-7i
0,80,-2,1.4359349451869926E-6-3.435040158571718E-11i,0.007179678161721084-1.7175209011937995E-7i
0,76.00000000000003,-2.0000000000000004,1.4359342515693126E-6-3.435038499301159E-11i,0.007179678161721084-1.7175209011937995E-7i
3.464101615137764,74,-2,1.4359336889462829E-6-3.435037153395684E-11i,0.007179678161721085-1.7175209011938E-7i
6.928203230275521,72,-2,1.43593283556743E-6-3.435035111944824E-11i,0.0071796781617210845-1.7175209011937997E-7i
11.507529343493935,74.20970893070911,-7,1.4359326980970923E-6-3.4350347830886126E-11i,0.007179678161721085-1.7175209011937992E-7i
10.367514058907055,73.60649497488879,-2,1.4359335426749508E-6-3.435036803485757E-11i,0.007179678161721084-1.7175209011937995E-7i
14.08134894684806,72.00135246727297,-2,1.4359328860464707E-6-3.435035232700667E-11i,0.007179678161721085-1.7175209011938E-7i
10.4355273084661,69.98222317433797,-2,1.4359316727446855E-6-3.4350323302430217E-11i,0.0071796781617210845-1.7175209011937997E-7i
16.922788693077514,69.5758710259881,-7,1.4359290680126166E-6-3.435026099209166E-11i,0.007179678161721086-1.7175209011937992E-7i
13.961031778147252,67.97273003814774,-2,1.4359300746813634E-6-3.4350285073597496E-11i,0.0071796781617210845-1.7175209011937997E-7i
17.34268871181726,66.05259949614404,-2,1.4359277858322073E-6-3.435023031980243E-11i,0.0071796781617210845-1.7175209011937997E-7i
24.085025923161385,65.94036666396279,-2,1.4359276498313822E-6-3.4350227066393954E-11i,0.007179678161721084-1.7175209011937995E-7i
23.13708269293525,66.2219948517145,-7,1.4359238926848521E-6-3.435013718802407E-11i,0.007179678161721085-1.7175209011937992E-7i
27.510961431817705,63.7747147394624,-2,1.4359239312057614E-6-3.435013810952033E-11i,0.007179678161721084-1.7175209011937997E-7i
24.0872499836471,61.86591152447739,-2,1.4359193133477798E-6-3.4350027641231625E-11i,0.0071796781617210845-1.7175209011937997E-7i
20.784609690826517,63.99999999999997,-2,1.4359245387829208E-6-3.4350152643966686E-11i,0.0071796781617210845-1.7175209011937997E-7i
50.67531038729948,54.158159847353794,-7,1.4358391361158268E-6-3.434810964339691E-11i,0.0071796781617210845-1.717520901193799E-7i
48.0725679534415,51.2566086094076,-2,1.4358324044794311E-6-3.4347948609351265E-11i,0.007179678161721085-1.7175209011937997E-7i
46.04274264723714,55.58965107671388,-2,1.4358875239293752E-6-3.4349267175521076E-11i,0.0071796781617210845-1.7175209011937997E-7i
44.32285655145446,58.803878225629774,-2,1.4359078262456066E-6-3.4349752847046785E-11i,0.007179678161721084-1.7175209011937995E-7i
41.47664907510303,58.969048496514596,-2,1.43590875184324E-6-3.4349774989171355E-11i,0.007179678161721084-1.7175209011937997E-7i
43.871502812187494,58.1106903132564,-7,1.4358873632398417E-6-3.4349263331509857E-11i,0.0071796781617210845-1.717520901193799E-7i
42.236078277290225,56.100978546232774,-2,1.4358917996615517E-6-3.4349369459484446E-11i,0.0071796781617210845-1.7175209011937997E-7i
43.0228971333273,52.52176019176681,-2,1.4358522473341568E-6-3.4348423289649774E-11i,0.0071796781617210845-1.7175209011938E-7i
40.25491612059185,58.44646893928409,-3.9999999999999867,1.435895883894368E-6-3.434946716240465E-11i,0.007179678161721086-1.7175209011937995E-7i
38.84762317837726,57.31515995528282,-2,1.4358999012962682E-6-3.4349563266597296E-11i,0.0071796781617210845-1.7175209011938E-7i
40.21672944094377,54.39399854046164,-2,1.4358755934082425E-6-3.434898177387848E-11i,0.007179678161721084-1.7175209011937997E-7i
35.35311883801825,56.18793777700157,-2,1.4358922813421068E-6-3.4349380982235205E-11i,0.007179678161721084-1.7175209011937997E-7i
35.109297051720795,60.00337170496884,-2,1.4359130820982462E-6-3.434987857742854E-11i,0.007179678161721084-1.7175209011937997E-7i
35.34702938699885,59.183713549459206,-7,1.4358954931074715E-6-3.4349457814009784E-11i,0.0071796781617210845-1.717520901193799E-7i
31.498006807745238,56.88658917265549,-2,1.4358969449146751E-6-3.4349492544107226E-11i,0.0071796781617210845-1.7175209011938E-7i
30.874917639613784,61.67668811188559,-2,1.4359189655123687E-6-3.435001932032118E-11i,0.0071796781617210845-1.7175209011937997E-7i
28.815196156307426,62.7818140434426,-7,1.435914245212158E-6-3.434990640141184E-11i,0.007179678161721086-1.7175209011937992E-7i
27.481365042730364,59.58274494333067,-2,1.435911374448481E-6-3.43498377270715E-11i,0.0071796781617210845-1.7175209011937997E-7i
50.13213523788913,49.14332554463457,-7,1.4357022507314523E-6-3.434483507448951E-11i,0.007179678161721085-1.7175209011937997E-7i
52.509015581266354,45.01928253886273,-7,1.4354620154692141E-6-3.433908817226356E-11i,0.007179678161721086-1.7175209011937995E-7i
51.8756487957036,41.061507138944506,-2,1.4353232450101167E-6-3.433576850864355E-11i,0.0071796781617210845-1.7175209011937997E-7i
49.565824342435,44.4789894242294,-2,1.4356036218040947E-6-3.4342475675636544E-11i,0.007179678161721085-1.7175209011938E-7i
49.84897979016207,46.81115748443197,-4.499999999999976,1.4356175567239584E-6-3.434280902645786E-11i,0.007179678161721086-1.7175209011937992E-7i
47.857450895575894,47.53049201776682,-2,1.4357367844238948E-6-3.434566118865832E-11i,0.007179678161721084-1.7175209011937997E-7i
55.886354543861344,41.0287726743148,-2,1.4353192670016891E-6-3.433567334682058E-11i,0.007179678161721084-1.7175209011937995E-7i
56.56847819623216,40.11804925945731,-7,1.4348210292393596E-6-3.4323754514927376E-11i,0.0071796781617210845-1.7175209011937992E-7i
58.05263147451438,37.703172076227304,-2,1.4348472689736616E-6-3.4324382221226954E-11i,0.007179678161721084-1.7175209011937997E-7i
53.89371434503249,37.75796624828616,-2,1.4348505200552127E-6-3.4324459993522426E-11i,0.0071796781617210845-1.7175209011937997E-7i
56.03849270682897,34.332638930872776,-2,1.4339667879089797E-6-3.430331937415172E-11i,0.007179678161721085-1.7175209011938E-7i
60.13317879871053,34.58152946064331,-2,1.434044334140457E-6-3.430517443325567E-11i,0.007179678161721084-1.7175209011937995E-7i
59.911056081605906,34.748598072333756,-7,1.4330904151940402E-6-3.4282354806921284E-11i,0.007179678161721086-1.7175209011937992E-7i
58.00000000000014,31.17691453623986,-2,1.4325219793803725E-6-3.426875669891463E-11i,0.0071796781617210845-1.7175209011937997E-7i
63.27227694571279,28.951164755052226,-7,1.4281358855690507E-6-3.416383266714248E-11i,0.007179678161721086-1.7175209011937992E-7i
63.96507914800905,27.566478983533518,-2,1.4295540249280753E-6-3.4197757363139514E-11i,0.007179678161721084-1.7175209011937997E-7i
60.00000000000013,27.712812921102046,-2,1.429726499844077E-6-3.420188330397551E-11i,0.0071796781617210845-1.7175209011937997E-7i
62.000000000000085,24.248711305964264,-2,1.4244165298651993E-6-3.407485832850992E-11i,0.0071796781617210845-1.7175209011937997E-7i
67.99999999999994,20.784609690826493,-2,1.4150836642809075E-6-3.38515977401103E-11i,0.007179678161721085-1.7175209011938E-7i
66.38317274243985,23.48906523342169,-7,1.4155473554754127E-6-3.386269014983013E-11i,0.007179678161721086-1.7175209011937992E-7i
66.05444468741184,24.083949247156422,-2,1.4241165131597198E-6-3.406768133602133E-11i,0.007179678161721084-1.7175209011937995E-7i
64.00000000000004,20.784609690826485,-2,1.4148609495285154E-6-3.384626996310387E-11i,0.0071796781617210845-1.7175209011937997E-7i
69.1788864717183,17.145424640687672,-7,1.3749030884539973E-6-3.289039896141491E-11i,0.007179678161721086-1.7175209011937992E-7i
69.99999999999993,17.32050807568877,-2,1.3974869522716567E-6-3.3430649614199746E-11i,0.007179678161721084-1.7175209011937995E-7i
66,17.320508075688743,-2,1.3978359542544497E-6-3.343899843132641E-11i,0.0071796781617210845-1.7175209011937997E-7i
67.99999999999997,13.856406460551,-2,1.3656148193800785E-6-3.2668205209675195E-11i,0.0071796781617210845-1.7175209011937997E-7i
73.99999999999999,10.392304845413292,-2,1.3058579143088135E-6-3.1238701948682975E-11i,0.007179678161721084-1.7175209011937997E-7i
72.95274433332074,11.269317715434624,-7,1.2671199448210284E-6-3.03120131645003E-11i,0.007179678161721086-1.7175209011937992E-7i
69.99999999999997,10.392304845413264,-2,1.3062470007175209E-6-3.1248009664492393E-11i,0.0071796781617210845-1.7175209011937997E-7i
71.99999999999999,6.928203230275528,-2,1.185176992570875E-6-2.8351775810888568E-11i,0.0071796781617210845-1.7175209011937997E-7i
76,6.928203230275528,-2,1.1853454373875837E-6-2.835580534378515E-11i,0.007179678161721084-1.7175209011937995E-7i
76.6459304742884,5.738796083434018,-7,1.0049245574978425E-6-2.4039781348802566E-11i,0.007179678161721085-1.7175209011937992E-7i
76,0,-2,0,0.007179678161721084-1.7175209011937995E-7i
79.98479059516524,0,-7,7.943784835175554E-7-1.9003103177719248E-11i,0.007179678161721084-1.7175209011937997E-7i
80,0,-2,0,0.007179678161721084-1.7175209011937995E-7i
74,3.464101615137764,-2,8.9534020178404E-7-2.1418306999356302E-11i,0.007179678161721085-1.7175209011938E-7i
6.928203230275521,68,-2,1.4359301296350848E-6-3.435028638819907E-11i,0.0071796781617210845-1.7175209011937997E-7i
5.64166071263891,69.9669291558564,-7,1.4359295191711753E-6-3.4350271784695935E-11i,0.007179678161721086-1.7175209011937992E-7i
3.464101615137764,70,-2,1.4359317273259373E-6-3.4350324608121624E-11i,0.0071796781617210845-1.7175209011937997E-7i
3.464101615137764,66,-2,1.435927698181831E-6-3.435022822303223E-11i,0.0071796781617210845-1.7175209011937997E-7i
0,73.3070300392006,-6.999999999999998,1.435932198533217E-6-3.435033588033094E-11i,0.007179678161721084-1.7175209011937997E-7i
0,71.99999999999999,-1.9999999999999998,1.4359328539640221E-6-3.435035155953109E-11i,0.007179678161721084-1.7175209011937995E-7i
0,70.65351501960029,-4.499999999999999,1.435930718465123E-6-3.435030047417723E-11i,0.007179678161721084-1.7175209011937997E-7i
0,68,-2.0000000000000004,1.4359300545194413E-6-3.4350284591284436E-11i,0.007179678161721084-1.7175209011937995E-7i
11.120518663850092,66.90098431748251,-7,1.435925240224913E-6-3.4350169423845346E-11i,0.007179678161721085-1.7175209011937992E-7i
10.392304845413264,65.99999999999997,-2,1.4359277708612267E-6-3.435022996166698E-11i,0.007179678161721084-1.7175209011937995E-7i
10.392304845413257,62,-2,1.435919686458261E-6-3.4350036566771675E-11i,0.0071796781617210845-1.7175209011937997E-7i
6.9282032302755,63.99999999999998,-2,1.4359244063410783E-6-3.4350149475696085E-11i,0.007179678161721084-1.7175209011937997E-7i
13.856406460551014,63.99999999999998,-2,1.4359245073634006E-6-3.435015189234964E-11i,0.0071796781617210845-1.7175209011937997E-7i
16.80751088836262,63.19681439698964,-7,1.4359158832294312E-6-3.4349945586022086E-11i,0.007179678161721085-1.7175209011937992E-7i
17.320508075688764,62,-2,1.4359198287525926E-6-3.435003997073323E-11i,0.007179678161721084-1.7175209011937995E-7i
20.60320917704602,59.939003998964914,-2,1.435913021770812E-6-3.4349877134277137E-11i,0.0071796781617210845-1.7175209011937997E-7i
17.164747571022616,57.877529857992286,-2,1.4359027772898213E-6-3.434963206604664E-11i,0.007179678161721084-1.7175209011937997E-7i
13.856406460551028,60.00000000000001,-2,1.4359132886560245E-6-3.4349883518698815E-11i,0.0071796781617210845-1.7175209011937997E-7i
22.99053517928811,59.88224543538878,-7,1.4359001215130004E-6-3.4349568534616736E-11i,0.007179678161721086-1.7175209011937995E-7i
23.89092554274048,57.69874246099505,-2,1.4359023170771098E-6-3.434962105684913E-11i,0.0071796781617210845-1.7175209011937997E-7i
20.477049362437885,55.84261457302275,-2,1.4358891705064156E-6-3.434930656489785E-11i,0.0071796781617210845-1.7175209011937997E-7i
44.440011299761814,48.77584616684291,-2,1.435778132461026E-6-3.434665031541852E-11i,0.0071796781617210845-1.7175209011937997E-7i
45.32084203133719,51.19250141435588,-7,1.4357742307521E-6-3.4346556978830496E-11i,0.007179678161721086-1.7175209011937992E-7i
40.720094995975785,49.553557203565624,-2,1.4357961696696082E-6-3.4347081801092995E-11i,0.0071796781617210845-1.7175209011937997E-7i
39.00453435641551,52.860623953177125,-7,1.43581419824387E-6-3.4347513080217496E-11i,0.007179678161721084-1.7175209011937992E-7i
37.24009801808495,53.910002600677714,-2,1.4358706596728362E-6-3.434886374917747E-11i,0.007179678161721084-1.7175209011937997E-7i
39.6648553632572,52.11139278709034,-2,1.435846897833809E-6-3.434829531902978E-11i,0.0071796781617210845-1.7175209011937995E-7i
36.94499639341952,50.05406567717887,-2,1.4358087948524133E-6-3.434738382041564E-11i,0.007179678161721085-1.7175209011937997E-7i
33.90662587709886,53.05579622413708,-2,1.435860176547525E-6-3.434861297210327E-11i,0.007179678161721084-1.7175209011937995E-7i
32.848523804089666,50.213246999699415,-2,1.4358122900284438E-6-3.43474674319335E-11i,0.0071796781617210845-1.7175209011937997E-7i
33.07117610141354,53.271681723933064,-7,1.4358234522018442E-6-3.434773445317991E-11i,0.007179678161721085-1.7175209011937992E-7i
30.338660980453742,52.679458304196,-2,1.4358549498259637E-6-3.43484879385945E-11i,0.0071796781617210845-1.7175209011937997E-7i
29.73851827472811,49.80328645266653,-2,1.4358018202967357E-6-3.434721697526071E-11i,0.0071796781617210845-1.7175209011937997E-7i
28.750511699341526,56.87616320382236,-7,1.43587570980784E-6-3.4348984558386894E-11i,0.007179678161721086-1.7175209011937995E-7i
27.298420046704532,55.35074906668139,-2,1.4358855701434351E-6-3.434922043710035E-11i,0.0071796781617210845-1.7175209011937997E-7i
31.52648968789065,47.93888203411294,-2,1.4357518438505005E-6-3.4346021439903225E-11i,0.007179678161721084-1.7175209011937997E-7i
30.641612188498886,48.61389036072938,-3.917006243297556,1.4357172555016712E-6-3.434519401824568E-11i,0.007179678161721086-1.7175209011937995E-7i
29.292493182732706,46.727029347566095,-2,1.4357084083541859E-6-3.4344982376994067E-11i,0.0071796781617210845-1.7175209011937997E-7i
46.78771093075084,45.26891561536734,-7,1.4354821666728147E-6-3.433957022887641E-11i,0.007179678161721086-1.7175209011937992E-7i
45.35158682944903,44.81328621873937,-2,1.4356183238089126E-6-3.434282737664584E-11i,0.0071796781617210845-1.7175209011938E-7i
42.18680764597845,46.80089602842213,-2,1.4357120312350665E-6-3.4345069043464244E-11i,0.007179678161721084-1.7175209011937997E-7i
47.75674772101733,41.333688430339016,-2,1.435350626971394E-6-3.433642353926958E-11i,0.0071796781617210845-1.7175209011937997E-7i
49.7939211093951,39.757822132227716,-7,1.4347508508024532E-6-3.432207570802995E-11i,0.007179678161721086-1.7175209011937992E-7i
49.999999999999844,38.10511776651524,-2,1.4349239531997284E-6-3.432621665945798E-11i,0.0071796781617210845-1.7175209011937997E-7i
45.99767759972136,37.75678679215056,-2,1.434842881807661E-6-3.4324277271546326E-11i,0.0071796781617210845-1.7175209011937997E-7i
53.07047245935659,34.4228313768773,-7,1.4329228528725566E-6-3.4278346385054474E-11i,0.007179678161721086-1.7175209011937992E-7i
51.99999999999983,34.64101615137759,-2,1.4340621268311354E-6-3.430560006957866E-11i,0.007179678161721084-1.7175209011937995E-7i
48.000000000000014,34.6410161513775,-2,1.4340663958373805E-6-3.430570219264446E-11i,0.007179678161721084-1.7175209011937997E-7i
53.99999999999995,31.176914536239885,-2,1.432519868590492E-6-3.426870620464934E-11i,0.0071796781617210845-1.7175209011937997E-7i
49.99999999999992,31.17691453623977,-2,1.4324824977781823E-6-3.426781222096665E-11i,0.0071796781617210845-1.7175209011937997E-7i
56.49836718318677,28.809423070412176,-7,1.4280002717419862E-6-3.4160588516398806E-11i,0.007179678161721085-1.7175209011937992E-7i
56.00000000000005,27.71281292110211,-2,1.4296946290478402E-6-3.4201120891546356E-11i,0.007179678161721084-1.7175209011937995E-7i
51.99999999999992,27.71281292110207,-2,1.4297289884072767E-6-3.420194283532511E-11i,0.0071796781617210845-1.7175209011937997E-7i
58.00000000000007,24.24871130596431,-2,1.4244647892867634E-6-3.4076012789244053E-11i,0.0071796781617210845-1.7175209011937997E-7i
53.999999999999986,24.248711305964335,-2,1.4244004867064728E-6-3.407447454444865E-11i,0.007179678161721084-1.7175209011937997E-7i
59.78170259751256,23.253513341793795,-7,1.4148696274816602E-6-3.384647755689253E-11i,0.007179678161721086-1.7175209011937995E-7i
60.00000000000006,20.784609690826535,-2,1.415180205698261E-6-3.3853907201598745E-11i,0.0071796781617210845-1.7175209011937997E-7i
56.00000000000004,20.784609690826567,-2,1.4148701577215919E-6-3.384649024127951E-11i,0.0071796781617210845-1.7175209011937997E-7i
63.177262091904545,17.347733105878575,-7,1.376940408428417E-6-3.293913568135793E-11i,0.007179678161721085-1.7175209011937992E-7i
62.00000000000004,17.320508075688764,-2,1.3975564151430035E-6-3.343231130335498E-11i,0.007179678161721084-1.7175209011937995E-7i
58.000000000000036,17.320508075688785,-2,1.3976121775135556E-6-3.343364524945628E-11i,0.007179678161721084-1.7175209011937997E-7i
60.00000000000003,13.856406460551021,-2,1.364892803578612E-6-3.2650933164855404E-11i,0.0071796781617210845-1.7175209011937997E-7i
64.00000000000003,13.856406460551,-2,1.3655675346671071E-6-3.2667074065896826E-11i,0.0071796781617210845-1.7175209011937997E-7i
66.10375087226666,11.547794088679801,-7,1.2755530227920073E-6-3.0513749055027815E-11i,0.007179678161721085-1.7175209011937992E-7i
66,10.39230484541325,-2,1.3058176674411626E-6-3.123773916407283E-11i,0.007179678161721084-1.7175209011937995E-7i
68,6.9282032302755,-2,1.185629545024223E-6-2.8362601759907508E-11i,0.0071796781617210845-1.7175209011937997E-7i
62.00000000000002,10.392304845413257,-2,1.306436818087348E-6-3.125255047109602E-11i,0.0071796781617210845-1.7175209011937997E-7i
64.00000000000001,6.9282032302755,-2,1.1856716960996E-6-2.8363610096929534E-11i,0.007179678161721084-1.7175209011937997E-7i
69.8252754090985,5.732240866823368,-7,1.0172372024560045E-6-2.433432414846966E-11i,0.007179678161721086-1.7175209011937992E-7i
70,3.464101615137757,-2,8.966830578824824E-7-2.145043077098533E-11i,0.0071796781617210845-1.7175209011937997E-7i
66,3.46410161513775,-2,9.017824105072781E-7-2.1572417363118908E-11i,0.0071796781617210845-1.7175209011937997E-7i
73.30707035341158,0,-7.000000000000002,7.649378701058806E-7-1.8298825524326543E-11i,0.007179678161721084-1.7175209011937997E-7i
72,0,-1.9999999999999998,0,0.007179678161721084-1.7175209011937995E-7i
70.65353517670579,0,-4.5,6.509029434489219E-7-1.557088472269488E-11i,0.007179678161721084-1.7175209011937997E-7i
68,0,-2.0000000000000004,0,0.007179678161721084-1.7175209011937995E-7i
5.495832984216321,63.325698096097,-7,1.4359162015399108E-6-3.4349953200637836E-11i,0.007179678161721085-1.7175209011937992E-7i
6.928203230275507,60.00000000000001,-2,1.4359132987645394E-6-3.4349883760514456E-11i,0.0071796781617210845-1.7175209011937997E-7i
3.46410161513775,62,-2,1.4359199060027555E-6-3.4350041818709806E-11i,0.007179678161721084-1.7175209011937997E-7i
3.464101615137757,57.99999999999999,-2,1.435903567933254E-6-3.434965097980006E-11i,0.0071796781617210845-1.7175209011937997E-7i
0,63.99999999999999,-2,1.4359245463775495E-6-3.4350152825645236E-11i,0.007179678161721084-1.7175209011937995E-7i
0,66.66445056366715,-7,1.4359246779259545E-6-3.435015597254304E-11i,0.007179678161721084-1.7175209011937997E-7i
11.20016504175588,59.948297272849985,-7,1.435900569160368E-6-3.43495792432264E-11i,0.007179678161721086-1.7175209011937995E-7i
10.392304845413271,57.99999999999999,-2,1.4359041838119365E-6-3.434966571283521E-11i,0.0071796781617210845-1.7175209011937997E-7i
13.760883781432526,55.890887031230505,-2,1.4358893395222033E-6-3.434931060808946E-11i,0.0071796781617210845-1.7175209011937997E-7i
17.176716902393963,56.467169937502,-7,1.4358711043116485E-6-3.434887438581659E-11i,0.007179678161721086-1.7175209011937992E-7i
17.01993992521146,53.7666326203335,-2,1.435869562462559E-6-3.434883750173933E-11i,0.0071796781617210845-1.7175209011937997E-7i
20.243917045896637,51.79706594204983,-2,1.4358417403022399E-6-3.4348171940682265E-11i,0.007179678161721085-1.7175209011938E-7i
26.405327667240925,48.37656587312116,-2,1.4357654578029627E-6-3.4346347112549995E-11i,0.007179678161721085-1.7175209011938E-7i
23.69625325957344,53.834715504944654,-2,1.4358695948031278E-6-3.434883827538967E-11i,0.007179678161721084-1.7175209011937995E-7i
23.370056453294552,49.96913844712992,-2,1.4358061459304331E-6-3.4347320452967025E-11i,0.0071796781617210845-1.7175209011937997E-7i
23.05700765931814,53.344369045834405,-7,1.4358244801955415E-6-3.434775904482067E-11i,0.007179678161721086-1.7175209011937992E-7i
26.794400889698597,51.77680867993952,-2,1.4358410627819594E-6-3.4348155733058313E-11i,0.007179678161721084-1.7175209011937997E-7i
40.43869599444651,46.25376678694933,-7,1.4355542274479582E-6-3.434129406502453E-11i,0.0071796781617210845-1.7175209011937992E-7i
38.54326416114601,46.58543351991164,-2,1.4357019053048991E-6-3.4344826811203815E-11i,0.007179678161721084-1.7175209011937997E-7i
41.45822979548857,43.99577869971613,-2,1.4355694669892225E-6-3.4341658624968016E-11i,0.007179678161721084-1.7175209011937997E-7i
38.117832572082875,43.55129728870705,-2,1.4355437812605888E-6-3.4341044171578937E-11i,0.007179678161721084-1.7175209011937997E-7i
35.40056955688544,44.7277941073772,-2,1.435613940485224E-6-3.4342722518881004E-11i,0.007179678161721085-1.7175209011938E-7i
34.40582169148088,48.14013463666622,-7,1.4356586811207513E-6-3.434379280329934E-11i,0.0071796781617210845-1.7175209011937992E-7i
34.82553248535139,47.45091977885047,-2,1.4357358007125336E-6-3.43456376563386E-11i,0.007179678161721084-1.7175209011937997E-7i
28.33110321732887,50.25061507947981,-7,1.4357438740939463E-6-3.434583078757658E-11i,0.007179678161721085-1.7175209011937992E-7i
28.800888291850843,46.622680862901184,-4.5078053259871345,1.435608492076271E-6-3.4342592182171626E-11i,0.007179678161721086-1.7175209011937995E-7i
26.453985664287885,45.3878722707174,-2,1.435649066831963E-6-3.434356281051171E-11i,0.0071796781617210845-1.7175209011937997E-7i
29.522772659647643,43.816830346046736,-2,1.4355589948228993E-6-3.434140811005445E-11i,0.0071796781617210845-1.7175209011937997E-7i
32.05851248237402,45.54640197561566,-2,1.4356561927831813E-6-3.434373327734715E-11i,0.007179678161721084-1.7175209011937995E-7i
31.99577996623251,44.794780597147465,-3.662257106988505,1.4355211525619542E-6-3.434050284838865E-11i,0.0071796781617210845-1.7175209011937992E-7i
32.67875907791026,42.78810618628512,-2,1.4354838596780942E-6-3.433961072890853E-11i,0.007179678161721084-1.7175209011937997E-7i
43.572838214250645,40.99943108202888,-2,1.4353162921818246E-6-3.433560218325058E-11i,0.007179678161721084-1.7175209011937995E-7i
42.79097287524511,40.36395699902054,-7,1.4348636660071732E-6-3.4324774470672354E-11i,0.0071796781617210845-1.7175209011937992E-7i
39.408033243410955,40.64578842375282,-2,1.4352808369231037E-6-3.4334754023395224E-11i,0.007179678161721084-1.7175209011937997E-7i
42.00297967736444,37.48315957019472,-2,1.4348079890139613E-6-3.432344256696584E-11i,0.0071796781617210845-1.7175209011937997E-7i
46.60993273503715,34.56012854147349,-7,1.4329995988342475E-6-3.428018230012367E-11i,0.007179678161721086-1.7175209011937992E-7i
43.99529999416228,34.27511594694467,-2,1.4339588331221985E-6-3.43031290799317E-11i,0.0071796781617210845-1.7175209011937997E-7i
46.000000000000064,31.1769145362398,-2,1.4325240931499385E-6-3.42688072644599E-11i,0.0071796781617210845-1.7175209011937997E-7i
49.92574729953433,28.952473041715557,-7,1.4281256923251463E-6-3.4163588824604363E-11i,0.007179678161721086-1.7175209011937995E-7i
48.00000000000001,27.712812921102017,-2,1.4297033431327205E-6-3.420132934967751E-11i,0.0071796781617210845-1.7175209011937997E-7i
49.99999999999996,24.248711305964274,-2,1.4244293410201982E-6-3.407516479665493E-11i,0.0071796781617210845-1.7175209011937997E-7i
51.99999999999996,20.78460969082655,-2,1.415202431499566E-6-3.3854438886688646E-11i,0.0071796781617210845-1.7175209011937997E-7i
53.26845928217872,23.21786692834951,-7,1.4146766123622508E-6-3.384186025379944E-11i,0.007179678161721086-1.7175209011937992E-7i
53.99999999999999,17.320508075688807,-2,1.3978273840186695E-6-3.3438793414350024E-11i,0.0071796781617210845-1.7175209011937997E-7i
56.63618709289305,17.389958348704205,-7,1.3774351318467513E-6-3.295097044319771E-11i,0.007179678161721086-1.7175209011937992E-7i
56.00000000000002,13.856406460551035,-2,1.365649661150608E-6-3.266903869368063E-11i,0.0071796781617210845-1.7175209011937997E-7i
58.000000000000014,10.392304845413271,-2,1.305633624382335E-6-3.123333649039947E-11i,0.0071796781617210845-1.7175209011937997E-7i
59.913582382903144,11.562201785774704,-7,1.2750197846367668E-6-3.050099294456839E-11i,0.007179678161721086-1.7175209011937995E-7i
60.000000000000014,6.928203230275507,-2,1.1848460558436035E-6-2.834385915037454E-11i,0.0071796781617210845-1.7175209011937997E-7i
63.01837806246235,5.738669839058659,-7,1.0176190355876752E-6-2.434345835155844E-11i,0.007179678161721086-1.7175209011937992E-7i
62.000000000000014,3.464101615137757,-2,8.968865842574024E-7-2.1455299524082517E-11i,0.0071796781617210845-1.7175209011937997E-7i
66.66445377533007,0,-7,7.81757545771367E-7-1.870118540531388E-11i,0.0071796781617210845-1.7175209011938E-7i
64.00000000000001,0,-2.0000000000000004,0,0.007179678161721084-1.7175209011937995E-7i
58.00000000000001,3.464101615137757,-2,8.951606884917948E-7-2.1414012686651328E-11i,0.0071796781617210845-1.7175209011937997E-7i
5.714969328951717,56.637790619156824,-7,1.4358732912699853E-6-3.434892670218187E-11i,0.007179678161721085-1.7175209011937992E-7i
6.928203230275507,55.99999999999998,-2,1.4358906424959844E-6-3.4349341777797294E-11i,0.007179678161721084-1.7175209011937995E-7i
10.245275410776564,53.907903003781136,-2,1.4358703842081776E-6-3.434885715951846E-11i,0.007179678161721084-1.7175209011937997E-7i
6.928203230275507,51.99999999999999,-2,1.4358445985655288E-6-3.434824031598868E-11i,0.0071796781617210845-1.7175209011937997E-7i
3.46410161513775,53.99999999999999,-2,1.4358723593636428E-6-3.434890440914056E-11i,0.0071796781617210845-1.7175209011937997E-7i
0,55.999999999999986,-1.9999999999999998,1.435890520276171E-6-3.434933885405781E-11i,0.007179678161721084-1.7175209011937995E-7i
0,60.02378676716077,-7,1.4359007612974346E-6-3.4349583839524746E-11i,0.007179678161721084-1.7175209011937997E-7i
0,60,-2,1.435913199384571E-6-3.434988138314922E-11i,0.007179678161721084-1.7175209011937995E-7i
11.525811343503797,53.21473851968019,-7,1.4358221270479941E-6-3.4347702752880976E-11i,0.007179678161721086-1.7175209011937992E-7i
13.566403941201543,51.778712218144456,-2,1.435842398086241E-6-3.43481876761755E-11i,0.0071796781617210845-1.7175209011937997E-7i
10.26304803716426,49.877324735751756,-2,1.4358042426751768E-6-3.4347274923340074E-11i,0.0071796781617210845-1.7175209011937997E-7i
16.81512484471687,49.683896721902244,-2,1.4358000412301085E-6-3.4347174416471144E-11i,0.007179678161721084-1.7175209011937995E-7i
13.717277557537422,47.783857736455,-2,1.4357458094969571E-6-3.434587708624131E-11i,0.007179678161721084-1.7175209011937997E-7i
17.354201692189115,49.95392351022558,-7,1.4357357199798851E-6-3.4345635725054054E-11i,0.007179678161721086-1.7175209011937992E-7i
17.182946689659303,45.65494068764968,-2,1.4356597737120662E-6-3.4343818940242646E-11i,0.0071796781617210845-1.7175209011937997E-7i
20.094138191469792,47.76686664845849,-2,1.4357469979130333E-6-3.434590551550243E-11i,0.0071796781617210845-1.7175209011937997E-7i
22.926066434062676,46.825742527405865,-7,1.4355892942529128E-6-3.434213293229808E-11i,0.0071796781617210845-1.7175209011937992E-7i
23.438833779486288,46.52628467666436,-2,1.4357004858693485E-6-3.4344792855500344E-11i,0.007179678161721084-1.7175209011937995E-7i
21.041294752473323,43.58904355608732,-2,1.4355436859871197E-6-3.4341041892449216E-11i,0.0071796781617210845-1.7175209011938E-7i
24.43908245283514,43.74458940923627,-2,1.435554685352031E-6-3.434130501899488E-11i,0.007179678161721084-1.7175209011937997E-7i
38.308635618624464,37.00376662749841,-2,1.4346941740042085E-6-3.432071988701114E-11i,0.007179678161721085-1.7175209011938E-7i
36.30275386392806,39.20938513027519,-2,1.4350958725500705E-6-3.433032931006542E-11i,0.0071796781617210845-1.7175209011937995E-7i
36.08792580723679,41.78009909291899,-2,1.4353943534600708E-6-3.433746956329108E-11i,0.007179678161721084-1.7175209011937995E-7i
35.32958989034913,40.48543249582484,-7,1.4348960647439072E-6-3.432554951248152E-11i,0.007179678161721083-1.7175209011937995E-7i
28.889075246202882,43.989802663434055,-7,1.4353678263674806E-6-3.433683498281346E-11i,0.007179678161721085-1.7175209011937992E-7i
26.794609259350093,42.222045609664875,-2,1.435441177873065E-6-3.433858969578441E-11i,0.007179678161721084-1.7175209011937997E-7i
33.381724015570185,39.82480788603502,-2,1.435185924147686E-6-3.4332483522240504E-11i,0.0071796781617210845-1.7175209011937997E-7i
29.971454373156075,40.88966501325481,-2,1.4353095297666173E-6-3.433544041291497E-11i,0.007179678161721085-1.7175209011938E-7i
26.845199736735086,39.142774856949245,-2,1.4350746084245304E-6-3.4329820630160297E-11i,0.0071796781617210845-1.7175209011937997E-7i
34.465804508101684,36.0170651137919,-2,1.434445004809138E-6-3.431475926745646E-11i,0.007179678161721084-1.7175209011937997E-7i
39.96329875881764,34.93102511198149,-7,1.4331871171357022E-6-3.428466810846835E-11i,0.007179678161721086-1.7175209011937992E-7i
40.22714027057194,33.904531145079496,-2,1.4338129312810251E-6-3.429963881955936E-11i,0.007179678161721084-1.7175209011937995E-7i
41.97029983433838,31.057412321274608,-2,1.432415829415783E-6-3.426621738198796E-11i,0.007179678161721084-1.7175209011937997E-7i
37.15964372880072,34.01047931274378,-2,1.4338512644249308E-6-3.430055582411557E-11i,0.007179678161721084-1.7175209011937997E-7i
38.08803313812976,30.96008969405957,-2,1.432374892334547E-6-3.426523808610482E-11i,0.007179678161721085-1.7175209011938E-7i
44.000000000000014,27.712812921102074,-2,1.4297227723906724E-6-3.42017941359239E-11i,0.007179678161721084-1.7175209011937997E-7i
43.27341442393664,29.019798060516955,-7,1.4282328527713502E-6-3.416615231424826E-11i,0.007179678161721085-1.7175209011937992E-7i
39.92311806373005,27.645652572695678,-2,1.4296634498633552E-6-3.4200375023837153E-11i,0.0071796781617210845-1.7175209011937997E-7i
41.999999999999964,24.248711305964306,-2,1.4244038844578475E-6-3.407455582537617E-11i,0.0071796781617210845-1.7175209011937997E-7i
48,20.78460969082652,-2,1.4150944441213385E-6-3.385185561519659E-11i,0.007179678161721085-1.7175209011938E-7i
46.632713418487526,23.146657566765523,-7,1.4143077320725004E-6-3.383303590828679E-11i,0.007179678161721086-1.7175209011937992E-7i
46.00000000000003,24.248711305964292,-2,1.424448985168606E-6-3.40756347235056E-11i,0.007179678161721084-1.7175209011937995E-7i
44,20.784609690826553,-2,1.4148815235635636E-6-3.3846762134680646E-11i,0.0071796781617210845-1.7175209011937997E-7i
49.99999999999998,17.32050807568877,-2,1.3975670493970992E-6-3.343256569572839E-11i,0.007179678161721084-1.7175209011937995E-7i
51.99999999999997,13.856406460551028,-2,1.36500178720048E-6-3.2653540268464065E-11i,0.007179678161721084-1.7175209011937997E-7i
50.01292598587632,17.42334089704778,-7,1.3781045115646605E-6-3.296698332887932E-11i,0.007179678161721086-1.7175209011937992E-7i
46.000000000000014,17.320508075688785,-2,1.3978746425846976E-6-3.3439923932641924E-11i,0.0071796781617210845-1.7175209011937997E-7i
48.000000000000014,13.856406460551021,-2,1.3655538001181628E-6-3.2666745508343817E-11i,0.0071796781617210845-1.7175209011937997E-7i
53.35402919551474,11.591391301293278,-7,1.2762682624049106E-6-3.053085900002605E-11i,0.007179678161721085-1.7175209011937992E-7i
54,10.392304845413285,-2,1.3061367920167155E-6-3.1245373254574514E-11i,0.007179678161721084-1.7175209011937997E-7i
49.999999999999986,10.392304845413257,-2,1.3063833832566993E-6-3.125127220434895E-11i,0.0071796781617210845-1.7175209011937997E-7i
51.99999999999999,6.928203230275521,-2,1.185174507802024E-6-2.835171637030721E-11i,0.0071796781617210845-1.7175209011937997E-7i
56.000000000000014,6.928203230275521,-2,1.1857033886453715E-6-2.836436824525521E-11i,0.007179678161721084-1.7175209011937995E-7i
56.66755905479406,5.757186654604176,-7,1.0071033384529031E-6-2.409190209495785E-11i,0.007179678161721085-1.7175209011937992E-7i
60.02378954668311,0,-7,7.676078846079728E-7-1.8362697547703352E-11i,0.007179678161721084-1.7175209011937997E-7i
60.000000000000014,0,-2,0,0.007179678161721084-1.7175209011937995E-7i
56,0,-2,0,0.007179678161721084-1.7175209011937995E-7i
54,3.464101615137764,-2,8.943501924938749E-7-2.1394624020677654E-11i,0.007179678161721085-1.7175209011938E-7i
3.464101615137757,49.999999999999986,-2,1.4358069176218324E-6-3.434733891335033E-11i,0.0071796781617210845-1.7175209011937997E-7i
5.76712494601739,49.92183791700387,-7,1.4357342182224648E-6-3.434559980004878E-11i,0.007179678161721086-1.7175209011937992E-7i
6.928203230275507,47.999999999999986,-2,1.4357552366290976E-6-3.434610260187209E-11i,0.0071796781617210845-1.7175209011937997E-7i
3.464101615137757,45.999999999999986,-2,1.4356766593624166E-6-3.4344222878368535E-11i,0.007179678161721085-1.7175209011938E-7i
0,53.311362939533346,-7.000000000000001,1.4358243311018243E-6-3.434775547820434E-11i,0.007179678161721084-1.7175209011937997E-7i
0,51.99999999999999,-1.9999999999999998,1.4358453675869862E-6-3.4348258712501674E-11i,0.007179678161721084-1.7175209011937995E-7i
0,49.34433571855455,-4.5,1.4357327281790109E-6-3.434556415526473E-11i,0.007179678161721084-1.7175209011937997E-7i
0,47.999999999999986,-2,1.435754390990056E-6-3.4346082372515014E-11i,0.007179678161721084-1.7175209011937995E-7i
11.560382459390112,46.59447679518935,-7,1.4355758853420473E-6-3.434181216465151E-11i,0.007179678161721085-1.7175209011937992E-7i
10.370391678525635,45.85282368725887,-2,1.4356727395942942E-6-3.434412910976878E-11i,0.007179678161721084-1.7175209011937997E-7i
13.859284732695848,43.833408170115455,-2,1.435562812713887E-6-3.434149944155173E-11i,0.0071796781617210845-1.7175209011937997E-7i
10.392304845413243,41.99999999999997,-2,1.4354134974667787E-6-3.433792752576392E-11i,0.0071796781617210845-1.7175209011937997E-7i
17.24556975195236,41.68356608388686,-2,1.4353915836865752E-6-3.433740330483536E-11i,0.007179678161721084-1.7175209011937997E-7i
17.30175923779528,43.25038142164295,-7,1.4352933654793794E-6-3.43350537312203E-11i,0.007179678161721086-1.7175209011937992E-7i
13.856406460550986,39.99999999999999,-2,1.4352011668001647E-6-3.433284815661033E-11i,0.0071796781617210845-1.7175209011937997E-7i
20.616344582400348,39.57890588842217,-2,1.4351455949985805E-6-3.433151876929531E-11i,0.0071796781617210845-1.7175209011937997E-7i
23.235903883508875,40.08046786086406,-7,1.4348113249280135E-6-3.432352236862236E-11i,0.007179678161721085-1.7175209011937992E-7i
23.71564481224677,41.08753036543725,-2,1.4353252463373446E-6-3.433581638434579E-11i,0.007179678161721084-1.7175209011937995E-7i
23.8138028345671,37.33343649067956,-2,1.4347759848429385E-6-3.432267696394821E-11i,0.0071796781617210845-1.7175209011937997E-7i
20.755470650126462,35.66073849659152,-2,1.4343683277467118E-6-3.431292500059387E-11i,0.0071796781617210845-1.7175209011937997E-7i
30.437531140178233,37.5200065597369,-2,1.4348048868654112E-6-3.4323368357441974E-11i,0.007179678161721084-1.7175209011937997E-7i
34.22647075343659,34.176569629260314,-7,1.432798871289828E-6-3.4275380500582964E-11i,0.007179678161721085-1.7175209011937992E-7i
34.00048457878775,31.627519151498912,-2,1.4328031019205986E-6-3.427548170563167E-11i,0.0071796781617210845-1.7175209011938E-7i
29.106671059318533,36.8733990774233,-7,1.4339733547154092E-6-3.430347646513884E-11i,0.007179678161721085-1.7175209011937992E-7i
27.167996823764142,35.572519830744,-2,1.4343567741510248E-6-3.4312648615752847E-11i,0.007179678161721084-1.7175209011937997E-7i
30.671679958748573,33.98735477555819,-2,1.4338594612220073E-6-3.430075190770018E-11i,0.0071796781617210845-1.7175209011937997E-7i
27.428684252227452,31.92403778653261,-2,1.4329017985854004E-6-3.427784272489813E-11i,0.0071796781617210845-1.7175209011937997E-7i
30.4407124648892,30.688560262689478,-2,1.432159872635339E-6-3.4260094389977514E-11i,0.007179678161721084-1.7175209011937997E-7i
36.59503914894688,29.01610053003439,-7,1.428239842789748E-6-3.416631952930195E-11i,0.007179678161721086-1.7175209011937995E-7i
35.951910734074744,27.844837306843264,-2,1.4298537926390152E-6-3.420492839918661E-11i,0.007179678161721084-1.7175209011937997E-7i
37.999999999999964,24.248711305964274,-2,1.42440571998966E-6-3.407459973492453E-11i,0.0071796781617210845-1.7175209011937997E-7i
32.23932246296134,27.780608274117345,-2,1.4297752027582117E-6-3.420304837392835E-11i,0.0071796781617210845-1.7175209011937997E-7i
39.99999999999997,20.78460969082653,-2,1.4151881195098067E-6-3.38540965156102E-11i,0.0071796781617210845-1.7175209011937997E-7i
39.97574987724719,23.04846140967756,-7,1.4140931938115106E-6-3.382790372911309E-11i,0.007179678161721086-1.7175209011937995E-7i
35.99999999999998,20.784609690826517,-2,1.4150344818883964E-6-3.385042120008712E-11i,0.0071796781617210845-1.7175209011937997E-7i
41.999999999999986,17.320508075688785,-2,1.3975493594215638E-6-3.3432142516554605E-11i,0.007179678161721084-1.7175209011937995E-7i
43.298615345942146,17.371955236646542,-7,1.3771423393065483E-6-3.294396626701898E-11i,0.007179678161721085-1.7175209011937992E-7i
37.999999999999986,17.32050807568877,-2,1.3975503259371188E-6-3.3432165637516697E-11i,0.007179678161721084-1.7175209011937997E-7i
44,13.856406460551035,-2,1.3655816679490864E-6-3.2667412161931967E-11i,0.0071796781617210845-1.7175209011937997E-7i
40,13.856406460551021,-2,1.3648631473588102E-6-3.265022372947107E-11i,0.0071796781617210845-1.7175209011937997E-7i
46.65205773338737,11.571829661915395,-7,1.2759761490406389E-6-3.0523871071077795E-11i,0.007179678161721086-1.7175209011937992E-7i
46.000000000000014,10.392304845413271,-2,1.3064026553196356E-6-3.125173323017982E-11i,0.007179678161721084-1.7175209011937997E-7i
48.000000000000014,6.9282032302755,-2,1.1851383099558896E-6-2.8350850446293432E-11i,0.0071796781617210845-1.7175209011937997E-7i
42,10.392304845413264,-2,1.305561519238135E-6-3.1231611592855924E-11i,0.0071796781617210845-1.7175209011937997E-7i
50.01479296574053,5.782066174844147,-7,1.0203030870765579E-6-2.440766616739917E-11i,0.007179678161721086-1.7175209011937992E-7i
50.00000000000001,3.46410161513775,-2,8.978449295649074E-7-2.1478225037721523E-11i,0.0071796781617210845-1.7175209011937997E-7i
53.31132856290501,0,-7,7.656004833653271E-7-1.8314676542949845E-11i,0.007179678161721084-1.7175209011937997E-7i
52,0,-1.9999999999999998,0,0.007179678161721084-1.7175209011937995E-7i
50.65566428145251,0,-4.5,6.505650589509092E-7-1.5562801857774528E-11i,0.007179678161721084-1.7175209011937997E-7i
46.00000000000001,3.464101615137757,-2,9.020228812058825E-7-2.157816989744809E-11i,0.0071796781617210845-1.7175209011937997E-7i
48.00000000000001,0,-2,0,0.007179678161721084-1.7175209011937995E-7i
6.9282032302755,43.99999999999998,-2,1.4355691868299007E-6-3.4341651923003364E-11i,0.007179678161721084-1.7175209011937995E-7i
5.746813139084637,43.287630972767396,-7,1.4352947955969932E-6-3.4335087942459826E-11i,0.0071796781617210845-1.7175209011937992E-7i
6.928203230275493,39.99999999999999,-2,1.4352059638366682E-6-3.433296291120341E-11i,0.0071796781617210845-1.7175209011937997E-7i
3.46410161513775,41.999999999999986,-2,1.4354214874686542E-6-3.433811866239865E-11i,0.007179678161721084-1.7175209011937997E-7i
3.46410161513775,38,-2,1.434887148957307E-6-3.432533622924661E-11i,0.0071796781617210845-1.7175209011937997E-7i
0,43.999999999999986,-2,1.4355730138428652E-6-3.434174347271643E-11i,0.007179678161721084-1.7175209011937995E-7i
0,46.68867143710909,-7,1.4355801013071572E-6-3.4341913018868546E-11i,0.007179678161721084-1.7175209011937997E-7i
10.392304845413243,38.000000000000014,-2,1.434903991639025E-6-3.432573913947786E-11i,0.0071796781617210845-1.7175209011937997E-7i
11.478726042799686,39.8617412175013,-7,1.4347726025593322E-6-3.43225960530403E-11i,0.007179678161721086-1.7175209011937995E-7i
13.856406460551014,36.00000000000003,-2,1.4344593586768271E-6-3.4315102640337716E-11i,0.0071796781617210845-1.7175209011937997E-7i
17.36101625214232,36.55269894879031,-7,1.4338662012949676E-6-3.430091314356508E-11i,0.0071796781617210845-1.7175209011937992E-7i
17.30109655774612,37.79107475215674,-2,1.4348515700887827E-6-3.4324485112400476E-11i,0.007179678161721084-1.7175209011937995E-7i
17.32050807568877,34.00000000000002,-2,1.4338650610524436E-6-3.430088586671058E-11i,0.007179678161721084-1.7175209011937997E-7i
20.784609690826528,32.000000000000036,-2,1.4329709700866013E-6-3.427949744390366E-11i,0.0071796781617210845-1.7175209011937997E-7i
23.98314296025753,33.74358054946765,-2,1.4337419403508404E-6-3.4297940576216904E-11i,0.007179678161721084-1.7175209011937995E-7i
23.142196402288562,33.14141827525148,-7,1.432171517136979E-6-3.426037294946862E-11i,0.007179678161721085-1.7175209011937992E-7i
24.154561371133855,29.88128696808337,-2,1.4316768503336154E-6-3.4248539541970826E-11i,0.0071796781617210845-1.7175209011937997E-7i
29.214473504922818,29.334454586128636,-7,1.42862132481743E-6-3.4175445333289434E-11i,0.007179678161721085-1.7175209011937992E-7i
27.902812578743426,27.79163966888576,-2,1.4298444130611963E-6-3.4204704021149215E-11i,0.0071796781617210845-1.7175209011938E-7i
30.158296982639826,24.174593445481644,-2,1.4242319828917269E-6-3.4070443600202397E-11i,0.0071796781617210845-1.7175209011937997E-7i
33.49178259842893,23.065675111862777,-7,1.4141073330651692E-6-3.3828241968002574E-11i,0.007179678161721085-1.7175209011937992E-7i
34.126381550432924,24.245501216894194,-2,1.424407275340018E-6-3.4074636941978753E-11i,0.007179678161721084-1.7175209011937995E-7i
32.038291058750474,20.813302750868736,-2,1.4151755850077553E-6-3.3853796665550386E-11i,0.0071796781617210845-1.7175209011937997E-7i
33.99999999999998,17.320508075688764,-2,1.3972989085510233E-6-3.342615123678992E-11i,0.0071796781617210845-1.7175209011937997E-7i
36.561446246507074,17.115024484809055,-7,1.374461288249566E-6-3.287983022743868E-11i,0.007179678161721086-1.7175209011937992E-7i
35.999999999999986,13.856406460551014,-2,1.36591303338698E-6-3.267533907805127E-11i,0.0071796781617210845-1.7175209011937997E-7i
38,10.392304845413264,-2,1.3060484053273124E-6-3.124325887029409E-11i,0.0071796781617210845-1.7175209011937997E-7i
39.94642499574206,11.607157990212848,-7,1.2760352376872516E-6-3.052528458827584E-11i,0.007179678161721086-1.7175209011937995E-7i
40,6.928203230275507,-2,1.1848480378985024E-6-2.8343906565044687E-11i,0.0071796781617210845-1.7175209011937997E-7i
43.33242514662783,5.8138192738387175,-7,1.0242296192970585E-6-2.450159657773255E-11i,0.007179678161721086-1.7175209011937992E-7i
44.00000000000001,6.928203230275507,-2,1.1855289916897414E-6-2.8360196325433044E-11i,0.007179678161721084-1.7175209011937995E-7i
42,3.464101615137757,-2,8.94257250419047E-7-2.1392400662575525E-11i,0.007179678161721085-1.7175209011938E-7i
46.68863706046746,0,-6.999999999999999,7.813793957008185E-7-1.8692139308325576E-11i,0.0071796781617210845-1.7175209011938E-7i
44.00000000000001,0,-2.0000000000000004,0,0.007179678161721084-1.7175209011937995E-7i
5.73784719407179,36.61988279533439,-7,1.4338889728577091E-6-3.4301457884347086E-11i,0.007179678161721086-1.7175209011937992E-7i
6.9282032302755,36.00000000000001,-2,1.4344713180859475E-6-3.431538873303809E-11i,0.007179678161721084-1.7175209011937997E-7i
3.464101615137757,34.00000000000001,-2,1.4338673322257692E-6-3.4300940197664857E-11i,0.0071796781617210845-1.7175209011937997E-7i
6.928203230275507,32,-2,1.4329519861902455E-6-3.427904331158685E-11i,0.0071796781617210845-1.7175209011937997E-7i
0,36.00000000000001,-2.0000000000000004,1.4344615344568572E-6-3.431515468929581E-11i,0.007179678161721084-1.7175209011937995E-7i
0,39.97621045338048,-7,1.4347864542929955E-6-3.432292741388332E-11i,0.007179678161721084-1.7175209011937997E-7i
0,39.99999999999999,-2,1.4352027323306217E-6-3.433288560719267E-11i,0.007179678161721084-1.7175209011937995E-7i
13.856406460551014,32.00000000000002,-2,1.4329835505177744E-6-3.427979839267882E-11i,0.007179678161721085-1.7175209011938E-7i
11.45739456904888,33.29104433161102,-7,1.4322629248700066E-6-3.4262559603082725E-11i,0.007179678161721086-1.7175209011937992E-7i
10.392304845413257,34.00000000000001,-2,1.4338409903974285E-6-3.43003100490742E-11i,0.007179678161721084-1.7175209011937995E-7i
10.392304845413271,30.000000000000014,-2,1.4317301017387817E-6-3.424981342081793E-11i,0.0071796781617210845-1.7175209011937997E-7i
20.558777588634783,27.810765240407054,-2,1.4297676272076286E-6-3.4202867151787555E-11i,0.007179678161721085-1.7175209011938E-7i
17.320508075688778,30.000000000000025,-2,1.4317303982546534E-6-3.424982051406353E-11i,0.007179678161721084-1.7175209011937995E-7i
13.856406460551028,28.000000000000007,-2,1.430016443587138E-6-3.420881933129674E-11i,0.0071796781617210845-1.7175209011937997E-7i
17.238947468644206,29.82783779371116,-7,1.4292510001296498E-6-3.4190508411123094E-11i,0.007179678161721086-1.7175209011937992E-7i
17.095769311714548,25.80626016851575,-2,1.4271361833482404E-6-3.413991781440762E-11i,0.007179678161721084-1.7175209011937997E-7i
23.89006896949298,25.90970441512134,-2,1.4273651878821536E-6-3.4145396055417926E-11i,0.007179678161721084-1.7175209011937995E-7i
22.619250476451658,26.32583552893525,-7,1.423673675228094E-6-3.405708777755982E-11i,0.007179678161721086-1.7175209011937992E-7i
20.29206717361639,23.768376156700125,-2,1.4235227801495359E-6-3.405347806908164E-11i,0.0071796781617210845-1.7175209011937997E-7i
26.809346279762643,23.991010345288526,-2,1.423881654254879E-6-3.406206304688898E-11i,0.007179678161721084-1.7175209011937997E-7i
23.676393790295933,21.44402263113303,-2,1.4173135370923773E-6-3.390494070443875E-11i,0.007179678161721085-1.7175209011937997E-7i
27.033927300455236,22.065828429563574,-7,1.4101055717859446E-6-3.373251192991677E-11i,0.007179678161721086-1.7175209011937992E-7i
28.002637221384365,20.77815324617198,-2,1.4150529187159342E-6-3.385086224543668E-11i,0.007179678161721084-1.7175209011937997E-7i
26.0000281469088,17.407466008033424,-2,1.39797405308294E-6-3.3442302028214976E-11i,0.0071796781617210845-1.7175209011937997E-7i
32.000000000000014,13.856406460551,-2,1.3654330737317559E-6-3.2663857494601297E-11i,0.007179678161721085-1.7175209011938E-7i
30.007340494727007,17.33389254815124,-2,1.3976203022428892E-6-3.343383960903804E-11i,0.007179678161721084-1.7175209011937995E-7i
30.360539098530793,17.21017524828168,-7,1.3749958410302541E-6-3.289261778633678E-11i,0.007179678161721086-1.7175209011937992E-7i
28.00000000000002,13.856406460551028,-2,1.3649674190003883E-6-3.265271811319938E-11i,0.0071796781617210845-1.7175209011937997E-7i
33.382237512844,11.206839694246192,-7,1.265794299618628E-6-3.028030111151682E-11i,0.007179678161721086-1.7175209011937992E-7i
33.999999999999986,10.39230484541325,-2,1.3054096944732981E-6-3.122797964444468E-11i,0.007179678161721084-1.7175209011937995E-7i
30.000000000000025,10.392304845413257,-2,1.3061495309574242E-6-3.1245677995211013E-11i,0.0071796781617210845-1.7175209011937997E-7i
32,6.928203230275493,-2,1.1850243282948577E-6-2.8348123779710824E-11i,0.0071796781617210845-1.7175209011937997E-7i
35.99999999999999,6.928203230275507,-2,1.1853281499735043E-6-2.8355391794676917E-11i,0.007179678161721084-1.7175209011937997E-7i
36.655881334546876,5.75907343899388,-7,1.0050423704229772E-6-2.404259966679386E-11i,0.007179678161721085-1.7175209011937992E-7i
38,3.464101615137757,-2,8.987475398182584E-7-2.149981725872146E-11i,0.007179678161721084-1.7175209011937997E-7i
34,3.46410161513775,-2,8.945767340468783E-7-2.1400043342317252E-11i,0.0071796781617210845-1.7175209011937997E-7i
36,0,-2,0,0.007179678161721084-1.7175209011937995E-7i
39.9762132327882,0,-7.000000000000001,7.695490954183317E-7-1.8409135146510934E-11i,0.007179678161721084-1.7175209011937997E-7i
40,0,-2,0,0.007179678161721084-1.7175209011937995E-7i
3.464101615137757,30.000000000000004,-2,1.4317277062627614E-6-3.424975611629757E-11i,0.0071796781617210845-1.7175209011937997E-7i
6.928203230275521,28.000000000000004,-2,1.4300545326422417E-6-3.42097304967665E-11i,0.0071796781617210845-1.7175209011937997E-7i
5.772494238396725,30.00175209473225,-7,1.429438421052625E-6-3.419499188998218E-11i,0.007179678161721086-1.7175209011937992E-7i
3.464101615137757,26.000000000000004,-2,1.4274698160578802E-6-3.414789896814765E-11i,0.007179678161721085-1.7175209011938E-7i
0,33.335546224714065,-6.999999999999998,1.4323113623834763E-6-3.426371832412718E-11i,0.007179678161721084-1.7175209011937997E-7i
0,32.00000000000001,-2,1.4329801945337428E-6-3.4279718110908734E-11i,0.007179678161721084-1.7175209011937995E-7i
0,29.34646482331799,-4.5,1.4293033273311267E-6-3.4191760181191485E-11i,0.007179678161721084-1.7175209011937997E-7i
0,28,-1.9999999999999998,1.4300139427920423E-6-3.4208759507335957E-11i,0.007179678161721084-1.7175209011937995E-7i
11.303139515433166,26.804328767248265,-7,1.424645058153843E-6-3.4080325176792195E-11i,0.007179678161721085-1.7175209011937992E-7i
10.392304845413271,25.999999999999996,-2,1.4275318851108025E-6-3.414938378255452E-11i,0.007179678161721084-1.7175209011937995E-7i
6.928203230275521,24,-2,1.4239463348823826E-6-3.4063610335320854E-11i,0.007179678161721084-1.7175209011937997E-7i
13.856406460551021,23.999999999999993,-2,1.4240757571823131E-6-3.4066706372499764E-11i,0.0071796781617210845-1.7175209011937997E-7i
10.392304845413264,22.000000000000004,-2,1.418896573260752E-6-3.3942810057984774E-11i,0.0071796781617210845-1.7175209011937997E-7i
17.12341069857756,23.63481971438806,-7,1.416262940883579E-6-3.387980836693444E-11i,0.007179678161721085-1.7175209011937992E-7i
16.91363066003038,21.86603995860649,-2,1.4187573300415716E-6-3.393947908500931E-11i,0.007179678161721084-1.7175209011937997E-7i
13.47831779214242,19.88728603913046,-2,1.4114430564301624E-6-3.376450720574565E-11i,0.0071796781617210845-1.7175209011937997E-7i
19.72706742558807,19.89249071813691,-2,1.4115766694370054E-6-3.376770349291554E-11i,0.0071796781617210845-1.7175209011937997E-7i
22.246183275432415,17.017009618477047,-2,1.3952983671609245E-6-3.33782943332657E-11i,0.007179678161721084-1.7175209011937997E-7i
21.83673967352761,21.34333433916559,-7,1.4067572552745112E-6-3.3652413582015024E-11i,0.007179678161721085-1.7175209011937997E-7i
19.12912373426611,16.67650646918713,-2,1.392871569737321E-6-3.332024054305235E-11i,0.007179678161721084-1.7175209011937997E-7i
23.99868237249265,16.66492259806207,-7,1.3693176946619761E-6-3.275678530404596E-11i,0.007179678161721086-1.7175209011937992E-7i
24.20566319449038,13.86686417764183,-2,1.3661918891891188E-6-3.268200985991366E-11i,0.0071796781617210845-1.7175209011937997E-7i
20.36990094219591,13.821144161005584,-2,1.3644448445196923E-6-3.264021709890863E-11i,0.0071796781617210845-1.7175209011937997E-7i
27.240673929476973,11.257116875135402,-7,1.2667822228098848E-6-3.030393418658699E-11i,0.007179678161721086-1.7175209011937992E-7i
26.000000000000004,10.392304845413264,-2,1.305975651991516E-6-3.124151846672657E-11i,0.007179678161721084-1.7175209011937997E-7i
22.1557322266463,10.309875081500508,-2,1.3035518255940534E-6-3.118353574932977E-11i,0.0071796781617210845-1.7175209011937997E-7i
28.000000000000007,6.928203230275507,-2,1.1849747230769195E-6-2.834693712486782E-11i,0.0071796781617210845-1.7175209011937997E-7i
30.183501617631297,5.586825446011112,-7,1.0079886121722491E-6-2.41130795918039E-11i,0.007179678161721086-1.7175209011937992E-7i
30.000000000000004,3.46410161513775,-2,8.959041278407249E-7-2.1431797225063735E-11i,0.0071796781617210845-1.7175209011937997E-7i
25.999999999999996,3.464101615137757,-2,8.964233383276076E-7-2.1444217765974514E-11i,0.007179678161721085-1.7175209011938E-7i
32,0,-1.9999999999999998,0,0.007179678161721084-1.7175209011937995E-7i
33.33554943630555,0,-7,7.834294524784226E-7-1.8741180717771217E-11i,0.007179678161721084-1.7175209011937997E-7i
29.346484980377777,0,-4.5,6.502504570105765E-7-1.5555275957644927E-11i,0.007179678161721084-1.7175209011937997E-7i
28.000000000000007,0,-2,0,0.007179678161721084-1.7175209011937995E-7i
6.928203230275507,20.00000000000001,-2,1.411927783914625E-6-3.377610284509321E-11i,0.0071796781617210845-1.7175209011937997E-7i
5.756599002608688,23.35406952575198,-7,1.4152406636453223E-6-3.3855353475169475E-11i,0.007179678161721086-1.7175209011937992E-7i
3.464101615137757,22,-2,1.4191542394012681E-6-3.394897394126614E-11i,0.0071796781617210845-1.7175209011937997E-7i
0,24,-2,1.4240702281394196E-6-3.4066574106867197E-11i,0.007179678161721084-1.7175209011937995E-7i
0,26.692929646635974,-7,1.4243171521375533E-6-3.4072481016874164E-11i,0.007179678161721084-1.7175209011937997E-7i
10.932719817173535,20.083508407174662,-7,1.3993348203151917E-6-3.3474854269560687E-11i,0.007179678161721086-1.7175209011937995E-7i
10.132541794648056,17.86683698084525,-2,1.401396212960839E-6-3.352416685537191E-11i,0.0071796781617210845-1.7175209011937997E-7i
12.970399316698952,16.10559690149075,-2,1.3883158454331808E-6-3.321125861466795E-11i,0.0071796781617210845-1.7175209011937997E-7i
16.479990487218757,18.05508287224861,-2,1.402108823394647E-6-3.354121390521046E-11i,0.007179678161721084-1.7175209011937995E-7i
17.293205867974834,16.859984623664808,-7,1.371404446469503E-6-3.280670453112413E-11i,0.007179678161721085-1.7175209011937992E-7i
16.30584799935704,14.07654757077406,-2,1.3686511477449041E-6-3.274084018455859E-11i,0.007179678161721085-1.7175209011937997E-7i
20.588792610226562,10.882475149788469,-7,1.2553833758098552E-6-3.003125123992733E-11i,0.007179678161721086-1.7175209011937995E-7i
18.180339715515085,10.320661503267722,-2,1.3045429993652963E-6-3.120724658469706E-11i,0.0071796781617210845-1.7175209011937997E-7i
20.11323867736504,6.693098653218868,-2,1.1727054652143693E-6-2.805343223026937E-11i,0.0071796781617210845-1.7175209011937997E-7i
23.999999999999996,6.928203230275507,-2,1.1859569960821239E-6-2.8370435036321737E-11i,0.007179678161721084-1.7175209011937995E-7i
23.63903894792856,5.635415234344443,-7,9.9960818108749E-7-2.3912603118835663E-11i,0.007179678161721085-1.7175209011937992E-7i
21.999999999999993,3.46410161513775,-2,8.958356502187464E-7-2.1430159105020436E-11i,0.0071796781617210845-1.7175209011937997E-7i
23.999999999999993,0,-2,0,0.007179678161721084-1.7175209011937995E-7i
26.692969960755555,0,-6.999999999999999,7.671689878274225E-7-1.8352198269364063E-11i,0.007179678161721084-1.7175209011937997E-7i
6.758610099238098,16.009583309785164,-2,1.3879903139262854E-6-3.3203471257707156E-11i,0.007179678161721084-1.7175209011937997E-7i
5.391293300415576,16.671644807314316,-7,1.369700026544082E-6-3.276593143823078E-11i,0.007179678161721085-1.7175209011937992E-7i
3.464101615137764,18.000000000000004,-2,1.4017487774753116E-6-3.3532600895296675E-11i,0.007179678161721084-1.7175209011937997E-7i
3.464101615137764,14.000000000000007,-2,1.3678200738639939E-6-3.272095925495776E-11i,0.0071796781617210845-1.7175209011937997E-7i
6.68326983868603,12.100026916132798,-2,1.3392186698030506E-6-3.2036757147681384E-11i,0.007179678161721085-1.7175209011938E-7i
0,16.000000000000004,-2.0000000000000004,1.3875627098283205E-6-3.3193242122651984E-11i,0.007179678161721084-1.7175209011937995E-7i
0,20.01520940486799,-7,1.398928591082775E-6-3.34651364635305E-11i,0.007179678161721084-1.7175209011937997E-7i
0,20,-2,1.4118957104639622E-6-3.377533558476976E-11i,0.007179678161721084-1.7175209011937995E-7i
9.993439099926661,14.0524894256952,-2,1.3678614371364393E-6-3.2721948746176816E-11i,0.007179678161721084-1.7175209011937995E-7i
10.755131556995941,13.584643458065507,-7,1.3219616654586323E-6-3.162393550044437E-11i,0.007179678161721085-1.7175209011937992E-7i
12.865391764192232,12.939002837371689,-2,1.3534564730298867E-6-3.237735353763587E-11i,0.007179678161721084-1.7175209011937997E-7i
10.32943854214215,10.04971145663744,-2,1.2975173827961125E-6-3.103917995232798E-11i,0.007179678161721085-1.7175209011937997E-7i
14.601171389768162,10.264632367781118,-2,1.302473916507177E-6-3.1157750033806153E-11i,0.007179678161721084-1.7175209011937995E-7i
16.375589740986626,6.60166676506433,-2,1.1691504475769077E-6-2.7968389182950013E-11i,0.007179678161721084-1.7175209011937997E-7i
15.394958611638955,10.5880739291714,-7,1.2473075387062488E-6-2.9838061256927374E-11i,0.007179678161721086-1.7175209011937995E-7i
12.322290125335385,6.4683431848368045,-2,1.1619226622887786E-6-2.7795486275297607E-11i,0.0071796781617210845-1.7175209011937997E-7i
17.20217043213475,5.717616251627533,-7,1.0164036771922983E-6-2.431438457694787E-11i,0.007179678161721086-1.7175209011937992E-7i
17.999999999999993,3.46410161513775,-2,8.947262505998683E-7-2.1403620073739627E-11i,0.0071796781617210845-1.7175209011937997E-7i
14.054230759891269,3.336968294651946,-2,8.875644803470793E-7-2.123229637619155E-11i,0.0071796781617210845-1.7175209011937997E-7i
19.999999999999993,0,-2,0,0.007179678161721084-1.7175209011937995E-7i
20.015214766982346,0,-7,7.677193909504145E-7-1.8365364999773553E-11i,0.007179678161721084-1.7175209011937997E-7i
15.999999999999996,0,-2,0,0.007179678161721084-1.7175209011937995E-7i
4.718234406471737,10.200121381668858,-7,1.2330193429771382E-6-2.94962593787328E-11i,0.007179678161721086-1.7175209011937992E-7i
6.411457793122679,8.091244515387558,-2,1.2362702870704298E-6-2.957402838596501E-11i,0.007179678161721085-1.7175209011938E-7i
3.288476131246334,9.956069587155355,-2,1.2935885727998566E-6-3.094519505309718E-11i,0.007179678161721085-1.7175209011938E-7i
3.7889545577525174,8.123383563057748,-4.5000000000000355,1.1702718581987269E-6-2.799521554115737E-11i,0.007179678161721086-1.7175209011937995E-7i
0,12,-2,1.3381212297708478E-6-3.2010504213348415E-11i,0.007179678161721084-1.7175209011937995E-7i
0,13.379299893056398,-7,1.3189625927966754E-6-3.1552191755598414E-11i,0.007179678161721084-1.7175209011937997E-7i
0,9.338351953214044,-4.5,1.2200103262666931E-6-2.918505799058012E-11i,0.007179678161721084-1.7175209011937997E-7i
10.2176262754637,6.145201433500844,-7,1.0418438083366545E-6-2.4922962788747168E-11i,0.0071796781617210845-1.717520901193799E-7i
9.186935888081038,6.302866068983363,-2,1.1524254346692142E-6-2.7568293822201863E-11i,0.007179678161721084-1.7175209011937997E-7i
10.2655705724368,3.4002731164928903,-2,8.863847569881251E-7-2.1204075062074275E-11i,0.0071796781617210845-1.7175209011937997E-7i
13.37927688892798,0,-7,7.784371827466039E-7-1.8621755760055007E-11i,0.0071796781617210845-1.7175209011938E-7i
12,0,-2,0,0.007179678161721084-1.7175209011937995E-7i
9.33834681000491,0,-4.499999999999999,6.508956734844898E-7-1.557071081077873E-11i,0.007179678161721084-1.7175209011937997E-7i
6.061473019494578,3.6354166607010328,-2,9.229237657404604E-7-2.2078160359875353E-11i,0.007179678161721085-1.7175209011937997E-7i
8,0,-2,0,0.007179678161721084-1.7175209011937995E-7i
2.8596747090332286,6.046645744446643,-2,1.1370832897864186E-6-2.7201279397435077E-11i,0.0071796781617210845-1.7175209011937997E-7i
0,7.999999999999997,-1.9999999999999998,1.2326537713636105E-6-2.948751418329398E-11i,0.007179678161721084-1.7175209011937995E-7i
4.211497820965633,4.683077691111585,-7,9.395581408514019E-7-2.2476087485406724E-11i,0.007179678161721086-1.7175209011937992E-7i
0,6.676703906428087,-7,1.0761852012614968E-6-2.5744476773022854E-11i,0.007179678161721084-1.7175209011937997E-7i
6.67669362000982,0,-6.999999999999998,7.738351365498495E-7-1.8511665720457893E-11i,0.007179678161721084-1.7175209011937997E-7i
2.541341593178103,2.8081215334472205,-2,7.943706381397772E-7-1.900291550077878E-11i,0.007179678161721084-1.7175209011937997E-7i
4.000000000000001,0,-2.0000000000000004,0,0.007179678161721084-1.7175209011937995E-7i
0,3.999999999999999,-2,9.604726830282819E-7-2.297640466562808E-11i,0.007179678161721084-1.7175209011937995E-7i
0,0,-7,7.814482969262303E-7-1.8693787561800193E-11i,0.007179678161721084-1.7175209011937995E-7i
0,0,-2,0,0.007179678161721084-1.7175209011937995E-7i
100,100,0,1.4359356297232866E-6-3.435041796117818E-11i,0.007179678161721084-1.7175209011937995E-7i
96.95484303425009,100.00000000000001,0,1.4359356258028318E-6-3.4350417867393124E-11i,0.007179678161721084-1.7175209011937995E-7i
97.95356588423205,97.64189882629762,0,1.4359356177318502E-6-3.43504176743193E-11i,0.0071796781617210845-1.7175209011938E-7i
100,96.95484303425008,0,1.4359356197565506E-6-3.435041772275415E-11i,0.007179678161721084-1.7175209011937995E-7i
97.74749489817427,95.30815833782577,0,1.4359356153803E-6-3.435041761806559E-11i,0.0071796781617210845-1.7175209011937997E-7i
100,93.89469768885759,0,1.4359356094515314E-6-3.435041747623772E-11i,0.007179678161721084-1.7175209011937995E-7i
95.26844120411076,93.97839003899958,0,1.435935605022223E-6-3.4350417370279916E-11i,0.007179678161721085-1.7175209011938E-7i
97.49404500413758,92.31673162425523,0,1.4359355986356708E-6-3.435041721750096E-11i,0.0071796781617210845-1.7175209011937997E-7i
100,90.87647564810766,0,1.435935587622834E-6-3.435041695405217E-11i,0.007179678161721084-1.7175209011937995E-7i
95.2102983312353,97.17087910742424,0,1.4359356195951974E-6-3.4350417718894254E-11i,0.0071796781617210845-1.7175209011938E-7i
93.89469768885759,99.99999999999999,0,1.4359356221471878E-6-3.435041777994293E-11i,0.007179678161721084-1.7175209011937995E-7i
90.87647564810767,99.99999999999999,0,1.4359356221178063E-6-3.4350417779240085E-11i,0.007179678161721084-1.7175209011937995E-7i
92.00420194035212,97.29130610020688,0,1.4359356181191395E-6-3.435041768358405E-11i,0.0071796781617210845-1.7175209011937997E-7i
99.99999999999999,87.81599887152417,0,1.4359355549151453E-6-3.4350416171619554E-11i,0.007179678161721084-1.7175209011937995E-7i
97.29275571667813,86.25346202401593,0,1.4359355198315395E-6-3.435041533235044E-11i,0.0071796781617210845-1.7175209011937997E-7i
97.3384550552897,89.28127076181617,0,1.435935569869737E-6-3.435041652936299E-11i,0.0071796781617210845-1.7175209011937997E-7i
100.00000000000001,84.81013526005408,0,1.435935486833743E-6-3.435041454297796E-11i,0.007179678161721084-1.7175209011937995E-7i
87.81599887152416,99.99999999999999,0,1.435935625775569E-6-3.435041786674101E-11i,0.007179678161721084-1.7175209011937995E-7i
89.10910255489807,97.34437861513646,0,1.435935618279504E-6-3.4350417687420336E-11i,0.0071796781617210845-1.7175209011937997E-7i
86.12385380386331,97.3101935008347,0,1.4359356197832637E-6-3.4350417723393186E-11i,0.0071796781617210845-1.7175209011937997E-7i
84.81013526005414,100,0,1.4359356236417874E-6-3.435041781569669E-11i,0.007179678161721084-1.7175209011937995E-7i
94.81033141477539,90.899966921084,0,1.4359355847015832E-6-3.4350416884170065E-11i,0.007179678161721085-1.7175209011938E-7i
94.51319810307209,87.72118842855858,0,1.4359355481588761E-6-3.43504160099963E-11i,0.0071796781617210845-1.7175209011937997E-7i
93.05077769979204,95.04828729396223,0,1.4359356113016742E-6-3.435041752049683E-11i,0.007179678161721084-1.7175209011937997E-7i
90.57610560983147,94.6925983034559,0,1.4359356111512542E-6-3.43504175168985E-11i,0.0071796781617210845-1.7175209011937997E-7i
92.65198448218528,92.46937689040722,0,1.435935597902931E-6-3.4350417199972436E-11i,0.0071796781617210845-1.7175209011937997E-7i
92.04485362260255,89.3212184678255,0,1.4359355696112718E-6-3.4350416523179986E-11i,0.0071796781617210845-1.7175209011937997E-7i
87.57099838755934,94.41823357127475,0,1.4359356097014295E-6-3.4350417482215806E-11i,0.007179678161721085-1.7175209011938E-7i
89.27288135790363,91.14746685242241,0,1.4359355899623884E-6-3.4350417010018945E-11i,0.0071796781617210845-1.7175209011938E-7i
100,78.75102042045316,0,1.4359351933282204E-6-3.435040752174578E-11i,0.007179678161721084-1.7175209011937995E-7i
99.99999999999999,81.76101289108252,0,1.4359353755212221E-6-3.435041188016247E-11i,0.007179678161721084-1.7175209011937995E-7i
97.28724536207424,80.1960020053374,0,1.4359352894555291E-6-3.435040982130101E-11i,0.0071796781617210845-1.7175209011937997E-7i
100,72.6980034620862,0,1.4359343403869388E-6-3.435038711770476E-11i,0.007179678161721084-1.7175209011937995E-7i
97.37457460994251,71.18671034641866,0,1.4359339503442194E-6-3.435037778711209E-11i,0.0071796781617210845-1.7175209011937997E-7i
97.36548133100817,74.20724065245813,0,1.4359346423150679E-6-3.435039434042228E-11i,0.0071796781617210845-1.7175209011937997E-7i
100.00000000000003,69.67541723075111,0,1.4359334368858237E-6-3.4350365504172574E-11i,0.007179678161721084-1.7175209011937995E-7i
97.29165697743963,83.27936113822292,0,1.4359354373178527E-6-3.435041335845997E-11i,0.0071796781617210845-1.7175209011937997E-7i
94.55751419783981,84.73576059637153,0,1.4359354835510084E-6-3.435041446444841E-11i,0.007179678161721085-1.7175209011938E-7i
94.5497981078166,81.65344700861105,0,1.4359353687384298E-6-3.4350411717904684E-11i,0.0071796781617210845-1.7175209011937997E-7i
94.5788527375947,78.65311750639356,0,1.435935181250248E-6-3.4350407232816793E-11i,0.007179678161721085-1.7175209011938E-7i
83.22156515823076,97.32597733129914,0,1.4359356189819506E-6-3.435041770422417E-11i,0.0071796781617210845-1.7175209011937997E-7i
81.76101289108254,100,0,1.4359356224862504E-6-3.435041778805396E-11i,0.007179678161721084-1.7175209011937995E-7i
78.7510204204533,100.00000000000001,0,1.4359356187994794E-6-3.43504176998591E-11i,0.007179678161721084-1.7175209011937995E-7i
80.22118923268319,97.30547892971498,0,1.435935617989734E-6-3.4350417680488414E-11i,0.0071796781617210845-1.7175209011937997E-7i
81.65289334004912,94.51789046321133,0,1.435935609442698E-6-3.435041747602644E-11i,0.0071796781617210845-1.7175209011937997E-7i
84.6656963697528,94.49060501718716,0,1.4359356108273967E-6-3.4350417509151146E-11i,0.007179678161721085-1.7175209011938E-7i
78.76451679037383,94.52660415824396,0,1.4359356104975688E-6-3.435041750126102E-11i,0.007179678161721085-1.7175209011938E-7i
91.71986287911074,86.16096024734048,0,1.4359355158323724E-6-3.4350415236682446E-11i,0.0071796781617210845-1.7175209011937997E-7i
91.69365443073053,83.14397495665995,0,1.4359354334467152E-6-3.435041326585471E-11i,0.007179678161721085-1.7175209011938E-7i
89.1576654239343,87.82020358752033,0,1.4359355476276848E-6-3.435041599728915E-11i,0.007179678161721085-1.7175209011938E-7i
88.78686451890897,84.64014199459021,0,1.4359354817090078E-6-3.435041442038409E-11i,0.007179678161721085-1.7175209011938E-7i
86.954429512682,89.28542500017397,0,1.4359355687405212E-6-3.4350416502349944E-11i,0.007179678161721084-1.7175209011937997E-7i
86.01847708139562,91.70603229618999,0,1.4359355925211436E-6-3.4350417071229425E-11i,0.007179678161721085-1.7175209011938E-7i
83.02867230083305,91.73508191222062,0,1.435935593068246E-6-3.4350417084317154E-11i,0.007179678161721085-1.7175209011938E-7i
84.49739473303461,89.09604689795728,0,1.4359355682474113E-6-3.435041649055379E-11i,0.007179678161721085-1.7175209011938E-7i
97.34323334120216,77.23374913164162,0,1.4359350507488425E-6-3.435040411096534E-11i,0.0071796781617210845-1.7175209011937997E-7i
94.70636053871175,75.70102935737191,0,1.435934875045732E-6-3.4350399907799665E-11i,0.0071796781617210845-1.7175209011937997E-7i
100,75.71647784283006,0,1.435934875415858E-6-3.4350399916653845E-11i,0.007179678161721084-1.7175209011937995E-7i
91.61039631527254,77.06319048730064,0,1.4359350335725947E-6-3.4350403700075506E-11i,0.007179678161721085-1.7175209011938E-7i
91.65184006026533,74.07369111612789,0,1.4359346170154753E-6-3.4350393735205997E-11i,0.0071796781617210845-1.7175209011937997E-7i
94.62557404244164,72.56535549465399,0,1.435934310270768E-6-3.435038639726642E-11i,0.007179678161721085-1.7175209011938E-7i
75.71647784282992,100,0,1.4359356257431874E-6-3.43504178659663E-11i,0.007179678161721084-1.7175209011937995E-7i
77.22963877433513,97.27437410280686,0,1.435935617389432E-6-3.435041766612799E-11i,0.0071796781617210845-1.7175209011937997E-7i
74.18235940310159,97.21558405537078,0,1.4359356175601647E-6-3.435041767021226E-11i,0.0071796781617210845-1.7175209011937997E-7i
72.69800346208646,100.00000000000003,0,1.4359356236034028E-6-3.435041781477842E-11i,0.007179678161721084-1.7175209011937995E-7i
71.16996897666864,97.24219201075361,0,1.4359356176747852E-6-3.4350417672954214E-11i,0.0071796781617210845-1.7175209011937997E-7i
69.67541723075185,100,0,1.4359356211841058E-6-3.4350417756904134E-11i,0.007179678161721084-1.7175209011937995E-7i
100.00000000000003,66.65023100530848,0,1.4359319152263407E-6-3.435032910307062E-11i,0.007179678161721084-1.7175209011937995E-7i
97.34637782385602,68.16282411802979,0,1.4359327760185197E-6-3.4350349694920634E-11i,0.0071796781617210845-1.7175209011937997E-7i
94.63852870008026,69.58174777474954,0,1.4359334060298354E-6-3.4350364766036326E-11i,0.0071796781617210845-1.7175209011937997E-7i
94.63516500843276,66.58316168458191,0,1.4359318600153997E-6-3.435032778231581E-11i,0.007179678161721085-1.7175209011938E-7i
91.76215437614715,80.11833343467714,0,1.4359352855327294E-6-3.435040972745986E-11i,0.0071796781617210845-1.7175209011937997E-7i
88.82250412721694,81.52263183438234,0,1.4359353615122012E-6-3.4350411545039007E-11i,0.0071796781617210845-1.7175209011937997E-7i
88.86602573183112,78.55585530497736,0,1.435935174758076E-6-3.4350407077511236E-11i,0.0071796781617210845-1.7175209011937997E-7i
75.72003493946781,94.49750770504997,0,1.4359356099622036E-6-3.435041748845404E-11i,0.0071796781617210845-1.7175209011937997E-7i
74.24246032868398,91.86905600957706,0,1.4359355952351628E-6-3.43504171361541E-11i,0.0071796781617210845-1.7175209011937997E-7i
77.33428981174312,91.84824683832245,0,1.435935594239945E-6-3.435041711234649E-11i,0.0071796781617210845-1.7175209011937997E-7i
72.61264812858916,94.46658364994096,0,1.4359356115453774E-6-3.435041752632666E-11i,0.007179678161721085-1.7175209011938E-7i
76.06821511325154,89.76829947908438,0,1.4359355743963352E-6-3.435041663764813E-11i,0.0071796781617210845-1.7175209011938E-7i
81.50029031112305,88.89738833606097,0,1.4359355667193706E-6-3.435041645399996E-11i,0.007179678161721084-1.7175209011937997E-7i
78.63983851593409,89.11374010946153,0,1.4359355658851872E-6-3.435041643404466E-11i,0.0071796781617210845-1.7175209011937997E-7i
80.13676778779356,91.79155294423532,0,1.4359355945193678E-6-3.435041711903085E-11i,0.0071796781617210845-1.7175209011937997E-7i
82.81659094618222,86.44245367918815,0,1.4359355232585196E-6-3.435041541433055E-11i,0.0071796781617210845-1.7175209011937997E-7i
86.08344636120637,82.78274734587724,0,1.435935419857508E-6-3.435041294077402E-11i,0.0071796781617210845-1.7175209011937997E-7i
86.1157026685815,86.24599782702205,0,1.4359355209568948E-6-3.435041535927114E-11i,0.0071796781617210845-1.7175209011938E-7i
83.74457962521097,84.13348762673493,0,1.4359354650658857E-6-3.4350414022247723E-11i,0.0071796781617210845-1.7175209011938E-7i
81.06722393666841,83.87955186695234,0,1.4359354583235346E-6-3.435041386095739E-11i,0.0071796781617210845-1.7175209011937997E-7i
79.63441737015104,86.26050900462874,0,1.4359355237533664E-6-3.435041542616827E-11i,0.007179678161721084-1.7175209011937995E-7i
76.39715549871917,86.39561647486097,0,1.435935523917881E-6-3.435041543010376E-11i,0.0071796781617210845-1.7175209011938E-7i
78.02612784126363,83.39956102598148,0,1.435935443531876E-6-3.43504135071117E-11i,0.007179678161721085-1.7175209011938E-7i
79.9100358775695,81.61641218204709,0,1.4359353669764374E-6-3.435041167575434E-11i,0.007179678161721084-1.7175209011937997E-7i
83.0749720307389,81.16693431899617,0,1.4359353487204104E-6-3.4350411239034053E-11i,0.007179678161721085-1.7175209011937997E-7i
88.79619348652656,75.45781260196567,0,1.435934839601076E-6-3.4350399059893435E-11i,0.0071796781617210845-1.7175209011937997E-7i
86.08772452556533,76.87656223741303,0,1.4359350165347978E-6-3.4350403292497737E-11i,0.007179678161721085-1.7175209011938E-7i
91.78875642912922,71.05732814647324,0,1.435933907193377E-6-3.435037675485866E-11i,0.007179678161721085-1.7175209011938E-7i
89.14065336846222,72.6392115027711,0,1.4359343318646464E-6-3.4350386913834664E-11i,0.0071796781617210845-1.7175209011937997E-7i
66.65023100530888,100,0,1.4359356248377024E-6-3.4350417844305337E-11i,0.007179678161721084-1.7175209011937995E-7i
68.17604842999091,97.2366672163181,0,1.4359356168300344E-6-3.435041765274613E-11i,0.0071796781617210845-1.7175209011937997E-7i
69.68664252836138,94.48704462418274,0,1.4359356092746769E-6-3.4350417472007014E-11i,0.0071796781617210845-1.7175209011937997E-7i
66.62757769008564,94.51142714387728,0,1.4359356120356672E-6-3.4350417538055363E-11i,0.007179678161721085-1.7175209011938E-7i
63.635476683081,100,0,1.4359356264720614E-6-3.435041788340242E-11i,0.007179678161721084-1.7175209011937995E-7i
65.13799148932344,97.23771718455848,0,1.435935619799464E-6-3.435041772378072E-11i,0.0071796781617210845-1.7175209011937997E-7i
62.0395735357923,97.24185505353265,0,1.4359356192217012E-6-3.4350417709959515E-11i,0.0071796781617210845-1.7175209011937997E-7i
60.61341462560943,100,0,1.4359356248769907E-6-3.435041784524521E-11i,0.007179678161721084-1.7175209011937995E-7i
58.97504576330898,97.1792852357206,0,1.4359356191016501E-6-3.435041770708765E-11i,0.0071796781617210845-1.7175209011937997E-7i
57.584269322328645,100,0,1.435935618668262E-6-3.435041769672013E-11i,0.007179678161721084-1.7175209011937995E-7i
54.57099458712293,100,0,1.4359356204916881E-6-3.435041774034011E-11i,0.007179678161721084-1.7175209011937995E-7i
55.93095365336443,97.18313608004249,0,1.4359356204776628E-6-3.4350417740004576E-11i,0.0071796781617210845-1.7175209011937997E-7i
51.50297645867,100,0,1.4359356260341695E-6-3.435041787292723E-11i,0.007179678161721084-1.7175209011937995E-7i
53.036985522896465,97.33421220283635,0,1.4359356189066968E-6-3.4350417702423996E-11i,0.0071796781617210845-1.7175209011937997E-7i
49.82283408920923,97.10323170350586,0,1.4359356198453427E-6-3.435041772487823E-11i,0.0071796781617210845-1.7175209011937997E-7i
48.49702354132971,100,0,1.4359356243768174E-6-3.435041783328001E-11i,0.007179678161721084-1.7175209011937995E-7i
99.99999999999999,60.61341462560885,0,1.435924926279187E-6-3.435016191364311E-11i,0.007179678161721084-1.7175209011937995E-7i
97.31620150456288,59.08596433889757,0,1.435921662927193E-6-3.435008384781443E-11i,0.0071796781617210845-1.7175209011937997E-7i
97.33541673345943,62.11417883007074,0,1.4359274145870421E-6-3.4350221438884424E-11i,0.0071796781617210845-1.7175209011937997E-7i
100,57.584269322327984,0,1.4359174999143851E-6-3.434998426032112E-11i,0.007179678161721084-1.7175209011937995E-7i
97.35582789089983,65.14285384419468,0,1.4359307847765183E-6-3.4350302060476896E-11i,0.0071796781617210845-1.7175209011937997E-7i
94.63660063519666,63.63745132558769,0,1.435929324971736E-6-3.435026713906164E-11i,0.0071796781617210845-1.7175209011937997E-7i
100.00000000000003,63.635476683080874,0,1.4359293282756634E-6-3.435026721809807E-11i,0.007179678161721084-1.7175209011937995E-7i
89.23889677299417,69.52474518042322,0,1.4359333810720753E-6-3.435036416899739E-11i,0.007179678161721084-1.7175209011937997E-7i
87.06018609051357,70.85478058689688,0,1.4359338514491487E-6-3.435037542134653E-11i,0.007179678161721084-1.7175209011937997E-7i
91.92579768629797,68.04151368003888,0,1.4359327178492266E-6-3.4350348303396204E-11i,0.0071796781617210845-1.7175209011937997E-7i
89.12692711655089,66.61586630848038,0,1.4359318796068042E-6-3.435032825098095E-11i,0.0071796781617210845-1.7175209011937997E-7i
91.89675830084522,65.13701864978785,0,1.4359307691804214E-6-3.435030168738744E-11i,0.007179678161721085-1.7175209011938E-7i
91.93229909505672,62.09895470871977,0,1.4359273718273066E-6-3.4350220415987056E-11i,0.0071796781617210845-1.7175209011937997E-7i
94.65936176725577,60.60444169314072,0,1.435924906110717E-6-3.435016143117349E-11i,0.007179678161721085-1.7175209011938E-7i
89.16917247228199,63.57130746189533,0,1.4359292541186635E-6-3.4350265444116096E-11i,0.0071796781617210845-1.7175209011937997E-7i
100,51.502976458669224,0,1.4358830420588993E-6-3.434915996032222E-11i,0.007179678161721084-1.7175209011937995E-7i
97.23978379802827,50.03341951378302,0,1.4358679135187508E-6-3.4348798055744826E-11i,0.0071796781617210845-1.7175209011937997E-7i
97.3088846679282,53.025004637050436,0,1.435895494950274E-6-3.43494578580933E-11i,0.0071796781617210845-1.7175209011937997E-7i
100,54.57099458712227,0,1.435905007870721E-6-3.434968542594986E-11i,0.007179678161721084-1.7175209011937995E-7i
85.9520531021385,73.45151372975582,0,1.4359345056395698E-6-3.435039107087425E-11i,0.007179678161721085-1.7175209011937997E-7i
83.14487004380472,78.19241239000971,0,1.4359351475188788E-6-3.435040642589576E-11i,0.007179678161721084-1.7175209011937995E-7i
86.09413770884294,79.8089974184166,0,1.4359352679533386E-6-3.435040930692609E-11i,0.0071796781617210845-1.7175209011937997E-7i
83.28953685735115,75.49515639809296,0,1.4359348447559882E-6-3.435039918320914E-11i,0.0071796781617210845-1.7175209011937997E-7i
80.37112443660621,79.22971994002181,0,1.4359352249176136E-6-3.43504082774265E-11i,0.0071796781617210845-1.7175209011937997E-7i
80.69574767558161,76.75880771401074,0,1.4359350006234317E-6-3.435040291186642E-11i,0.0071796781617210845-1.7175209011937997E-7i
71.1504430282879,91.43775895213773,0,1.4359355926264137E-6-3.4350417073747654E-11i,0.007179678161721085-1.7175209011938E-7i
73.26913716494822,88.54318442580043,0,1.4359355620910939E-6-3.435041634328245E-11i,0.007179678161721085-1.7175209011937997E-7i
75.36886757784903,83.01748711643822,0,1.435935429403029E-6-3.435041316912173E-11i,0.0071796781617210845-1.7175209011937997E-7i
73.54487385745088,85.23545594409532,0,1.4359354933970793E-6-3.435041469998588E-11i,0.007179678161721084-1.7175209011937997E-7i
77.20283922876845,79.94139458077363,0,1.435935275863103E-6-3.43504094961433E-11i,0.007179678161721085-1.7175209011937997E-7i
78.54875255313794,77.63788804495131,0,1.4359350859941507E-6-3.435040495410274E-11i,0.007179678161721084-1.7175209011937997E-7i
86.35907107359701,65.05753444838835,0,1.43593072029499E-6-3.435030051795128E-11i,0.007179678161721085-1.7175209011938E-7i
83.81642407437377,70.49846213873718,0,1.4359337347424024E-6-3.4350372629490564E-11i,0.0071796781617210845-1.7175209011938E-7i
82.84922134527318,73.14646979676475,0,1.4359344399890873E-6-3.435038950038497E-11i,0.007179678161721084-1.7175209011937997E-7i
80.25518950240442,68.43723815274807,0,1.4359329025518576E-6-3.4350352721848143E-11i,0.0071796781617210845-1.7175209011938E-7i
83.53612526966026,66.91012766007235,0,1.4359320639895063E-6-3.435033266177954E-11i,0.0071796781617210845-1.7175209011937997E-7i
80.32769157262928,71.53742096746494,0,1.4359340485743755E-6-3.435038013697153E-11i,0.007179678161721085-1.7175209011938E-7i
63.56498615746171,94.506685706199,0,1.435935609744563E-6-3.435041748324763E-11i,0.0071796781617210845-1.7175209011937997E-7i
60.482860907047765,94.41375539920762,0,1.435935611059958E-6-3.435041751471449E-11i,0.007179678161721085-1.7175209011938E-7i
65.08708434169394,91.75182940998812,0,1.435935594408615E-6-3.4350417116381434E-11i,0.007179678161721085-1.7175209011938E-7i
61.979898997178914,91.82993498496005,0,1.4359355954175018E-6-3.4350417140515986E-11i,0.0071796781617210845-1.7175209011937997E-7i
68.1093436992315,91.70777449763139,0,1.4359355940511502E-6-3.4350417107830183E-11i,0.0071796781617210845-1.7175209011937997E-7i
69.58438834646239,88.66913652788035,0,1.4359355601636096E-6-3.435041629717322E-11i,0.0071796781617210845-1.7175209011937997E-7i
66.52959109019459,88.99746072385551,0,1.4359355654810406E-6-3.435041642437668E-11i,0.0071796781617210845-1.7175209011937997E-7i
63.5627898335174,89.29498172616579,0,1.4359355697342288E-6-3.4350416526121344E-11i,0.0071796781617210845-1.7175209011937997E-7i
64.69260468814475,87.1623457014428,0,1.4359355359489072E-6-3.4350415717909695E-11i,0.007179678161721084-1.7175209011937997E-7i
57.399289558099056,94.34797755457286,0,1.4359356096969652E-6-3.4350417482109E-11i,0.007179678161721085-1.7175209011938E-7i
55.79593246284508,91.3197915464711,0,1.4359355914251482E-6-3.4350417045011005E-11i,0.0071796781617210845-1.7175209011937997E-7i
59.07114866824158,91.61675380409201,0,1.4359355925104092E-6-3.4350417070972586E-11i,0.007179678161721085-1.7175209011938E-7i
54.30492792440705,94.40149451736872,0,1.4359356101466782E-6-3.4350417492867003E-11i,0.0071796781617210845-1.7175209011937997E-7i
46.755452598639515,97.13132101932297,0,1.4359356190710635E-6-3.435041770635592E-11i,0.0071796781617210845-1.7175209011937997E-7i
45.429005412876876,100,0,1.4359356190539598E-6-3.4350417705946784E-11i,0.007179678161721084-1.7175209011937995E-7i
39.386585374390286,100.00000000000001,0,1.4359356254458377E-6-3.435041785885318E-11i,0.007179678161721084-1.7175209011937995E-7i
40.76813480176548,97.21247391742324,0,1.4359356178695998E-6-3.435041767761458E-11i,0.0071796781617210845-1.7175209011937997E-7i
37.75197805716819,97.24334657342631,0,1.435935619285278E-6-3.435041771148039E-11i,0.0071796781617210845-1.7175209011937997E-7i
42.41573067767122,100,0,1.4359356226614183E-6-3.43504177922443E-11i,0.007179678161721084-1.7175209011937995E-7i
52.831174212103,91.22604571526725,0,1.4359355870520022E-6-3.43504169403967E-11i,0.007179678161721085-1.7175209011938E-7i
51.282004484601785,94.42789437128152,0,1.4359356101424956E-6-3.435041749276692E-11i,0.007179678161721085-1.7175209011938E-7i
48.072428926032536,94.23946845963899,0,1.43593560938009E-6-3.4350417474528674E-11i,0.0071796781617210845-1.7175209011937997E-7i
94.67290128032235,57.538775421508106,0,1.4359173250665714E-6-3.4349980077615854E-11i,0.0071796781617210845-1.7175209011937997E-7i
97.31058218333271,56.06013505521503,0,1.4359120075774729E-6-3.4349852872768185E-11i,0.0071796781617210845-1.7175209011937997E-7i
94.71582099295516,54.54914155534045,0,1.4359047901625762E-6-3.434968021794079E-11i,0.007179678161721085-1.7175209011938E-7i
92.19423112382022,55.99389640502463,0,1.4359116789555977E-6-3.434984501148347E-11i,0.0071796781617210845-1.7175209011937997E-7i
92.14117113773614,52.98662182796305,0,1.4358950521207536E-6-3.4349447264736053E-11i,0.0071796781617210845-1.7175209011937997E-7i
91.98735434733433,59.057537404427016,0,1.4359215989498607E-6-3.4350082317350186E-11i,0.0071796781617210845-1.7175209011937997E-7i
89.34238658773103,60.46495049428308,0,1.4359246802572046E-6-3.435015602831114E-11i,0.007179678161721085-1.7175209011938E-7i
86.54923973346023,61.86178520172761,0,1.4359270516861406E-6-3.4350212757577696E-11i,0.007179678161721085-1.7175209011938E-7i
86.4276190484503,68.23980575833384,0,1.4359328105718392E-6-3.4350350521504306E-11i,0.007179678161721084-1.7175209011937995E-7i
83.29837662468356,63.044560651251516,0,1.4359286503809275E-6-3.435025100151634E-11i,0.0071796781617210845-1.7175209011938E-7i
94.66075096270578,51.50521582804809,0,1.4358832524931313E-6-3.4349164994324874E-11i,0.0071796781617210845-1.7175209011937997E-7i
94.56380613735338,48.466979319887585,0,1.4358466205891578E-6-3.4348288686789803E-11i,0.007179678161721085-1.7175209011938E-7i
97.16180189627354,46.8888597102044,0,1.4358184155882064E-6-3.434761396742828E-11i,0.0071796781617210845-1.7175209011937997E-7i
100,48.49702354132891,0,1.4358469863262289E-6-3.4348297435943326E-11i,0.007179678161721084-1.7175209011937995E-7i
99.99999999999999,45.42900541287603,0,1.4357848536992186E-6-3.4346811100718646E-11i,0.007179678161721084-1.7175209011937995E-7i
100.00000000000001,39.38658537438947,0,1.4355010733080536E-6-3.434002251295473E-11i,0.007179678161721084-1.7175209011937995E-7i
97.33740487418407,40.901158026029925,0,1.4356031924385473E-6-3.434246540436413E-11i,0.0071796781617210845-1.7175209011937997E-7i
100,42.41573067767038,0,1.435680884170133E-6-3.43443239441182E-11i,0.007179678161721084-1.7175209011937995E-7i
97.25075945114781,37.877093055447325,0,1.4353715550325863E-6-3.4336924179851324E-11i,0.0071796781617210845-1.7175209011937997E-7i
97.21248039425822,43.94871750458398,0,1.4357405475987116E-6-3.434575121123677E-11i,0.0071796781617210845-1.7175209011937997E-7i
100,36.36452331691866,0,1.435199899476205E-6-3.4332817839716693E-11i,0.007179678161721084-1.7175209011937995E-7i
97.19257770274999,34.84250887572187,0,1.4349784248191496E-6-3.4327519728241425E-11i,0.0071796781617210845-1.7175209011937997E-7i
100,33.349768994690564,0,1.434694299104673E-6-3.4320722879661475E-11i,0.007179678161721084-1.7175209011937995E-7i
97.18823229541238,31.666153112667654,0,1.4342724228464103E-6-3.431063076585129E-11i,0.0071796781617210845-1.7175209011937997E-7i
100.00000000000001,30.324582769248487,0,1.4338347668992958E-6-3.430016117069995E-11i,0.007179678161721084-1.7175209011937995E-7i
36.36452331691892,100.00000000000003,0,1.4359356219227844E-6-3.435041777457476E-11i,0.007179678161721084-1.7175209011937995E-7i
34.78819671705919,97.25609857048735,0,1.4359356187887104E-6-3.435041769960151E-11i,0.0071796781617210845-1.7175209011937997E-7i
33.34976899469062,100,0,1.435935623901872E-6-3.435041782191846E-11i,0.007179678161721084-1.7175209011937995E-7i
30.32458276924818,100,0,1.4359356223555833E-6-3.4350417784928186E-11i,0.007179678161721084-1.7175209011937995E-7i
31.794010046864685,97.24931565786366,0,1.4359356145766186E-6-3.435041759883995E-11i,0.0071796781617210845-1.7175209011937997E-7i
80.48363906031392,74.19190941791211,0,1.4359346382463603E-6-3.435039424309073E-11i,0.0071796781617210845-1.7175209011937997E-7i
78.5933174919526,75.7225603626052,0,1.4359348706324598E-6-3.435039980222548E-11i,0.007179678161721084-1.7175209011937997E-7i
77.41989427294452,73.60650758228381,0,1.4359345312218139E-6-3.435039168285208E-11i,0.0071796781617210845-1.7175209011938E-7i
77.38761265922258,70.49426741497298,0,1.4359337291653334E-6-3.435037249607605E-11i,0.007179678161721085-1.7175209011938E-7i
67.34812291406155,85.86275063584894,0,1.4359355109413394E-6-3.435041511967924E-11i,0.0071796781617210845-1.7175209011938E-7i
70.74018477326494,85.93488718347322,0,1.4359355114499279E-6-3.43504151318457E-11i,0.0071796781617210845-1.7175209011937997E-7i
69.09866594222163,82.95829517960865,0,1.4359354243653258E-6-3.435041304860992E-11i,0.0071796781617210845-1.7175209011937997E-7i
72.05410020387305,82.87964024683735,0,1.4359354204993222E-6-3.435041295612748E-11i,0.007179678161721085-1.7175209011938E-7i
73.80511897151789,79.59902337191332,0,1.4359352525844102E-6-3.435040893927095E-11i,0.007179678161721085-1.7175209011938E-7i
70.59030089995031,79.89213668700704,0,1.4359352727904202E-6-3.4350409422638654E-11i,0.0071796781617210845-1.7175209011937997E-7i
75.74282476914352,76.6014389406358,0,1.4359349882691224E-6-3.43504026163269E-11i,0.0071796781617210845-1.7175209011938E-7i
74.73380630924794,73.95808447043856,0,1.4359345989076329E-6-3.4350393302030626E-11i,0.007179678161721084-1.7175209011937997E-7i
75.32284358351566,71.96723676752353,0,1.435934166359357E-6-3.4350382954621044E-11i,0.007179678161721084-1.7175209011937997E-7i
71.86586065203255,76.09897550810994,0,1.4359349221185134E-6-3.4350401033873616E-11i,0.007179678161721085-1.7175209011937997E-7i
68.35087987364494,77.79623022249444,0,1.4359351089984297E-6-3.435040550441058E-11i,0.007179678161721085-1.7175209011938E-7i
76.93866220873561,67.91946011109798,0,1.4359326456689687E-6-3.435034657670178E-11i,0.007179678161721084-1.7175209011937997E-7i
80.84993566792011,65.46691903782332,0,1.4359310358016963E-6-3.4350308065495185E-11i,0.0071796781617210845-1.7175209011938E-7i
78.21076170702577,65.74029737863336,0,1.4359312703362139E-6-3.4350313676024364E-11i,0.0071796781617210845-1.7175209011937997E-7i
60.5583765040373,88.97396020272143,0,1.4359355641482222E-6-3.4350416392493075E-11i,0.0071796781617210845-1.7175209011937997E-7i
62.28803980305014,86.74617270714432,0,1.4359355285141562E-6-3.4350415540055776E-11i,0.0071796781617210845-1.7175209011937997E-7i
67.11412530768847,80.4349433569075,0,1.4359353040381513E-6-3.43504101701461E-11i,0.007179678161721085-1.7175209011938E-7i
64.28568605125436,84.53678519234757,0,1.4359354742467852E-6-3.435041424187301E-11i,0.0071796781617210845-1.7175209011937997E-7i
61.34982485667744,83.63815278377848,0,1.4359354510435458E-6-3.4350413686805674E-11i,0.007179678161721085-1.7175209011938E-7i
66.36987048424028,83.015880809041,0,1.4359354279792325E-6-3.4350413135061704E-11i,0.0071796781617210845-1.7175209011937995E-7i
63.705448161054065,81.15398405913241,0,1.4359353477668396E-6-3.435041121622278E-11i,0.0071796781617210845-1.7175209011938E-7i
54.413281139584775,88.18573719713072,0,1.4359355557294804E-6-3.435041619110009E-11i,0.0071796781617210845-1.7175209011937997E-7i
57.53491595007669,88.71628052625519,0,1.4359355636676922E-6-3.435041638099781E-11i,0.007179678161721085-1.7175209011938E-7i
51.024303005357105,87.73164755783466,0,1.4359355473223263E-6-3.4350415989984327E-11i,0.007179678161721085-1.7175209011937997E-7i
49.6503251164664,91.30490160009177,0,1.4359355906134537E-6-3.435041702559365E-11i,0.0071796781617210845-1.7175209011937997E-7i
45.09327747387565,94.28566991491178,0,1.4359356055080734E-6-3.435041738190239E-11i,0.007179678161721085-1.7175209011938E-7i
43.71190381504385,97.13855037191051,0,1.4359356190951566E-6-3.4350417706932305E-11i,0.0071796781617210845-1.7175209011937997E-7i
42.14931532032651,94.25977727596475,0,1.4359356099730058E-6-3.435041748871243E-11i,0.0071796781617210845-1.7175209011937997E-7i
39.23125816712695,94.37668084649428,0,1.4359356104665943E-6-3.435041750052003E-11i,0.007179678161721085-1.7175209011938E-7i
43.45267202311745,91.26968402141668,0,1.4359355920327448E-6-3.43504170595459E-11i,0.0071796781617210845-1.7175209011937997E-7i
46.448214526927266,91.19860743429871,0,1.43593558547252E-6-3.4350416902612373E-11i,0.007179678161721085-1.7175209011938E-7i
40.57792049781682,91.42148645389801,0,1.4359355893684518E-6-3.435041699581071E-11i,0.007179678161721085-1.7175209011938E-7i
36.26847941599885,94.35391373036984,0,1.4359356107573348E-6-3.435041750747508E-11i,0.0071796781617210845-1.7175209011937997E-7i
34.68128265580943,91.51214383736036,0,1.4359355915368994E-6-3.435041704768429E-11i,0.007179678161721085-1.7175209011938E-7i
33.27517468948322,94.44821946447823,0,1.4359356109515493E-6-3.4350417512121086E-11i,0.007179678161721085-1.7175209011938E-7i
37.79210780337451,91.41709314268223,0,1.4359355907883133E-6-3.435041702977665E-11i,0.0071796781617210845-1.7175209011937997E-7i
47.849588136697115,88.28093751125499,0,1.4359355551178026E-6-3.435041617646757E-11i,0.0071796781617210845-1.7175209011937997E-7i
44.719490584673935,87.81486537618531,0,1.4359355505942744E-6-3.435041606825586E-11i,0.007179678161721085-1.7175209011937997E-7i
89.55215233459407,57.56379064439681,0,1.435917447300336E-6-3.434998300168908E-11i,0.007179678161721084-1.7175209011937995E-7i
87.46190791117861,58.99509685222565,0,1.4359214623836848E-6-3.435007905041737E-11i,0.007179678161721084-1.7175209011937997E-7i
86.72069297579235,56.03089478267561,0,1.435911767717156E-6-3.4349847134835395E-11i,0.0071796781617210845-1.7175209011938E-7i
89.6833217134434,54.4047940139351,0,1.4359039319247853E-6-3.4349659687196786E-11i,0.007179678161721084-1.7175209011937997E-7i
92.07210367970909,49.963499860454256,0,1.4358671966102933E-6-3.4348780905877726E-11i,0.0071796781617210845-1.7175209011937997E-7i
89.57148621480232,51.380781279985726,0,1.4358820746340565E-6-3.434913681760813E-11i,0.007179678161721085-1.7175209011938E-7i
87.32122183071789,52.47122088075147,0,1.4358913567790728E-6-3.4349358864860306E-11i,0.0071796781617210845-1.7175209011937997E-7i
83.9326492768345,55.802861775667594,0,1.435910872287839E-6-3.4349825714396545E-11i,0.007179678161721084-1.7175209011937997E-7i
84.4046183826591,58.89911463370629,0,1.4359211879930485E-6-3.4350072486451094E-11i,0.007179678161721085-1.7175209011937997E-7i
84.70709197865104,53.405246579879844,0,1.4358980768653434E-6-3.434951962260414E-11i,0.0071796781617210845-1.7175209011937997E-7i
80.87148091489831,60.061573987452334,0,1.4359238712379506E-6-3.43501366749718E-11i,0.0071796781617210845-1.7175209011937997E-7i
79.52501997204095,62.8692432427998,0,1.4359284516145705E-6-3.4350246246632303E-11i,0.007179678161721085-1.7175209011938E-7i
81.90345203966649,56.82771135828921,0,1.4359148980595222E-6-3.4349922018810956E-11i,0.007179678161721085-1.7175209011938E-7i
78.75769550411235,57.11882054472784,0,1.4359159727360179E-6-3.434994772719648E-11i,0.0071796781617210845-1.7175209011937997E-7i
77.20558770070244,60.36008160497557,0,1.435924449657996E-6-3.4350150511922376E-11i,0.0071796781617210845-1.7175209011938E-7i
76.8897255401618,63.455064329410035,0,1.435929117115011E-6-3.4350262166718E-11i,0.007179678161721084-1.7175209011937997E-7i
90.05290771324177,48.852318034885165,0,1.4358525820068119E-6-3.4348431295681056E-11i,0.0071796781617210845-1.7175209011938E-7i
87.10030159468971,49.257442384259996,0,1.4358579927337511E-6-3.4348560730962135E-11i,0.0071796781617210845-1.7175209011938E-7i
94.31976246748579,45.369396005282866,0,1.435782473620266E-6-3.434675416452658E-11i,0.007179678161721085-1.7175209011938E-7i
91.97132038798436,47.072145383165754,0,1.4358221474726417E-6-3.4347703241478915E-11i,0.0071796781617210845-1.7175209011937997E-7i
88.80581220742455,46.04102266424783,0,1.435799862130121E-6-3.434717013204553E-11i,0.0071796781617210845-1.7175209011938E-7i
91.31624424909202,43.53741113173733,0,1.4357253202477131E-6-3.434538694290856E-11i,0.0071796781617210845-1.7175209011938E-7i
88.38329668271169,43.272358565994786,0,1.4357155919427108E-6-3.4345154222627794E-11i,0.007179678161721084-1.7175209011937997E-7i
94.42164609748397,42.450126603147694,0,1.435681718900781E-6-3.4344343912524895E-11i,0.0071796781617210845-1.7175209011937997E-7i
94.63279720847547,39.299538932534226,0,1.435495898401065E-6-3.4339898718952896E-11i,0.0071796781617210845-1.7175209011937997E-7i
92.3413949991518,40.805217018594796,0,1.4355969156096744E-6-3.4342315250213223E-11i,0.0071796781617210845-1.7175209011938E-7i
94.51734029768309,36.659117641821034,0,1.4352375585192127E-6-3.4333718718447314E-11i,0.007179678161721085-1.7175209011938E-7i
92.33595456909507,35.31240251054701,0,1.4350520376338007E-6-3.432928069224162E-11i,0.0071796781617210845-1.7175209011938E-7i
91.6072953196562,38.05693452344279,0,1.4353897731644757E-6-3.4337359993568815E-11i,0.0071796781617210845-1.7175209011938E-7i
94.64682311264814,33.37129506449783,0,1.4346961996143294E-6-3.432076834360821E-11i,0.007179678161721085-1.7175209011938E-7i
100,27.301996537913418,0,1.4323840414360804E-6-3.4265456950693925E-11i,0.007179678161721084-1.7175209011937995E-7i
97.12218436457604,28.693047086710447,0,1.4331435989011902E-6-3.4283627066297987E-11i,0.0071796781617210845-1.7175209011937997E-7i
94.08159714055978,30.34626048866727,0,1.4338414576899844E-6-3.430032122763556E-11i,0.0071796781617210845-1.7175209011937997E-7i
94.03152473305437,27.182094911252076,0,1.432294620199772E-6-3.426331781800708E-11i,0.007179678161721085-1.7175209011938E-7i
100.00000000000001,24.283522157170047,0,1.4299248183644887E-6-3.420662747490107E-11i,0.007179678161721084-1.7175209011937995E-7i
97.19385603747372,22.683441450575252,0,1.4279649710134632E-6-3.41597440532112E-11i,0.0071796781617210845-1.7175209011937997E-7i
97.08367780466858,25.66221043988074,0,1.4311981599410188E-6-3.4237088321791245E-11i,0.007179678161721084-1.7175209011937997E-7i
100.00000000000003,21.24897957954672,0,1.425702985772621E-6-3.410563289611152E-11i,0.007179678161721084-1.7175209011937995E-7i
97.22478006232387,19.578578731521887,0,1.4222632747919825E-6-3.4023348211892534E-11i,0.0071796781617210845-1.7175209011937997E-7i
99.99999999999999,18.238987108917296,0,1.4186393361985818E-6-3.393665643910538E-11i,0.007179678161721084-1.7175209011937995E-7i
12.184001128475726,100,0,1.435935625964708E-6-3.4350417871265557E-11i,0.007179678161721084-1.7175209011937995E-7i
13.89784065655217,97.15015346712632,0,1.4359356198527922E-6-3.4350417725056446E-11i,0.0071796781617210845-1.7175209011937997E-7i
10.891564838036388,97.3033596248095,0,1.435935617179295E-6-3.4350417661101116E-11i,0.0071796781617210845-1.7175209011937997E-7i
15.189864739945815,99.99999999999999,0,1.435935620664179E-6-3.435041774446642E-11i,0.007179678161721084-1.7175209011937995E-7i
9.123524351892256,100,0,1.4359356231598928E-6-3.4350417804168795E-11i,0.007179678161721084-1.7175209011937995E-7i
28.813391394735437,97.24018342209675,0,1.4359356186824143E-6-3.43504176970587E-11i,0.0071796781617210845-1.7175209011937997E-7i
30.28271931432668,94.52356232812267,0,1.4359356085852564E-6-3.435041745551469E-11i,0.0071796781617210845-1.7175209011937997E-7i
27.357878805500146,94.55917882963199,0,1.4359356101290362E-6-3.435041749244498E-11i,0.007179678161721085-1.7175209011938E-7i
21.24897957954677,100,0,1.4359356213928554E-6-3.4350417761897785E-11i,0.007179678161721084-1.7175209011937995E-7i
18.2389871089175,100.00000000000001,0,1.4359356237965583E-6-3.4350417819399064E-11i,0.007179678161721084-1.7175209011937995E-7i
19.876545751655694,97.17175184916704,0,1.4359356169562052E-6-3.4350417655764354E-11i,0.0071796781617210845-1.7175209011937997E-7i
27.301996537913727,100.00000000000001,0,1.435935620934723E-6-3.4350417750938346E-11i,0.007179678161721084-1.7175209011937995E-7i
25.81765936942818,97.21410071280822,0,1.435935618634202E-6-3.435041769590535E-11i,0.0071796781617210845-1.7175209011937997E-7i
74.36270650931328,69.24992940895632,0,1.4359332686593904E-6-3.43503614798638E-11i,0.007179678161721085-1.7175209011937997E-7i
65.06415667277415,77.97500137719423,0,1.435935126211561E-6-3.435040591618266E-11i,0.0071796781617210845-1.7175209011937997E-7i
72.51789253107316,72.15974617422133,0,1.4359342090936308E-6-3.435038397690934E-11i,0.007179678161721084-1.7175209011937995E-7i
70.6960057752978,69.63515702703364,0,1.4359334279016425E-6-3.435036528925322E-11i,0.0071796781617210845-1.7175209011937997E-7i
69.79748038569122,72.63882392765336,0,1.435934324117845E-6-3.435038672851585E-11i,0.007179678161721085-1.7175209011938E-7i
68.0879773609234,74.80179966771729,0,1.4359347386009471E-6-3.435039664377078E-11i,0.007179678161721084-1.7175209011937997E-7i
65.83996006519892,75.69413961592201,0,1.4359348695192431E-6-3.435039977559516E-11i,0.007179678161721084-1.7175209011937995E-7i
62.52607387010444,75.96671678637723,0,1.4359349054834677E-6-3.435040063593048E-11i,0.0071796781617210845-1.7175209011937997E-7i
66.62346731468999,72.79519437095938,0,1.4359343641197237E-6-3.435038768543985E-11i,0.0071796781617210845-1.7175209011937997E-7i
74.28503404118261,62.31360891659684,0,1.4359276614890823E-6-3.435022734526918E-11i,0.0071796781617210845-1.7175209011937997E-7i
73.89911703364714,59.092991371611255,0,1.4359216661518564E-6-3.435008392495472E-11i,0.007179678161721085-1.7175209011938E-7i
74.88108633347876,65.69000957934466,0,1.435931216050729E-6-3.435031237740831E-11i,0.007179678161721085-1.7175209011937997E-7i
72.25415895007812,64.0990869234948,0,1.4359297905866372E-6-3.435027827749019E-11i,0.0071796781617210845-1.7175209011937995E-7i
71.6136467739948,66.79294595274915,0,1.4359320012794559E-6-3.43503311616312E-11i,0.007179678161721085-1.7175209011938E-7i
70.98757191028554,61.061888237290034,0,1.435925736695382E-6-3.435018130040005E-11i,0.0071796781617210845-1.7175209011938E-7i
60.36836968647662,80.38978503543868,0,1.4359352996181046E-6-3.435041006440991E-11i,0.007179678161721085-1.7175209011937997E-7i
57.98365397343801,82.69333507749957,0,1.4359354136150168E-6-3.4350412791441294E-11i,0.007179678161721084-1.7175209011937997E-7i
59.28140106819025,85.9956539916447,0,1.4359355160792535E-6-3.435041524258832E-11i,0.0071796781617210845-1.7175209011937997E-7i
56.16392931929785,85.48249923266988,0,1.435935503740486E-6-3.4350414947420655E-11i,0.0071796781617210845-1.7175209011937997E-7i
54.66542558089989,82.29583642992861,0,1.4359353998362075E-6-3.435041246182496E-11i,0.0071796781617210845-1.7175209011937997E-7i
53.12713619842477,85.21579808889898,0,1.4359354953696126E-6-3.43504147471728E-11i,0.0071796781617210845-1.7175209011937997E-7i
63.41894580312449,73.47619996054367,0,1.4359345043417504E-6-3.4350391039827844E-11i,0.007179678161721085-1.7175209011938E-7i
62.23758872926382,78.44068015423616,0,1.4359351629921142E-6-3.435040679604622E-11i,0.007179678161721084-1.7175209011937997E-7i
59.813738806165915,73.49615564262896,0,1.435934511295906E-6-3.435039120618501E-11i,0.007179678161721085-1.7175209011937997E-7i
59.679563327498485,77.16551570999121,0,1.435935043021315E-6-3.435040392610758E-11i,0.007179678161721085-1.7175209011938E-7i
48.93075931598515,86.04577946072854,0,1.4359355095128234E-6-3.435041508550634E-11i,0.007179678161721084-1.7175209011937997E-7i
46.57875454308935,85.50217241318256,0,1.4359355013239005E-6-3.4350414889611116E-11i,0.0071796781617210845-1.7175209011937997E-7i
48.3506290284554,83.2046932744124,0,1.4359354358908334E-6-3.435041332432284E-11i,0.007179678161721085-1.7175209011937997E-7i
50.63036851179444,84.92598842799609,0,1.435935488147498E-6-3.435041457440552E-11i,0.007179678161721084-1.7175209011937997E-7i
51.61542084401687,82.4688306020453,0,1.435935405998345E-6-3.435041260923543E-11i,0.007179678161721085-1.7175209011938E-7i
52.91752249278627,79.07803958649083,0,1.4359352103177753E-6-3.435040792816952E-11i,0.007179678161721085-1.7175209011938E-7i
41.68392290155751,88.5877667480934,0,1.4359355586297316E-6-3.435041626047981E-11i,0.0071796781617210845-1.7175209011937997E-7i
38.9798664851025,88.63087479184966,0,1.4359355603663965E-6-3.4350416302024286E-11i,0.0071796781617210845-1.7175209011937997E-7i
36.42552653229794,88.8055136119574,0,1.4359355631386483E-6-3.435041636834202E-11i,0.0071796781617210845-1.7175209011937997E-7i
37.4921814995219,85.86801810435315,0,1.435935509012681E-6-3.435041507354192E-11i,0.007179678161721085-1.7175209011938E-7i
31.72690831970715,91.60683586546196,0,1.4359355925977148E-6-3.435041707306111E-11i,0.0071796781617210845-1.7175209011937997E-7i
28.8724874040673,91.516393018972,0,1.4359355936240504E-6-3.435041709761309E-11i,0.007179678161721085-1.7175209011938E-7i
33.254454129100885,88.91296877243485,0,1.4359355646735387E-6-3.43504164050597E-11i,0.0071796781617210845-1.7175209011937997E-7i
34.92980282800759,86.68975220093094,0,1.4359355281002362E-6-3.4350415530153984E-11i,0.007179678161721084-1.7175209011937997E-7i
45.1416824726841,82.60704880198955,0,1.4359354100375983E-6-3.435041270586236E-11i,0.0071796781617210845-1.7175209011938E-7i
44.266996036005416,85.19632720794944,0,1.4359354910995416E-6-3.435041464502426E-11i,0.007179678161721084-1.7175209011937997E-7i
46.92359382156901,79.59724784626334,0,1.4359352517030657E-6-3.435040891818746E-11i,0.0071796781617210845-1.7175209011937997E-7i
42.58339554711286,86.2383324055971,0,1.4359355186608913E-6-3.43504153043462E-11i,0.007179678161721084-1.7175209011937997E-7i
42.00191749113906,83.39404164091567,0,1.4359354431544395E-6-3.435041349808265E-11i,0.007179678161721084-1.7175209011937997E-7i
42.665310031836974,80.40174297363862,0,1.43593530229841E-6-3.435041012852809E-11i,0.0071796781617210845-1.7175209011937997E-7i
40.659110311855315,81.21908771319082,0,1.4359353466825213E-6-3.435041119028372E-11i,0.007179678161721084-1.7175209011937997E-7i
38.59938965560386,82.95593212507566,0,1.435935426684136E-6-3.435041310408045E-11i,0.0071796781617210845-1.7175209011938E-7i
71.48941776884143,57.423341294005425,0,1.4359169890393658E-6-3.434997203918105E-11i,0.0071796781617210845-1.7175209011937997E-7i
68.74783866551755,58.372083441132325,0,1.4359197824783316E-6-3.43500388637615E-11i,0.0071796781617210845-1.7175209011937997E-7i
73.6545742290328,56.469380484111774,0,1.4359135735956898E-6-3.434989033501868E-11i,0.007179678161721084-1.7175209011937997E-7i
72.0878509705235,54.67339233384042,0,1.4359055306283647E-6-3.434969793134573E-11i,0.0071796781617210845-1.7175209011937997E-7i
74.84253642366836,54.50141828232842,0,1.4359044751329182E-6-3.434967268180879E-11i,0.007179678161721085-1.7175209011938E-7i
69.46842915987105,55.405581371675986,0,1.4359091118718616E-6-3.434978360176746E-11i,0.0071796781617210845-1.7175209011937997E-7i
77.49522123581305,48.489357393541596,0,1.435846889426345E-6-3.434829511790666E-11i,0.0071796781617210845-1.7175209011938E-7i
77.67394405987118,47.88030422844835,-0.7555555555555695,1.4358021334364436E-6-3.4347224466181315E-11i,0.007179678161721085-1.7175209011937997E-7i
78.87310514077687,48.74642257754206,0,1.4358508226337469E-6-3.434838920800049E-11i,0.007179678161721084-1.7175209011937997E-7i
78.77163683430256,47.45546242703144,0,1.4358295326410956E-6-3.434787990930297E-11i,0.0071796781617210845-1.7175209011937997E-7i
77.46325349538593,46.470701193706965,0,1.4358093999163893E-6-3.4347398294741636E-11i,0.007179678161721084-1.7175209011937997E-7i
82.23451362369403,53.83612775063423,0,1.4359007392447969E-6-3.4349583311982045E-11i,0.007179678161721084-1.7175209011937995E-7i
80.69044368764455,52.25741563379692,0,1.4358895459275379E-6-3.4349315545712966E-11i,0.007179678161721084-1.7175209011937997E-7i
82.42802789771471,51.22047871877465,0,1.4358805259781967E-6-3.4349099770699544E-11i,0.0071796781617210845-1.7175209011938E-7i
79.57182463313447,54.358388548560825,0,1.4359038167501088E-6-3.43496569319909E-11i,0.0071796781617210845-1.7175209011937997E-7i
85.05261433573394,50.99846438556661,0,1.435878314292206E-6-3.4349046862799864E-11i,0.0071796781617210845-1.7175209011938E-7i
85.7210134944018,46.400143500510936,0,1.4358081153246916E-6-3.4347367564769604E-11i,0.0071796781617210845-1.7175209011937997E-7i
83.8822974663718,48.68596652208308,0,1.4358499487454784E-6-3.43483683028661E-11i,0.0071796781617210845-1.7175209011938E-7i
81.66777783637565,49.01932531910676,0,1.4358548777907023E-6-3.4348486215368675E-11i,0.007179678161721084-1.7175209011937997E-7i
81.82283077703946,47.314840364242,0,1.43582676974511E-6-3.434781381537092E-11i,0.0071796781617210845-1.7175209011937997E-7i
80.00000000000001,50,0,1.4358675857450675E-6-3.434879021475056E-11i,0.0071796781617210845-1.7175209011938E-7i
75.92767662232697,57.007107371788734,0,1.4359155872148063E-6-3.434993850476727E-11i,0.007179678161721084-1.7175209011937997E-7i
77.19936383052647,54.586003213200094,0,1.4359049268710698E-6-3.4349683488278105E-11i,0.007179678161721085-1.7175209011938E-7i
78.28306106946573,51.764804101617074,0,1.4358854628326104E-6-3.434921787001328E-11i,0.0071796781617210845-1.7175209011938E-7i
78.28933166278783,50,0,1.4358674611873621E-6-3.4348787235084084E-11i,0.007179678161721084-1.7175209011937997E-7i
75.89034337903178,51.94001322587816,0,1.435887106917273E-6-3.43492571997675E-11i,0.0071796781617210845-1.7175209011937997E-7i
73.45383832841185,52.02727559870855,0,1.435887829504426E-6-3.4349274485480164E-11i,0.0071796781617210845-1.7175209011937997E-7i
76.14703639926172,47.49517260229711,0,1.4358299569427688E-6-3.4347890059437476E-11i,0.007179678161721085-1.7175209011938E-7i
75.7201185154339,48.27629259436504,-0.7999999999999968,1.4358089778978938E-6-3.4347388199225236E-11i,0.007179678161721086-1.7175209011937992E-7i
76.08806590919727,48.85573501866712,0,1.4358522513981483E-6-3.4348423386868415E-11i,0.007179678161721084-1.7175209011937997E-7i
74.99999999999999,48.289331662787816,0,1.4358436783199173E-6-3.43482183018951E-11i,0.0071796781617210845-1.7175209011937997E-7i
75,50,0,1.435867413539404E-6-3.43487860952508E-11i,0.0071796781617210845-1.7175209011937997E-7i
75,46.710668337212184,0,1.4358142234280152E-6-3.4347513682671955E-11i,0.007179678161721084-1.7175209011937997E-7i
83.35231417511093,45.971395813756246,0,1.435797850890407E-6-3.4347122019216946E-11i,0.007179678161721084-1.7175209011937995E-7i
81.32339865799281,45.87982041578021,0,1.4357958563503655E-6-3.4347074305877555E-11i,0.007179678161721084-1.7175209011937997E-7i
81.91512873523548,43.80762072002152,0,1.435734917145271E-6-3.434561651966354E-11i,0.0071796781617210845-1.7175209011938E-7i
84.58869891420545,43.94279969740707,0,1.4357400029828334E-6-3.434573818294863E-11i,0.0071796781617210845-1.7175209011937997E-7i
86.68230772633518,44.26810710320477,0,1.4357508148121188E-6-3.434599682327153E-11i,0.0071796781617210845-1.7175209011937995E-7i
86.38935536978065,41.88187365483749,0,1.4356557271455985E-6-3.4343722138375953E-11i,0.007179678161721085-1.7175209011938E-7i
89.30402485256735,40.67492992487596,0,1.4355899641350154E-6-3.434214895720185E-11i,0.0071796781617210845-1.7175209011938E-7i
83.84492678689907,41.28311087612772,0,1.435624362718584E-6-3.43429718392994E-11i,0.007179678161721084-1.7175209011937997E-7i
81.06754533260812,41.194060821223786,0,1.435619025618631E-6-3.434284416532131E-11i,0.0071796781617210845-1.7175209011937997E-7i
79.54241741730503,43.397832153795285,0,1.4357208314998644E-6-3.4345279563189356E-11i,0.0071796781617210845-1.7175209011937997E-7i
83.05329348519405,38.64747260085075,0,1.4354392226936902E-6-3.433854292402987E-11i,0.007179678161721085-1.7175209011938E-7i
88.46626159785109,37.90311312159796,0,1.4353749450932695E-6-3.43370052768023E-11i,0.007179678161721084-1.7175209011937997E-7i
89.42918754827188,35.52929656430125,0,1.435087142235562E-6-3.433012046368948E-11i,0.0071796781617210845-1.7175209011937997E-7i
91.228258280219,32.69184836658502,0,1.4345403237267128E-6-3.431703948433427E-11i,0.0071796781617210845-1.7175209011938E-7i
91.2430820452702,28.932669996264053,0,1.4332516455441949E-6-3.428621175552062E-11i,0.007179678161721085-1.7175209011938E-7i
88.24117663094565,33.34915303294723,0,1.4346922813339636E-6-3.432067461059858E-11i,0.0071796781617210845-1.7175209011938E-7i
94.35747143671404,24.12438066625515,0,1.4297306630731258E-6-3.420198289664168E-11i,0.0071796781617210845-1.7175209011937997E-7i
92.34067077152928,22.335284229625387,0,1.427464779693178E-6-3.4147778488351106E-11i,0.007179678161721084-1.7175209011937997E-7i
91.0715793809511,25.114421926050127,0,1.4307084612816529E-6-3.4225373762116E-11i,0.007179678161721085-1.7175209011937997E-7i
94.50235606446009,21.005011437749925,0,1.4252379309671925E-6-3.409450786612368E-11i,0.007179678161721085-1.7175209011938E-7i
88.42238885400647,30.527779071050308,0,1.4339051660572862E-6-3.430184525768199E-11i,0.0071796781617210845-1.7175209011937997E-7i
88.28205610766531,27.54456379388122,0,1.4325202918219411E-6-3.4268716329181995E-11i,0.0071796781617210845-1.7175209011937997E-7i
87.76966761907448,24.760085957049487,0,1.43037559506398E-6-3.421741094437853E-11i,0.0071796781617210845-1.7175209011938E-7i
97.24395275397555,16.695783260165342,0,1.4132854418974042E-6-3.3808580707047096E-11i,0.0071796781617210845-1.7175209011937997E-7i
94.42748518390366,18.16635900432892,0,1.4183976036191524E-6-3.393087371809315E-11i,0.0071796781617210845-1.7175209011937997E-7i
94.4202449774832,15.20511887903151,0,1.406431487989116E-6-3.364462058476659E-11i,0.007179678161721085-1.7175209011938E-7i
100,15.189864739945769,0,1.4062511744568984E-6-3.36403071287401E-11i,0.007179678161721084-1.7175209011937995E-7i
97.26064676230885,13.700958628246,0,1.3973553186770962E-6-3.342750067848334E-11i,0.0071796781617210845-1.7175209011937997E-7i
100,12.184001128475755,0,1.3852326107565142E-6-3.313750154810903E-11i,0.007179678161721084-1.7175209011937995E-7i
97.24719029857235,10.737005202574785,0,1.3695859814907443E-6-3.276320325517898E-11i,0.0071796781617210845-1.7175209011937997E-7i
99.99999999999997,9.123524351892287,0,1.3458115292203587E-6-3.219447137376229E-11i,0.007179678161721084-1.7175209011937995E-7i
99.99999999999999,6.105302311142387,0,1.2647641729190835E-6-3.025565844512573E-11i,0.007179678161721084-1.7175209011937995E-7i
97.24270097161852,7.908795977701416,0,1.3205502684758952E-6-3.159017209541241E-11i,0.0071796781617210845-1.7175209011937997E-7i
7.785498176268405,97.20963932707873,0,1.435935617953759E-6-3.435041767962779E-11i,0.007179678161721085-1.7175209011938E-7i
6.105302311142366,100,0,1.435935621773512E-6-3.4350417771003854E-11i,0.007179678161721084-1.7175209011937995E-7i
0,100,0,1.435935627755656E-6-3.435041791410856E-11i,0.007179678161721084-1.7175209011937995E-7i
2.084184555929852,97.93170022712165,0,1.4359356207303265E-6-3.4350417746048836E-11i,0.007179678161721084-1.7175209011937997E-7i
0,96.95534828958496,0,1.4359356200974756E-6-3.435041773090976E-11i,0.007179678161721084-1.7175209011937995E-7i
3.0451569657498823,100,0,1.43593562144028E-6-3.4350417763032315E-11i,0.007179678161721084-1.7175209011937995E-7i
4.683473167830506,97.35393098254308,0,1.4359356165485545E-6-3.4350417646012553E-11i,0.007179678161721085-1.7175209011938E-7i
6.434780956290062,93.51770358839084,0,1.435935607924748E-6-3.435041743971404E-11i,0.007179678161721085-1.7175209011937997E-7i
9.791278740800209,95.16099220344029,0,1.4359356127314715E-6-3.4350417554700376E-11i,0.007179678161721084-1.7175209011937997E-7i
12.534522285205298,94.7072015816112,0,1.435935610514202E-6-3.4350417501658886E-11i,0.0071796781617210845-1.7175209011937997E-7i
16.818290879218786,97.30008383174945,0,1.4359356211787932E-6-3.435041775677697E-11i,0.0071796781617210845-1.7175209011937997E-7i
15.624976754214508,94.3956253376964,0,1.4359356111346511E-6-3.4350417516501266E-11i,0.007179678161721085-1.7175209011938E-7i
18.476388285268342,94.62624144014816,0,1.4359356098061727E-6-3.4350417484721413E-11i,0.007179678161721085-1.7175209011938E-7i
30.432105715485324,88.59921305205232,0,1.4359355594105044E-6-3.435041627915744E-11i,0.0071796781617210845-1.7175209011937997E-7i
27.241374874887523,88.652333551352,0,1.4359355638915304E-6-3.435041638635243E-11i,0.0071796781617210845-1.7175209011937997E-7i
24.530308666396504,89.39505814349653,0,1.4359355708788718E-6-3.435041655350348E-11i,0.007179678161721084-1.7175209011937997E-7i
26.050506613969194,91.50637307382695,0,1.435935592498173E-6-3.4350417070679906E-11i,0.0071796781617210845-1.7175209011937997E-7i
23.01303614774219,91.74266252603518,0,1.435935595505161E-6-3.435041714261298E-11i,0.007179678161721085-1.7175209011938E-7i
22.91833063893434,97.12951283301561,0,1.4359356180337618E-6-3.4350417681541634E-11i,0.0071796781617210845-1.7175209011937997E-7i
21.626432303104473,94.47254493039907,0,1.4359356105844823E-6-3.435041750334013E-11i,0.0071796781617210845-1.7175209011937997E-7i
24.474281834693077,94.43308900952997,0,1.4359356103712116E-6-3.43504174982383E-11i,0.0071796781617210845-1.7175209011937997E-7i
24.283522157170168,100,0,1.4359356233348156E-6-3.435041780835334E-11i,0.007179678161721084-1.7175209011937995E-7i
67.60868427487384,70.14269345414039,0,1.4359336143919883E-6-3.4350369750470826E-11i,0.0071796781617210845-1.7175209011937997E-7i
68.40616751602761,67.33399711639791,0,1.4359323277236274E-6-3.4350338970820944E-11i,0.0071796781617210845-1.7175209011937997E-7i
69.48592593723694,64.28843593987851,0,1.4359300095321033E-6-3.4350283515098445E-11i,0.007179678161721085-1.7175209011938E-7i
66.04208147488869,65.01740314183878,0,1.4359306725918492E-6-3.435029937679788E-11i,0.007179678161721085-1.7175209011938E-7i
65.21606684645928,68.03730144167787,0,1.4359327038755735E-6-3.43503479691188E-11i,0.007179678161721084-1.7175209011937997E-7i
64.47907236802887,70.59226924628402,0,1.4359337633070245E-6-3.4350373312812745E-11i,0.007179678161721085-1.7175209011938E-7i
62.15233124160935,68.88978704586066,0,1.4359331100608774E-6-3.4350357685874E-11i,0.0071796781617210845-1.7175209011937997E-7i
61.921350630268776,71.20100343353718,0,1.4359339511669535E-6-3.435037780679352E-11i,0.007179678161721084-1.7175209011937997E-7i
66.98430384714166,61.69869138526197,0,1.435926766141801E-6-3.4350205926792776E-11i,0.007179678161721085-1.7175209011937997E-7i
64.21709521260642,60.616819970901574,0,1.4359249342120391E-6-3.4350162103412646E-11i,0.007179678161721084-1.7175209011937997E-7i
65.70438437577997,58.534410722130204,0,1.4359202693488243E-6-3.4350050510665844E-11i,0.007179678161721085-1.7175209011938E-7i
63.9573541147107,63.30062593741518,0,1.4359289462941856E-6-3.4350258080346234E-11i,0.007179678161721085-1.7175209011938E-7i
56.666450971808345,78.9625967794921,0,1.4359352114263015E-6-3.4350407954687666E-11i,0.007179678161721084-1.7175209011937997E-7i
57.21812058017665,75.74427080902228,0,1.4359348757335927E-6-3.4350399924254665E-11i,0.0071796781617210845-1.7175209011938E-7i
54.5933112955004,76.25856283416384,0,1.435934940755356E-6-3.4350401479703765E-11i,0.007179678161721084-1.7175209011937997E-7i
49.94094167710616,79.26914936205272,0,1.4359352291449992E-6-3.4350408378553914E-11i,0.007179678161721085-1.7175209011938E-7i
51.40912323729794,75.1525910496207,0,1.435934798519837E-6-3.4350398077149035E-11i,0.007179678161721085-1.7175209011937997E-7i
55.100733158856876,72.3431975671454,0,1.4359342516896766E-6-3.435038499589094E-11i,0.007179678161721085-1.7175209011937997E-7i
59.37227947006556,70.10318780996172,0,1.435933599103301E-6-3.4350369384735167E-11i,0.007179678161721085-1.7175209011938E-7i
56.67382546988366,67.86204153932916,0,1.4359326197427456E-6-3.43503459564953E-11i,0.007179678161721085-1.7175209011938E-7i
48.03861814369369,76.22760579874267,0,1.4359349411031054E-6-3.4350401488022566E-11i,0.007179678161721085-1.7175209011938E-7i
45.43800474712748,76.81727023355867,0,1.4359350065861557E-6-3.435040305450655E-11i,0.007179678161721085-1.7175209011938E-7i
46.32057608740118,74.06411476388975,0,1.4359346201652406E-6-3.4350393810554654E-11i,0.007179678161721084-1.7175209011937997E-7i
43.85193254127018,73.9231017248701,0,1.4359345891093046E-6-3.435039306763524E-11i,0.0071796781617210845-1.7175209011937997E-7i
40.21373579509641,86.00424927801853,0,1.435935517410398E-6-3.4350415274431886E-11i,0.007179678161721084-1.7175209011937995E-7i
34.949342719200004,83.56287244496667,0,1.435935447054742E-6-3.4350413591385576E-11i,0.007179678161721085-1.7175209011937997E-7i
36.46323299077275,80.00266098037702,0,1.4359352815282318E-6-3.435040963166435E-11i,0.0071796781617210845-1.7175209011937997E-7i
39.13587081519384,80.12496144735185,0,1.4359352837729856E-6-3.435040968536332E-11i,0.007179678161721084-1.7175209011937997E-7i
24.684972909260658,86.03241291976977,0,1.4359355150513546E-6-3.435041521799897E-11i,0.007179678161721085-1.7175209011937997E-7i
32.302520242019554,85.785493615544,0,1.4359355124408709E-6-3.435041515555104E-11i,0.007179678161721084-1.7175209011937995E-7i
31.204917451081382,82.73429316429994,0,1.4359354200912357E-6-3.435041294636524E-11i,0.007179678161721085-1.7175209011938E-7i
28.72711681017762,85.66836662132138,0,1.4359355079969684E-6-3.4350415049244094E-11i,0.0071796781617210845-1.7175209011937997E-7i
27.158377617025568,82.72700176573818,0,1.4359354151142829E-6-3.4350412827306695E-11i,0.007179678161721085-1.7175209011938E-7i
33.1257493416844,79.80656084858215,0,1.4359352643131607E-6-3.435040921984584E-11i,0.007179678161721085-1.7175209011938E-7i
40.75450452948337,79.3428629972847,0,1.435935231665973E-6-3.435040843886059E-11i,0.007179678161721084-1.7175209011937997E-7i
42.41568217790064,77.2804651149271,0,1.4359350610452262E-6-3.435040435727517E-11i,0.0071796781617210845-1.7175209011938E-7i
44.54479386738055,79.32638722717999,0,1.4359352349117416E-6-3.43504085165058E-11i,0.0071796781617210845-1.7175209011937995E-7i
38.85842455945227,77.30853863435718,0,1.4359350613916076E-6-3.435040436556128E-11i,0.007179678161721085-1.7175209011937997E-7i
67.06617017993509,56.321472936523364,0,1.4359129814716841E-6-3.434987617024232E-11i,0.007179678161721084-1.7175209011937997E-7i
66.92537769545291,53.686500618228486,0,1.4358998064824033E-6-3.4349560998462305E-11i,0.007179678161721085-1.7175209011938E-7i
70.00638016777677,51.87257869582982,0,1.435886402880977E-6-3.434924035782795E-11i,0.007179678161721085-1.7175209011937997E-7i
80.00000000000003,46.710668337212184,0,1.435815016429671E-6-3.434753265283874E-11i,0.007179678161721084-1.7175209011937997E-7i
78.87021152351718,46.21199070627236,0,1.4358038874510562E-6-3.4347266425677207E-11i,0.007179678161721084-1.7175209011937997E-7i
80.00000000000001,48.28933166278782,0,1.4358438413705619E-6-3.434822220238874E-11i,0.007179678161721084-1.7175209011937995E-7i
76.71066833721218,50.00000000000001,0,1.4358673231192362E-6-3.434878393222165E-11i,0.007179678161721084-1.7175209011937995E-7i
72.62311497375993,49.148959422557795,0,1.4358566206343219E-6-3.434852790763223E-11i,0.0071796781617210845-1.7175209011938E-7i
73.4303801156525,47.20165838129546,0,1.4358243459236665E-6-3.434775583277207E-11i,0.007179678161721084-1.7175209011937997E-7i
76.09917898973258,46.138874940431876,0,1.435801740500196E-6-3.434721506636973E-11i,0.007179678161721084-1.7175209011937997E-7i
76.71066833721218,45,0,1.4357723045039598E-6-3.434651089916838E-11i,0.007179678161721084-1.7175209011937997E-7i
78.28933166278782,45,0,1.4357727225590064E-6-3.434652089987122E-11i,0.0071796781617210845-1.7175209011937997E-7i
66.76210055146969,50.40854754871624,0,1.4358722221333138E-6-3.4348901126319826E-11i,0.007179678161721085-1.7175209011938E-7i
69.47832936816874,48.442448324046104,0,1.4358461860757268E-6-3.434827829236988E-11i,0.007179678161721085-1.7175209011938E-7i
73.277685668108,45.63630733642682,0,1.4357893772291033E-6-3.4346919312492894E-11i,0.0071796781617210845-1.7175209011937997E-7i
75,45,0,1.4357723206938255E-6-3.434651128646193E-11i,0.0071796781617210845-1.7175209011937997E-7i
77.82809763944022,43.558851942066966,0,1.4357262149008287E-6-3.43454083447791E-11i,0.007179678161721084-1.7175209011937997E-7i
80.00000000000001,45,0,1.4357726427032997E-6-3.434651898956491E-11i,0.007179678161721084-1.7175209011937995E-7i
75.80447524567276,42.66979071740333,0,1.4356908475312548E-6-3.4344562287405834E-11i,0.007179678161721084-1.7175209011937997E-7i
78.2088986831757,41.41495380446068,0,1.435631119534491E-6-3.434313347568863E-11i,0.0071796781617210845-1.7175209011937997E-7i
73.13723311804048,43.291605401411005,0,1.4357156756131528E-6-3.434515622419011E-11i,0.007179678161721085-1.7175209011938E-7i
76.18591018924907,39.30736703528733,0,1.4354966387134581E-6-3.433991642868835E-11i,0.0071796781617210845-1.7175209011937997E-7i
73.25715788770582,40.27687428065506,0,1.4355633237351442E-6-3.434151166619015E-11i,0.0071796781617210845-1.7175209011938E-7i
85.9244926952657,35.72180607265484,0,1.4351117712902016E-6-3.4330709639348454E-11i,0.0071796781617210845-1.7175209011937997E-7i
86.15856960339735,39.34575016553593,0,1.4354992963115197E-6-3.433998000368591E-11i,0.007179678161721084-1.7175209011937997E-7i
86.11619121599992,32.42392993812744,0,1.434474885196081E-6-3.431547406536184E-11i,0.0071796781617210845-1.7175209011938E-7i
81.82998513314963,35.845752524818415,0,1.4351324688043966E-6-3.433120476479048E-11i,0.007179678161721085-1.7175209011938E-7i
79.56373974209076,38.833619884369085,0,1.4354602055830623E-6-3.433904487621008E-11i,0.007179678161721085-1.7175209011938E-7i
83.06587528278175,33.00064424322272,0,1.4346198494495395E-6-3.431894189678314E-11i,0.0071796781617210845-1.7175209011937997E-7i
79.54866714912606,33.25698998012733,0,1.4346745289222666E-6-3.4320249937828413E-11i,0.007179678161721085-1.7175209011938E-7i
84.81540400141478,29.605504682095486,0,1.4335497914485815E-6-3.4293343994749985E-11i,0.0071796781617210845-1.7175209011938E-7i
81.20041914647146,30.32429231132472,0,1.4338305559659497E-6-3.4300060436852676E-11i,0.0071796781617210845-1.7175209011937997E-7i
82.58935104762044,27.58985916763958,0,1.432544301451879E-6-3.4269290686977924E-11i,0.0071796781617210845-1.7175209011938E-7i
88.90221726406665,21.9974662436939,0,1.42689789773734E-6-3.413421755169449E-11i,0.007179678161721085-1.7175209011937997E-7i
91.65249119776968,19.750874451676943,0,1.422598164035151E-6-3.403135942439783E-11i,0.007179678161721085-1.7175209011938E-7i
85.18087624685288,26.159800088001965,0,1.4315953780913162E-6-3.424659056492949E-11i,0.0071796781617210845-1.7175209011937997E-7i
85.35075724070325,22.890958726899296,0,1.4282541696137298E-6-3.416666225524435E-11i,0.0071796781617210845-1.7175209011937997E-7i
82.18641121289073,24.900706823782414,0,1.430524258209213E-6-3.422096726060084E-11i,0.007179678161721085-1.7175209011938E-7i
88.63502156376376,18.45227771665426,0,1.4192294023385674E-6-3.395077198726346E-11i,0.0071796781617210845-1.7175209011937997E-7i
91.49155284529357,16.759454379590906,0,1.4134752971697572E-6-3.381312242035404E-11i,0.0071796781617210845-1.7175209011937997E-7i
88.93412804386801,15.245256437288653,0,1.406545237126786E-6-3.364734168893089E-11i,0.007179678161721085-1.7175209011938E-7i
91.60522346002466,13.728723413617082,0,1.397551262163815E-6-3.3432188033909465E-11i,0.007179678161721085-1.7175209011938E-7i
89.22445507750356,12.661423766877995,0,1.3894374573013945E-6-3.323808978708672E-11i,0.007179678161721084-1.7175209011937997E-7i
94.38016997138708,12.237578418231742,0,1.3856243599926615E-6-3.3146872964013114E-11i,0.007179678161721085-1.7175209011938E-7i
94.6648055693045,9.292949269717099,0,1.3488430069378311E-6-3.226699031157512E-11i,0.0071796781617210845-1.7175209011937997E-7i
91.26402415872042,10.453675879890035,0,1.3660419642600595E-6-3.2678423359328717E-11i,0.0071796781617210845-1.7175209011938E-7i
92.51340734767217,7.291149478327341,0,1.304420263647281E-6-3.120431050377167E-11i,0.0071796781617210845-1.7175209011937997E-7i
94.97563989786013,6.890188169583183,0,1.2922365027734694E-6-3.0912850866103115E-11i,0.007179678161721084-1.7175209011937997E-7i
97.81124815526712,1.9231503740407163,0,8.726364439596714E-7-2.087518824499632E-11i,0.007179678161721084-1.7175209011937997E-7i
95.33185224604253,2.141116835454916,0,9.138537407278609E-7-2.186118743737659E-11i,0.0071796781617210845-1.7175209011937997E-7i
97.20232049633401,4.598567217878291,0,1.1863860743458974E-6-2.838069943633636E-11i,0.007179678161721085-1.7175209011937997E-7i
96.95534829820161,0,0,0,0.007179678161721084-1.7175209011937995E-7i
100,3.0451569657499222,0,1.0453386384982641E-6-2.5006566032701595E-11i,0.007179678161721084-1.7175209011937995E-7i
100,0,0,0,0.007179678161721084-1.7175209011937995E-7i
93.7901403966501,4.476764259682007,0,1.1771777720388009E-6-2.8160418647689436E-11i,0.0071796781617210845-1.7175209011937997E-7i
10.605572424930443,91.40924843319382,0,1.4359355909522107E-6-3.435041703369745E-11i,0.007179678161721085-1.7175209011937997E-7i
7.71608965967809,89.55425090737769,0,1.4359355760967843E-6-3.4350416678326266E-11i,0.007179678161721085-1.7175209011938E-7i
4.725419057401297,90.24796752405113,0,1.4359355788381738E-6-3.435041674390572E-11i,0.0071796781617210845-1.7175209011938E-7i
2.609306782451796,95.31273922547322,0,1.4359356145516365E-6-3.435041759824236E-11i,0.0071796781617210845-1.7175209011937997E-7i
0,93.89550306157749,0,1.435935598550872E-6-3.4350417215472405E-11i,0.007179678161721084-1.7175209011937995E-7i
2.7315466558994714,92.23945195538575,0,1.435935596167589E-6-3.435041715845961E-11i,0.0071796781617210845-1.7175209011937997E-7i
0,90.8780568757482,0,1.4359355883423216E-6-3.435041697126372E-11i,0.007179678161721084-1.7175209011937995E-7i
13.97967070269501,92.1700923114548,0,1.4359355978544836E-6-3.435041719881344E-11i,0.007179678161721084-1.7175209011937997E-7i
17.69339620244937,91.14360534459325,0,1.4359355898625264E-6-3.4350417007629996E-11i,0.007179678161721085-1.7175209011937997E-7i
14.031970348608901,88.74172441945589,0,1.4359355645156528E-6-3.4350416401282696E-11i,0.007179678161721086-1.7175209011937995E-7i
23.74539917213405,82.30493471802404,0,1.4359354002280464E-6-3.435041247119851E-11i,0.007179678161721085-1.7175209011938E-7i
21.473485817407703,84.7131994963427,0,1.4359354826257768E-6-3.4350414442315054E-11i,0.0071796781617210845-1.7175209011937997E-7i
20.87468392674393,88.35333925946381,0,1.4359355593496588E-6-3.435041627770194E-11i,0.007179678161721085-1.7175209011937997E-7i
20.337829216059614,92.34047871919086,0,1.4359355968265837E-6-3.435041717422403E-11i,0.007179678161721084-1.7175209011937997E-7i
17.544558389015677,87.88119494304084,0,1.4359355495606513E-6-3.4350416043529505E-11i,0.007179678161721084-1.7175209011937997E-7i
18.97337456280336,85.99414673394254,0,1.4359355136031606E-6-3.435041518335531E-11i,0.007179678161721084-1.7175209011937997E-7i
18.788137600857393,84.08569582332353,0,1.4359354649985735E-6-3.4350414020637526E-11i,0.007179678161721084-1.7175209011937997E-7i
11.956662907508075,85.11777387542446,0,1.4359354913046049E-6-3.4350414649929704E-11i,0.007179678161721085-1.7175209011937997E-7i
16.209751124070074,85.27672781872337,0,1.4359354988635182E-6-3.435041483075395E-11i,0.007179678161721085-1.7175209011937997E-7i
10.442478842924743,88.07759839612115,0,1.4359355509552654E-6-3.4350416076891424E-11i,0.0071796781617210845-1.7175209011938E-7i
19.998619337668654,81.59987186187578,0,1.4359353689111494E-6-3.4350411722036426E-11i,0.0071796781617210845-1.7175209011938E-7i
22.25407423412535,78.74711187952109,0,1.4359351907378536E-6-3.4350407459779075E-11i,0.007179678161721085-1.7175209011938E-7i
62.999255758326875,66.00302591826463,0,1.4359314574074436E-6-3.435031815113784E-11i,0.007179678161721084-1.7175209011937995E-7i
59.85259869049348,67.19782156590827,0,1.4359322406609067E-6-3.435033688810856E-11i,0.007179678161721085-1.7175209011938E-7i
60.61311105846466,63.87943335943832,0,1.4359295938349178E-6-3.435027357080026E-11i,0.007179678161721085-1.7175209011937997E-7i
57.8980537457838,65.43077241844995,0,1.4359310019025555E-6-3.435030725456078E-11i,0.0071796781617210845-1.7175209011938E-7i
64.55478683178254,55.6825361815273,0,1.4359102480282335E-6-3.4349810780873184E-11i,0.007179678161721084-1.7175209011937995E-7i
62.26750065747322,58.27173645370929,0,1.4359194925387482E-6-3.4350031927833676E-11i,0.007179678161721085-1.7175209011937997E-7i
62.2061641749374,61.344872025438136,0,1.4359262375037662E-6-3.435019328072632E-11i,0.007179678161721084-1.7175209011937997E-7i
59.613844886298516,60.55933976804186,0,1.4359248287242978E-6-3.4350159579937437E-11i,0.007179678161721085-1.7175209011938E-7i
48.57548036671898,73.04635196978508,0,1.4359344154661098E-6-3.435038891374686E-11i,0.0071796781617210845-1.7175209011937997E-7i
51.00396668990542,71.54615757305993,0,1.4359340417145896E-6-3.435037997287192E-11i,0.0071796781617210845-1.7175209011938E-7i
52.61949091855386,68.0334826297814,0,1.435932699123104E-6-3.4350347855430326E-11i,0.0071796781617210845-1.7175209011938E-7i
54.98490374083903,64.91035672457822,0,1.4359305627763332E-6-3.435029674979372E-11i,0.0071796781617210845-1.7175209011937997E-7i
57.378441482016754,62.6429176232529,0,1.4359281150477012E-6-3.435023819528766E-11i,0.007179678161721084-1.7175209011937997E-7i
54.09239934896278,61.82560776293549,0,1.4359269358631677E-6-3.4350209986863326E-11i,0.007179678161721085-1.7175209011937997E-7i
51.46817841199086,63.569092889635336,0,1.4359292527668464E-6-3.435026541177795E-11i,0.0071796781617210845-1.7175209011937997E-7i
48.74175690898582,65.48536555448979,0,1.4359310410920544E-6-3.4350308192051046E-11i,0.007179678161721085-1.7175209011938E-7i
45.857842957899905,71.57262860032007,0,1.4359340579169452E-6-3.4350380360464285E-11i,0.0071796781617210845-1.7175209011937997E-7i
48.34176036960807,69.15651209409171,0,1.4359332301405312E-6-3.435036055841661E-11i,0.007179678161721085-1.7175209011937997E-7i
40.83589170287195,73.99292289549959,0,1.4359346045307657E-6-3.4350393436547066E-11i,0.007179678161721085-1.7175209011938E-7i
42.612216098146575,70.30203603723729,0,1.4359336723200358E-6-3.435037113622418E-11i,0.0071796781617210845-1.7175209011938E-7i
45.279475168889505,68.90790392989186,0,1.4359331155352124E-6-3.435035781683088E-11i,0.007179678161721084-1.7175209011937997E-7i
35.338076137467354,76.28916809741928,0,1.4359349475695582E-6-3.4350401642712895E-11i,0.0071796781617210845-1.7175209011938E-7i
29.518605026891304,79.51155203109298,0,1.4359352449080674E-6-3.4350408755637606E-11i,0.007179678161721085-1.7175209011938E-7i
31.628031896641815,76.75765711320088,0,1.435935005486524E-6-3.435040302820116E-11i,0.0071796781617210845-1.7175209011937997E-7i
25.814237113400896,79.2272741132854,0,1.435935226976725E-6-3.435040832668446E-11i,0.007179678161721085-1.7175209011938E-7i
24.284879125763197,76.0828920378709,0,1.435934922845788E-6-3.435040105127146E-11i,0.007179678161721085-1.7175209011938E-7i
33.190989297603764,74.68255212438252,0,1.4359347226954905E-6-3.4350396263280796E-11i,0.007179678161721084-1.7175209011937997E-7i
28.13885033921503,76.18937273276899,0,1.4359349360622446E-6-3.435040136743522E-11i,0.007179678161721085-1.7175209011938E-7i
34.96719264553476,72.3214375465447,0,1.4359342472960674E-6-3.435038489078713E-11i,0.007179678161721085-1.7175209011937997E-7i
37.789488130726824,74.07027981147961,0,1.4359346188546388E-6-3.435039377920239E-11i,0.0071796781617210845-1.7175209011938E-7i
38.600270878381586,71.04842962668383,0,1.4359339072449341E-6-3.435037675609199E-11i,0.007179678161721085-1.7175209011938E-7i
35.81407017838928,68.32932171082743,0,1.4359328483207341E-6-3.435035142453248E-11i,0.007179678161721085-1.7175209011938E-7i
61.538260142448436,54.68113467960208,0,1.4359055287349023E-6-3.434969788605039E-11i,0.007179678161721085-1.7175209011938E-7i
58.81466948288247,57.23333001388663,0,1.4359163103381105E-6-3.4349955803305714E-11i,0.007179678161721085-1.7175209011938E-7i
64.23155800300903,52.5005285073654,0,1.4358915982792936E-6-3.4349364642022815E-11i,0.007179678161721085-1.7175209011938E-7i
61.00769144802244,51.29429009016768,0,1.435881141123735E-6-3.434911448619644E-11i,0.007179678161721085-1.7175209011937997E-7i
64.0229853439111,49.184109631199775,0,1.435857077868347E-6-3.43485388455737E-11i,0.0071796781617210845-1.7175209011937997E-7i
66.43781889531274,47.16272354001289,0,1.4358237788432045E-6-3.4347742267086776E-11i,0.0071796781617210845-1.7175209011937997E-7i
71.32155231796685,46.80250835808028,0,1.4358166854627637E-6-3.4347572579408635E-11i,0.0071796781617210845-1.7175209011937997E-7i
63.790644999442534,46.54183045868184,0,1.4358109191068238E-6-3.434743463677908E-11i,0.007179678161721084-1.7175209011937997E-7i
65.20426806348914,44.18640730799165,0,1.4357474782641628E-6-3.4345917006450734E-11i,0.007179678161721085-1.7175209011937997E-7i
68.84061634744461,45.117190093441735,0,1.435775829103837E-6-3.434659521456269E-11i,0.007179678161721084-1.7175209011937997E-7i
71.46937870066645,44.62159844638274,0,1.43576125853438E-6-3.434624665774696E-11i,0.007179678161721084-1.7175209011937997E-7i
70.47116281527629,42.44236686787159,0,1.4356811353518695E-6-3.4344329952881724E-11i,0.007179678161721085-1.7175209011938E-7i
67.15531842321813,41.801007114588266,0,1.4356510045103164E-6-3.434360916360718E-11i,0.007179678161721085-1.7175209011938E-7i
69.29865204272882,39.422434426048696,0,1.4355043128427667E-6-3.434010000902705E-11i,0.007179678161721085-1.7175209011938E-7i
74.38395996878548,36.893378583973245,0,1.4352654966045147E-6-3.4334387052659085E-11i,0.007179678161721085-1.7175209011938E-7i
71.038301242074,36.903376538421576,0,1.4352673915921682E-6-3.4334432384508606E-11i,0.007179678161721085-1.7175209011938E-7i
78.01565551131259,36.150878953863476,0,1.4351734165080082E-6-3.433218431478177E-11i,0.0071796781617210845-1.7175209011937997E-7i
72.22014214680213,34.2398372447842,0,1.4348720484870559E-6-3.432497499615663E-11i,0.007179678161721085-1.7175209011938E-7i
75.957542880572,33.61146994523722,0,1.4347450020669454E-6-3.43219357947183E-11i,0.007179678161721085-1.7175209011938E-7i
77.39200326061382,30.52294115426567,0,1.4338980019439022E-6-3.430167387793217E-11i,0.007179678161721085-1.7175209011938E-7i
74.79899780963342,27.703328271847628,0,1.432603177543581E-6-3.4270699119442507E-11i,0.007179678161721085-1.7175209011938E-7i
79.07818548685725,26.929045565231284,0,1.4321376724420867E-6-3.425956331748287E-11i,0.007179678161721085-1.7175209011937997E-7i
75.90314592980612,24.184542908696272,0,1.429759249519105E-6-3.4202666740922086E-11i,0.007179678161721085-1.7175209011938E-7i
79.21136171707776,22.86492818872704,0,1.4281931087626741E-6-3.41652015590185E-11i,0.0071796781617210845-1.7175209011937997E-7i
82.69398863030904,21.605717443966867,0,1.4262892820311698E-6-3.411965826125561E-11i,0.0071796781617210845-1.7175209011937997E-7i
85.64608826385673,20.06126190826418,0,1.4232827011785116E-6-3.4047734905650266E-11i,0.007179678161721085-1.7175209011938E-7i
76.35033173423705,20.368588883340866,0,1.4238829800708587E-6-3.4062094763027344E-11i,0.007179678161721085-1.7175209011937997E-7i
83.09366193321492,18.893447920850495,0,1.4204045632608505E-6-3.397888415887931E-11i,0.007179678161721084-1.7175209011937997E-7i
85.32019069997219,16.537752985992434,0,1.4125118289805058E-6-3.379007435725985E-11i,0.0071796781617210845-1.7175209011938E-7i
80.22286514721532,19.394809275459927,0,1.4217352806732901E-6-3.401071754915066E-11i,0.0071796781617210845-1.7175209011937997E-7i
86.61360275840906,13.17486676686265,0,1.3934134111825876E-6-3.333320246121101E-11i,0.0071796781617210845-1.7175209011937997E-7i
83.4124218840955,13.657144070954537,0,1.3968794346158875E-6-3.341611659129644E-11i,0.007179678161721085-1.7175209011938E-7i
81.73501638188196,16.354365042686908,0,1.4117217401265826E-6-3.377117387049918E-11i,0.007179678161721084-1.7175209011937995E-7i
80.06968822188941,13.919239511573167,0,1.398606525930126E-6-3.3457432028613525E-11i,0.0071796781617210845-1.7175209011937997E-7i
78.26054994946516,16.86241658364274,0,1.4137257739093434E-6-3.381911431895751E-11i,0.0071796781617210845-1.7175209011937997E-7i
87.95408864485518,10.339888213496259,0,1.3644493945971045E-6-3.2640325945752246E-11i,0.007179678161721085-1.7175209011938E-7i
84.95425910990915,10.798785354582307,0,1.3703081762342284E-6-3.27804795806455E-11i,0.007179678161721085-1.7175209011938E-7i
86.33168580969586,8.027163875449212,0,1.323240843807819E-6-3.165453597447113E-11i,0.0071796781617210845-1.7175209011937997E-7i
89.3933058861376,7.7163621368055075,0,1.3159165406605434E-6-3.147932416888916E-11i,0.0071796781617210845-1.7175209011937997E-7i
90.9493644346615,4.989724606015905,0,1.211980300821981E-6-2.899296391299394E-11i,0.007179678161721085-1.7175209011938E-7i
92.36451377380814,2.3263175103003277,0,9.505969646095631E-7-2.274015796464236E-11i,0.0071796781617210845-1.7175209011937997E-7i
93.89594950635818,0,0,0,0.007179678161721084-1.7175209011937995E-7i
90.87626264720863,0,0,0,0.007179678161721084-1.7175209011937995E-7i
8.378531948991217,86.05542252663508,0,1.435935515713965E-6-3.435041523384989E-11i,0.0071796781617210845-1.7175209011937997E-7i
8.723822307317725,83.17670131191656,0,1.435935435694532E-6-3.43504133196269E-11i,0.007179678161721085-1.7175209011938E-7i
5.091247536362623,87.65029337724664,0,1.4359355465862119E-6-3.4350415972375034E-11i,0.0071796781617210845-1.7175209011937997E-7i
5.413173072384289,84.50738970684438,0,1.43593547397808E-6-3.4350414235445054E-11i,0.007179678161721085-1.7175209011938E-7i
5.537560111760165,81.57269267802657,0,1.4359353684140313E-6-3.43504117101444E-11i,0.0071796781617210845-1.7175209011937997E-7i
2.52192543495336,89.0856312556804,0,1.435935566490452E-6-3.435041644852381E-11i,0.0071796781617210845-1.7175209011937997E-7i
2.5948826616646627,86.12434916697742,0,1.4359355157758153E-6-3.435041523532946E-11i,0.0071796781617210845-1.7175209011937997E-7i
2.6576137414724954,83.03859497524031,0,1.435935428553497E-6-3.435041314879925E-11i,0.0071796781617210845-1.7175209011937997E-7i
0,87.81837090105014,0,1.4359355480926202E-6-3.435041600841134E-11i,0.007179678161721084-1.7175209011937995E-7i
0,84.81301106601386,0,1.4359354843699095E-6-3.435041448403815E-11i,0.007179678161721084-1.7175209011937995E-7i
17.332202660663135,82.6841917452773,0,1.435935409379669E-6-3.43504126901234E-11i,0.007179678161721084-1.7175209011937997E-7i
17.07526361112636,80.43462581848738,0,1.4359353050729043E-6-3.4350410194899424E-11i,0.0071796781617210845-1.7175209011937997E-7i
14.782662703958906,82.29303067659202,0,1.4359353975484459E-6-3.435041240709715E-11i,0.0071796781617210845-1.7175209011937997E-7i
11.619842273735294,81.53101145684614,0,1.4359353637615385E-6-3.435041159884754E-11i,0.0071796781617210845-1.7175209011937997E-7i
8.537355525618757,80.12025687761347,0,1.4359352877130547E-6-3.435040977961752E-11i,0.0071796781617210845-1.7175209011937997E-7i
14.384127004885016,79.8355925349874,0,1.4359352649389128E-6-3.4350409234815024E-11i,0.0071796781617210845-1.7175209011937997E-7i
16.276467081673367,78.35167759556406,0,1.4359351554602057E-6-3.4350406615868005E-11i,0.007179678161721084-1.7175209011937997E-7i
18.97801124809866,78.2871901121043,0,1.4359351500727698E-6-3.4350406486989905E-11i,0.0071796781617210845-1.7175209011937997E-7i
11.355898489692265,78.48062641177992,0,1.4359351662956371E-6-3.435040687507294E-11i,0.007179678161721085-1.7175209011938E-7i
13.946117225626608,76.79505211751056,0,1.435935006438953E-6-3.435040305098514E-11i,0.0071796781617210845-1.7175209011937997E-7i
20.696790658016344,75.64243394591676,0,1.4359348614296043E-6-3.4350399582074984E-11i,0.007179678161721085-1.7175209011938E-7i
17.104033915299297,75.57172639796386,0,1.4359348562281853E-6-3.435039945764676E-11i,0.0071796781617210845-1.7175209011938E-7i
22.913679376341474,73.10734362621922,0,1.4359344328965614E-6-3.435038933071771E-11i,0.0071796781617210845-1.7175209011937997E-7i
26.501709853052777,73.09030356100222,0,1.4359344258188703E-6-3.4350389161405344E-11i,0.0071796781617210845-1.7175209011937997E-7i
56.4105423525701,59.552801457471105,0,1.4359227383599543E-6-3.435010957429132E-11i,0.007179678161721085-1.7175209011938E-7i
53.200560209364134,58.92438582718442,0,1.4359212535709724E-6-3.435007405520462E-11i,0.0071796781617210845-1.7175209011937997E-7i
55.51186551128724,56.73300755448929,0,1.435914560424556E-6-3.434991394191535E-11i,0.007179678161721085-1.7175209011938E-7i
57.65654833736302,53.62368995118813,0,1.4358993741454082E-6-3.4349550656106984E-11i,0.007179678161721085-1.7175209011937997E-7i
46.21366265116605,66.87511674616128,0,1.4359320518452656E-6-3.435033237126528E-11i,0.007179678161721084-1.7175209011937997E-7i
43.20631015822842,66.72040838078118,0,1.4359319529192016E-6-3.435033000475835E-11i,0.007179678161721085-1.7175209011938E-7i
51.59874449572305,60.911908571016994,0,1.4359254863008636E-6-3.4350175310468356E-11i,0.007179678161721084-1.7175209011937997E-7i
48.40775280253038,61.792883240187436,0,1.4359268803856081E-6-3.435020865973042E-11i,0.007179678161721085-1.7175209011937997E-7i
50.03898752268854,58.51646867866941,0,1.435920174030491E-6-3.435004823046294E-11i,0.007179678161721085-1.7175209011938E-7i
45.51388848919909,63.94236647585595,0,1.4359296525941609E-6-3.435027497643747E-11i,0.007179678161721085-1.7175209011938E-7i
39.77893940122969,67.29628063104654,0,1.4359323105037572E-6-3.435033855888759E-11i,0.007179678161721085-1.7175209011938E-7i
41.083492638256565,63.160525722991316,0,1.4359287672862575E-6-3.435025379812288E-11i,0.007179678161721086-1.7175209011937995E-7i
30.801593701679817,72.90392328441598,0,1.4359343890619027E-6-3.435038828210604E-11i,0.007179678161721085-1.7175209011937997E-7i
32.11312703848773,69.292149772919,0,1.4359332803287084E-6-3.435036175901699E-11i,0.007179678161721085-1.7175209011938E-7i
22.025813494414006,70.63385913340933,0,1.4359337760977305E-6-3.4350373618791713E-11i,0.0071796781617210845-1.7175209011938E-7i
24.917706892810482,70.52471432910039,0,1.4359337397135672E-6-3.43503727484106E-11i,0.007179678161721085-1.7175209011938E-7i
28.416980501639586,69.91170142367835,0,1.4359335312916524E-6-3.435036776254653E-11i,0.0071796781617210845-1.7175209011937997E-7i
36.92830374922306,64.63202958376354,0,1.4359303256047371E-6-3.4350291076180507E-11i,0.007179678161721085-1.7175209011938E-7i
32.93670604273121,65.5652830472382,0,1.4359311291021988E-6-3.435031029742764E-11i,0.007179678161721085-1.7175209011938E-7i
29.547518338320355,66.43904431454487,0,1.4359317665726783E-6-3.435032554698123E-11i,0.007179678161721085-1.7175209011938E-7i
54.6443180925521,51.53774290029808,0,1.4358834810329102E-6-3.434917046144804E-11i,0.007179678161721085-1.7175209011938E-7i
57.19446847773037,49.26967210667554,0,1.4358581533783076E-6-3.434856457389741E-11i,0.007179678161721085-1.7175209011937997E-7i
54.11329843191429,49.06680584129376,0,1.4358553864687682E-6-3.434849838395325E-11i,0.0071796781617210845-1.7175209011938E-7i
61.21461498422257,47.637268967096055,0,1.4358329144148867E-6-3.4347960808015104E-11i,0.0071796781617210845-1.7175209011937997E-7i
61.901694090844316,44.372810947690596,0,1.4357540772291102E-6-3.4346074866733176E-11i,0.0071796781617210845-1.7175209011937997E-7i
58.33176454803558,45.1135869403515,0,1.4357761618193442E-6-3.434660317377516E-11i,0.007179678161721085-1.7175209011937997E-7i
60.2718843152414,42.20187664321604,0,1.4356702312894612E-6-3.434406910616026E-11i,0.007179678161721084-1.7175209011937997E-7i
63.47485794988542,41.15868271003909,0,1.4356167398889788E-6-3.434278948615095E-11i,0.007179678161721085-1.7175209011937997E-7i
68.2905032928051,37.10963002914098,0,1.4352915606234725E-6-3.4335010555500265E-11i,0.007179678161721084-1.7175209011937997E-7i
66.263680898548,38.86167025031391,0,1.4354607936183508E-6-3.433905894317624E-11i,0.007179678161721085-1.7175209011938E-7i
60.27336867668515,39.37231810821831,0,1.435500717548975E-6-3.4340014002494534E-11i,0.007179678161721085-1.7175209011938E-7i
65.7736447836219,35.573783648167144,0,1.4350933241913034E-6-3.433026834828765E-11i,0.0071796781617210845-1.7175209011937997E-7i
62.835312223721346,37.29353231528433,0,1.435312489245669E-6-3.4335511209502374E-11i,0.007179678161721085-1.7175209011938E-7i
68.87192587807316,34.60134411968737,0,1.4349367574152764E-6-3.4326522961597554E-11i,0.007179678161721084-1.7175209011937995E-7i
69.94397194481206,31.532643194948733,0,1.434225557516673E-6-3.430950965454864E-11i,0.0071796781617210845-1.7175209011937997E-7i
66.18136819418547,31.944369728157685,0,1.4343488204747868E-6-3.4312458348099224E-11i,0.007179678161721085-1.7175209011938E-7i
73.5748269547519,30.963906449095834,0,1.4340494931171923E-6-3.4305297846174355E-11i,0.0071796781617210845-1.7175209011937997E-7i
71.07439822014459,28.459089571597463,0,1.4330198196513254E-6-3.428066602202852E-11i,0.007179678161721085-1.7175209011938E-7i
67.29312213562078,28.853863737330474,0,1.4332206970713288E-6-3.428547140688924E-11i,0.007179678161721085-1.7175209011938E-7i
72.55259798582708,25.209112101724614,0,1.4308011213938105E-6-3.422759037511386E-11i,0.0071796781617210845-1.7175209011937997E-7i
68.79444384028092,25.62810854878698,0,1.4311562424106691E-6-3.423608557162782E-11i,0.007179678161721085-1.7175209011938E-7i
73.420551580698,22.445140819154147,0,1.4276115172591544E-6-3.4151288740912286E-11i,0.0071796781617210845-1.7175209011938E-7i
74.8723935706363,17.046572886383665,0,1.4144681356221306E-6-3.383687307818368E-11i,0.007179678161721085-1.7175209011938E-7i
72.53119745365399,19.492914037614764,0,1.4220311457658742E-6-3.40177952268543E-11i,0.007179678161721085-1.7175209011938E-7i
76.62952954956566,14.288498077397016,0,1.4010532892237409E-6-3.351596344189419E-11i,0.0071796781617210845-1.7175209011937997E-7i
83.29214685880436,8.266175858997912,0,1.328386349277989E-6-3.177762663387344E-11i,0.007179678161721085-1.7175209011938E-7i
81.65716494099757,11.065838257714056,0,1.3735175084966479E-6-3.2857253150649934E-11i,0.007179678161721085-1.7175209011938E-7i
78.15666435859139,11.389146715599999,0,1.3770109867649298E-6-3.294082405464434E-11i,0.0071796781617210845-1.7175209011937997E-7i
87.83771053838035,5.357726632511074,0,1.2308647957795062E-6-2.944471835194587E-11i,0.0071796781617210845-1.7175209011937997E-7i
80.10620216083088,8.501751855026889,0,1.333307166430948E-6-3.189534230469863E-11i,0.0071796781617210845-1.7175209011937997E-7i
84.7180157651699,5.428055281803346,0,1.2333538712375006E-6-2.950426195581587E-11i,0.007179678161721085-1.7175209011938E-7i
81.63369911400156,5.553461423527885,0,1.238746313369517E-6-2.963325982816614E-11i,0.0071796781617210845-1.7175209011937997E-7i
89.35062931995893,2.6122172725695805,0,9.923843948355264E-7-2.3739795876031242E-11i,0.0071796781617210845-1.7175209011937997E-7i
86.30160947385201,2.711942088706273,0,1.0103902407087E-6-2.417053129249784E-11i,0.0071796781617210845-1.7175209011937997E-7i
83.1882639067554,2.7610822505352814,0,1.0036085647241102E-6-2.4008300200987942E-11i,0.0071796781617210845-1.7175209011937997E-7i
87.81394481187967,0,0,0,0.007179678161721084-1.7175209011937995E-7i
84.80777160624949,0,0,0,0.007179678161721084-1.7175209011937995E-7i
8.404930732826195,77.12925002832014,0,1.4359350429798428E-6-3.435040392511547E-11i,0.007179678161721085-1.7175209011938E-7i
5.474357827713888,78.6682857423103,0,1.435935182662098E-6-3.435040726659107E-11i,0.007179678161721085-1.7175209011938E-7i
2.6506934418021757,80.16340604113395,0,1.435935290441592E-6-3.435040984488955E-11i,0.0071796781617210845-1.7175209011937997E-7i
0,81.76527628436476,0,1.4359353761503707E-6-3.435041189521288E-11i,0.007179678161721084-1.7175209011937995E-7i
0,78.75525617928233,0,1.4359351917318159E-6-3.4350407483556556E-11i,0.007179678161721084-1.7175209011937995E-7i
2.6730148037590453,77.15233164184004,0,1.4359350440226532E-6-3.435040395006154E-11i,0.0071796781617210845-1.7175209011937997E-7i
5.469913180218981,75.62920906142145,0,1.4359348606278675E-6-3.435039956289585E-11i,0.0071796781617210845-1.7175209011937997E-7i
11.208656161027164,75.51948989544024,0,1.435934849504084E-6-3.435039929679298E-11i,0.0071796781617210845-1.7175209011937997E-7i
8.313352840436252,74.07876756721161,0,1.4359346184606753E-6-3.4350393769778094E-11i,0.0071796781617210845-1.7175209011937997E-7i
19.510172050262458,72.70996313179829,0,1.4359343483786292E-6-3.4350387308881745E-11i,0.0071796781617210845-1.7175209011938E-7i
13.956760226925248,74.27481853529602,0,1.4359346562451104E-6-3.4350394673656367E-11i,0.0071796781617210845-1.7175209011937997E-7i
16.066115195443786,72.67241498790649,0,1.4359343330415601E-6-3.435038694198878E-11i,0.007179678161721084-1.7175209011937997E-7i
11.2197867383722,72.65886288085977,0,1.435934333039685E-6-3.4350386941943864E-11i,0.007179678161721085-1.7175209011938E-7i
19.55571545766847,69.0129298939469,0,1.4359331634917172E-6-3.4350358964045254E-11i,0.0071796781617210845-1.7175209011937997E-7i
16.99703479998867,70.0017995073689,0,1.43593355616444E-6-3.4350368357552796E-11i,0.0071796781617210845-1.7175209011937997E-7i
17.216105894314865,66.77556728221157,0,1.435931980082796E-6-3.4350330654565195E-11i,0.007179678161721085-1.7175209011938E-7i
26.171914788834407,67.16710177890172,0,1.4359322311276864E-6-3.435033666005509E-11i,0.007179678161721085-1.7175209011938E-7i
22.76580830874244,67.95795470636753,0,1.4359326684949792E-6-3.435034712274507E-11i,0.0071796781617210845-1.7175209011937997E-7i
20.424619516320703,65.6345963758651,0,1.4359311883367379E-6-3.435031171443483E-11i,0.007179678161721085-1.7175209011938E-7i
23.801849855605816,64.59981480827315,0,1.4359303114849715E-6-3.435029073840775E-11i,0.007179678161721085-1.7175209011938E-7i
54.35059328695114,54.17676584743479,0,1.4359026784104767E-6-3.434962970065733E-11i,0.0071796781617210845-1.7175209011937995E-7i
52.17332982748272,52.76993846305306,0,1.4358934788815336E-6-3.434940962974489E-11i,0.0071796781617210845-1.7175209011937997E-7i
52.10080638110963,55.96828749927611,0,1.4359115231132975E-6-3.434984128342769E-11i,0.0071796781617210845-1.7175209011938E-7i
50.02508150864627,53.59823403539687,0,1.4358992255861717E-6-3.43495471022765E-11i,0.007179678161721084-1.7175209011937997E-7i
48.8828833338224,55.64158309975801,0,1.435910071987507E-6-3.434980656963108E-11i,0.0071796781617210845-1.7175209011937997E-7i
47.60495205958585,52.98632259516581,0,1.4358951170682008E-6-3.4349448818407355E-11i,0.0071796781617210845-1.7175209011937997E-7i
44.24307828019941,60.30733576756265,0,1.4359243388155757E-6-3.435014786035259E-11i,0.007179678161721085-1.7175209011938E-7i
46.525681849443046,57.89653930501033,0,1.4359184520827192E-6-3.4350007038069334E-11i,0.007179678161721085-1.7175209011938E-7i
43.39988563301819,56.35065640895774,0,1.4359130897528243E-6-3.434987876054123E-11i,0.007179678161721085-1.7175209011937997E-7i
40.41866346413915,58.687558324527714,0,1.4359205797326823E-6-3.4350057935661114E-11i,0.007179678161721085-1.7175209011937997E-7i
37.345041857689765,60.835314469873666,0,1.4359253103358562E-6-3.4350171101037654E-11i,0.007179678161721085-1.7175209011938E-7i
33.73756250658808,62.025655748638854,0,1.4359272786659519E-6-3.4350218187383356E-11i,0.007179678161721085-1.7175209011938E-7i
27.278717011476346,63.75227085527423,-0.999999999999997,1.4359265215080917E-6-3.435020007467106E-11i,0.007179678161721084-1.7175209011937992E-7i
27.131502044685895,63.653566038002,0,1.4359293116473051E-6-3.435026682031492E-11i,0.007179678161721084-1.7175209011937995E-7i
30.507185611260635,62.78967782799006,0,1.435928320470449E-6-3.435024310940575E-11i,0.007179678161721085-1.7175209011938E-7i
27.913422061670087,60.26717009275642,0,1.4359242436280716E-6-3.4350145583279406E-11i,0.0071796781617210845-1.7175209011937997E-7i
34.642100483407845,58.985219144395515,0,1.4359214112387224E-6-3.435007782692879E-11i,0.007179678161721084-1.7175209011937997E-7i
37.03678893741801,57.1416680155751,0,1.4359159573124883E-6-3.4349947358235216E-11i,0.007179678161721085-1.7175209011938E-7i
31.334312742620483,59.05213099742923,0,1.4359216288304216E-6-3.435008303215227E-11i,0.007179678161721085-1.7175209011937997E-7i
49.74572779847702,51.155317311212016,0,1.4358798084063303E-6-3.434908260496243E-11i,0.0071796781617210845-1.7175209011937997E-7i
51.96973150465247,50.08960572730729,0,1.4358685584106977E-6-3.4348813482834626E-11i,0.007179678161721084-1.7175209011937997E-7i
54.907090294936204,46.680807095853886,0,1.4358142311820754E-6-3.4347513868164435E-11i,0.007179678161721084-1.7175209011937997E-7i
54.76050776745262,43.50563017472922,0,1.435723563192661E-6-3.434534491067942E-11i,0.007179678161721085-1.7175209011937997E-7i
52.55970686950421,47.836000420762495,0,1.4358359817151055E-6-3.434803418389795E-11i,0.007179678161721084-1.7175209011937997E-7i
52.027612193079094,45.524817035745706,0,1.4357870899545182E-6-3.434686459636474E-11i,0.0071796781617210845-1.7175209011937997E-7i
49.84150130984562,47.796490037595554,0,1.4358352048893824E-6-3.4348015600691505E-11i,0.007179678161721085-1.7175209011937997E-7i
51.481899294990555,42.85297589282891,0,1.4356990147655963E-6-3.434475766379138E-11i,0.0071796781617210845-1.7175209011937997E-7i
57.30415486032476,41.30984894597306,0,1.43562487436827E-6-3.434298407897096E-11i,0.007179678161721085-1.7175209011938E-7i
53.58457407081567,40.34099238394611,0,1.4355682481073594E-6-3.4341629466905074E-11i,0.0071796781617210845-1.7175209011938E-7i
56.74031928824699,37.8643181188492,0,1.435370631892652E-6-3.433690209651982E-11i,0.007179678161721085-1.7175209011938E-7i
59.506201102005356,35.89323029756213,0,1.4351373684326444E-6-3.43313219735808E-11i,0.007179678161721085-1.7175209011938E-7i
62.35791124312093,33.12229369997423,0,1.4346420349613492E-6-3.431947261806867E-11i,0.007179678161721085-1.7175209011937997E-7i
58.91089712204655,32.65648043650211,0,1.4345326983866869E-6-3.431685707113164E-11i,0.0071796781617210845-1.7175209011938E-7i
60.23756770889204,29.600318058275256,0,1.4335505337049283E-6-3.4293361750988606E-11i,0.0071796781617210845-1.7175209011937997E-7i
63.626557444838,29.212641152083894,0,1.4333827766853323E-6-3.428934867155817E-11i,0.007179678161721085-1.7175209011938E-7i
70.47657015205009,22.424457291992496,0,1.4276009987541112E-6-3.415103711748495E-11i,0.0071796781617210845-1.7175209011937997E-7i
65.06082736120723,25.948543950262135,0,1.431419197632016E-6-3.424237598017496E-11i,0.007179678161721085-1.7175209011938E-7i
66.8449201169054,22.603698584575202,0,1.4278402356362304E-6-3.41567601364855E-11i,0.007179678161721085-1.7175209011938E-7i
69.10330246195647,19.538866803790672,0,1.4221293062351335E-6-3.4020143419263836E-11i,0.007179678161721085-1.7175209011938E-7i
73.7443421646203,14.675686521250036,0,1.4033462055678303E-6-3.357081453210955E-11i,0.007179678161721084-1.7175209011937997E-7i
71.4862295219609,16.911291972503307,0,1.4139996568306818E-6-3.3825666139683715E-11i,0.0071796781617210845-1.7175209011937997E-7i
67.91186139478677,16.09276356693058,0,1.4106973187695643E-6-3.3746667687176244E-11i,0.007179678161721085-1.7175209011937997E-7i
74.33845553531377,11.358636328564714,0,1.3768382145874974E-6-3.2936691002727506E-11i,0.007179678161721085-1.7175209011937997E-7i
71.26223071192366,13.34722801633064,0,1.3946430788902278E-6-3.336261854284903E-11i,0.0071796781617210845-1.7175209011938E-7i
71.8273227110761,10.009009697012011,0,1.3597439522655957E-6-3.252776246628018E-11i,0.0071796781617210845-1.7175209011938E-7i
78.58020262788418,5.564751711305398,0,1.239980678799409E-6-2.9662788288604005E-11i,0.007179678161721085-1.7175209011938E-7i
76.90042064084248,8.523871668264803,0,1.3338353010543017E-6-3.190797632858971E-11i,0.007179678161721085-1.7175209011938E-7i
73.76449046608965,8.025304926395833,0,1.3231893030900245E-6-3.1653303018646657E-11i,0.0071796781617210845-1.7175209011937997E-7i
80.18245633791919,2.756364384647398,0,1.0148014669290065E-6-2.4276056541159597E-11i,0.0071796781617210845-1.7175209011937997E-7i
81.75306739807849,0,0,0,0.007179678161721084-1.7175209011937995E-7i
78.74450860144722,0,0,0,0.007179678161721084-1.7175209011937995E-7i
77.18123690271322,2.702627087743444,0,9.97262334863316E-7-2.385648584128856E-11i,0.0071796781617210845-1.7175209011937997E-7i
75.52677382667903,5.414814635917402,0,1.2317660559054575E-6-2.946627827523027E-11i,0.007179678161721085-1.7175209011938E-7i
8.305683970505648,71.13096890239575,0,1.4359339295257102E-6-3.4350377289092187E-11i,0.007179678161721085-1.7175209011938E-7i
5.429476017377048,72.60982503587277,0,1.435934318872125E-6-3.435038660302784E-11i,0.007179678161721085-1.7175209011938E-7i
5.425224090547346,69.63968576561496,0,1.435933430280924E-6-3.4350365346170305E-11i,0.0071796781617210845-1.7175209011937997E-7i
0,75.72239294297097,0,1.4359348784379994E-6-3.4350399988949405E-11i,0.007179678161721084-1.7175209011937995E-7i
2.6852148878150075,74.1536150967413,0,1.4359346357665505E-6-3.4350394183768775E-11i,0.0071796781617210845-1.7175209011937997E-7i
0,72.70364733549776,0,1.4359343423367072E-6-3.435038716434705E-11i,0.007179678161721084-1.7175209011937995E-7i
2.691463827721023,71.13882299804628,0,1.4359339364164153E-6-3.435037745393153E-11i,0.0071796781617210845-1.7175209011937997E-7i
0,69.68237266432726,0,1.4359334416563344E-6-3.4350365618292596E-11i,0.007179678161721084-1.7175209011937995E-7i
13.863407721373662,71.07044810708241,0,1.4359339233778335E-6-3.435037714202283E-11i,0.0071796781617210845-1.7175209011937997E-7i
11.139551180548025,69.50427789368054,0,1.435933368888454E-6-3.4350363877541106E-11i,0.0071796781617210845-1.7175209011937997E-7i
8.254061658314669,68.12017086697756,0,1.4359327561622565E-6-3.4350349219919586E-11i,0.0071796781617210845-1.7175209011937997E-7i
11.105985481270118,66.34941130251049,0,1.435931705160478E-6-3.435032407788007E-11i,0.0071796781617210845-1.7175209011937997E-7i
10.59520624651067,62.80018110369697,0,1.435928310547236E-6-3.435024287202291E-11i,0.0071796781617210845-1.7175209011938E-7i
7.98417448764134,65.08766314964842,0,1.4359307278232356E-6-3.4350300698041784E-11i,0.007179678161721085-1.7175209011938E-7i
14.149318234671092,68.06642226211314,0,1.435932729313679E-6-3.435034857764857E-11i,0.007179678161721084-1.7175209011937995E-7i
14.29092244888895,64.26108480761997,0,1.4359299762403596E-6-3.435028271869411E-11i,0.0071796781617210845-1.7175209011938E-7i
17.990002761078905,63.300193068400944,0,1.4359289487668116E-6-3.435025813949637E-11i,0.007179678161721085-1.7175209011938E-7i
16.142238783156785,60.94745725450998,0,1.4359255488620506E-6-3.4350176807055555E-11i,0.007179678161721085-1.7175209011938E-7i
19.652413849510513,59.912555154749086,0,1.4359235518442526E-6-3.435012903444335E-11i,0.0071796781617210845-1.7175209011937997E-7i
21.617935375575225,62.23746024037989,0,1.4359276017226503E-6-3.435022591553798E-11i,0.007179678161721085-1.7175209011938E-7i
24.81024830703492,61.25364155468145,0,1.435926035436451E-6-3.435018844687682E-11i,0.007179678161721085-1.7175209011938E-7i
22.65234220174896,58.91531868020391,0,1.4359212480081953E-6-3.435007392213199E-11i,0.0071796781617210845-1.7175209011937997E-7i
46.808409405384246,49.685882006080455,0,1.4358636883710748E-6-3.434869698186264E-11i,0.0071796781617210845-1.7175209011937997E-7i
44.058415468920224,52.46661176133397,0,1.4358910775317065E-6-3.4349352184711464E-11i,0.007179678161721085-1.7175209011937997E-7i
46.229767085193785,55.196114121701655,0,1.4359081272096079E-6-3.4349760046700465E-11i,0.0071796781617210845-1.7175209011937995E-7i
40.18424403574265,54.47958438432331,0,1.4359043639997872E-6-3.434967002328472E-11i,0.007179678161721086-1.7175209011937995E-7i
39.942183441336674,50.966850733672025,0,1.4358779807344136E-6-3.434903888343835E-11i,0.007179678161721085-1.7175209011938E-7i
36.09643404348006,52.95588556508013,0,1.4358949137124944E-6-3.434944395373695E-11i,0.007179678161721086-1.7175209011937995E-7i
33.65174000594446,56.22489925278072,0,1.4359125776274834E-6-3.434986650949098E-11i,0.0071796781617210845-1.7175209011937997E-7i
32.30636636559383,53.2357472876824,0,1.4358967161578747E-6-3.434948707179251E-11i,0.007179678161721085-1.7175209011938E-7i
30.300258196566233,55.50157119558847,0,1.4359095980396818E-6-3.43497952318625E-11i,0.0071796781617210845-1.7175209011937997E-7i
28.280119944265937,57.50959029032013,0,1.435917278483701E-6-3.4349978963261565E-11i,0.007179678161721084-1.7175209011937997E-7i
25.649877926375726,57.937773842943685,0,1.4359185873364424E-6-3.4350010273605693E-11i,0.0071796781617210845-1.7175209011937997E-7i
33.79670482551249,50.472714772312884,0,1.435872744398794E-6-3.4348913619942287E-11i,0.0071796781617210845-1.7175209011938E-7i
43.646888665019,48.400261701648816,0,1.43584530002392E-6-3.43482570962596E-11i,0.007179678161721085-1.7175209011937997E-7i
46.61882618726376,45.72037593041437,0,1.4357917692903455E-6-3.434697653532502E-11i,0.007179678161721085-1.7175209011937997E-7i
48.34538682457986,42.734627853904605,0,1.4356938982810948E-6-3.43446352673709E-11i,0.0071796781617210845-1.7175209011937997E-7i
50.35071066769965,40.73831519832815,0,1.4355923700509022E-6-3.434220651146445E-11i,0.0071796781617210845-1.7175209011938E-7i
49.74356118360782,44.80722240142101,0,1.435767276258772E-6-3.434639061360663E-11i,0.0071796781617210845-1.7175209011937995E-7i
50.836912620611386,37.91873443259652,0,1.4353749316253963E-6-3.43370049546242E-11i,0.007179678161721085-1.7175209011938E-7i
53.45641885605947,36.38833560544226,0,1.435204643282265E-6-3.4332931320932414E-11i,0.0071796781617210845-1.7175209011937997E-7i
52.83372114933802,33.153429441841446,0,1.4346512594491012E-6-3.431969328604515E-11i,0.0071796781617210845-1.7175209011937997E-7i
50.07674064172849,34.77309283135033,0,1.4349639952465107E-6-3.4327174544348145E-11i,0.0071796781617210845-1.7175209011937997E-7i
50.54910794069334,32.02548777983739,0,1.4343644972588391E-6-3.4312833367754234E-11i,0.0071796781617210845-1.7175209011938E-7i
56.13044254649752,33.91374120674027,0,1.4348095497052846E-6-3.43234799017865E-11i,0.007179678161721084-1.7175209011937997E-7i
54.55552010432697,31.309590629976086,0,1.4341610575649755E-6-3.43079666882391E-11i,0.007179678161721084-1.7175209011937997E-7i
57.06784612070854,30.576848211259904,0,1.4339214389271002E-6-3.430223453688644E-11i,0.007179678161721084-1.7175209011937995E-7i
54.67896997761486,29.152420229039564,0,1.4333535279648141E-6-3.4288648984362035E-11i,0.0071796781617210845-1.7175209011938E-7i
61.15160853200898,26.377715425954218,0,1.4317550846725106E-6-3.4250411061964064E-11i,0.007179678161721085-1.7175209011938E-7i
56.83079838256337,26.89523487136107,0,1.4321073121575654E-6-3.425883703947904E-11i,0.007179678161721086-1.7175209011937995E-7i
62.89024353325972,22.836346870338176,0,1.4281698841213692E-6-3.4164645979701926E-11i,0.007179678161721085-1.7175209011938E-7i
58.62387329919107,23.038058925416305,0,1.428438638531842E-6-3.417107511631327E-11i,0.007179678161721085-1.7175209011937997E-7i
65.24903491275404,19.550098645937535,0,1.4221647336009608E-6-3.402099091186606E-11i,0.007179678161721085-1.7175209011938E-7i
61.232297010414044,19.650018825319744,0,1.422396658660489E-6-3.402653901762064E-11i,0.007179678161721085-1.7175209011938E-7i
60.13525209886909,16.612850835807563,0,1.4128528175104965E-6-3.3798231476759255E-11i,0.0071796781617210845-1.7175209011937997E-7i
63.58687037586664,16.673842835276155,0,1.4131269391364327E-6-3.3804789007771233E-11i,0.0071796781617210845-1.7175209011937997E-7i
61.98132658521847,13.778786583709802,0,1.3976914709811496E-6-3.3435542105900995E-11i,0.007179678161721085-1.7175209011938E-7i
65.17140015250985,13.495296032314087,0,1.3957762771598771E-6-3.33897268848872E-11i,0.007179678161721085-1.7175209011938E-7i
67.82643128419528,12.5171509733971,0,1.3882667918349056E-6-3.3210085155657456E-11i,0.007179678161721084-1.7175209011937997E-7i
66.2181461678531,10.44218167646337,0,1.365960186324493E-6-3.267646706950031E-11i,0.007179678161721084-1.7175209011937995E-7i
67.93850442951627,7.811221804799253,0,1.3180054086166206E-6-3.1529294018422624E-11i,0.0071796781617210845-1.7175209011937997E-7i
64.77504627106566,7.920617290671714,0,1.3208395265074392E-6-3.159709171915912E-11i,0.007179678161721085-1.7175209011938E-7i
69.28730587315249,10.431750382697686,0,1.3658682275919314E-6-3.267426723488845E-11i,0.007179678161721084-1.7175209011937997E-7i
63.49829377054371,10.698890924549112,0,1.3691755773083649E-6-3.275338557609512E-11i,0.0071796781617210845-1.7175209011937997E-7i
70.60372641182325,7.73001616942544,0,1.316239572482892E-6-3.148705172845577E-11i,0.0071796781617210845-1.7175209011937997E-7i
72.42535347366665,5.330350090220023,0,1.2292637899544482E-6-2.940641912870034E-11i,0.0071796781617210845-1.7175209011937997E-7i
69.38042936819275,5.310914454981614,0,1.2285280101910616E-6-2.9388817822711004E-11i,0.007179678161721085-1.7175209011938E-7i
75.70560858742743,0,0,0,0.007179678161721084-1.7175209011937995E-7i
74.10268770191516,2.7612434061748345,0,1.0160084658310962E-6-2.430493034017066E-11i,0.0071796781617210845-1.7175209011937997E-7i
72.68866871132168,0,0,0,0.007179678161721084-1.7175209011937995E-7i
71.17633094762877,2.6669054311924896,0,9.993914273712097E-7-2.3907417941593236E-11i,0.0071796781617210845-1.7175209011937997E-7i
69.66399318393587,0,0,0,0.007179678161721084-1.7175209011937995E-7i
5.395570501193383,66.70025959498729,0,1.435931939052108E-6-3.435032967303008E-11i,0.007179678161721085-1.7175209011938E-7i
7.3250050380326215,62.48277829709839,0,1.435927923412333E-6-3.435023361099088E-11i,0.007179678161721084-1.7175209011937997E-7i
5.290870839591641,63.76580831408047,0,1.4359294649122958E-6-3.435027048671634E-11i,0.0071796781617210845-1.7175209011937997E-7i
5.185915656894885,60.72978586898215,0,1.4359251524337936E-6-3.435016732370827E-11i,0.007179678161721085-1.7175209011938E-7i
2.674567982603513,68.18276742978502,0,1.4359327895115024E-6-3.435035001769947E-11i,0.0071796781617210845-1.7175209011937997E-7i
2.689732048230333,65.2434884824252,0,1.4359308708270246E-6-3.435030411897505E-11i,0.0071796781617210845-1.7175209011937997E-7i
0,66.65735442927007,0,1.4359319214058408E-6-3.435032925089647E-11i,0.007179678161721084-1.7175209011937995E-7i
13.251547362687916,61.1355810158743,0,1.4359258863995416E-6-3.435018488161942E-11i,0.007179678161721084-1.7175209011937997E-7i
8.406286676372027,59.82493771237526,0,1.435923381357413E-6-3.435012495606121E-11i,0.0071796781617210845-1.7175209011938E-7i
11.403563054430649,59.862433615634714,0,1.4359234739381248E-6-3.435012717077482E-11i,0.007179678161721084-1.7175209011937997E-7i
17.417595791610623,56.61174240311367,0,1.4359141558097983E-6-3.434990426273074E-11i,0.0071796781617210845-1.7175209011938E-7i
20.645914145891673,56.525781287550686,0,1.4359137548747305E-6-3.434989467157155E-11i,0.007179678161721085-1.7175209011938E-7i
13.924361270723253,58.06341575467263,0,1.4359189846541107E-6-3.435001977822945E-11i,0.007179678161721085-1.7175209011937997E-7i
19.613587147945086,54.51050902683516,0,1.4359046781357518E-6-3.434967753803773E-11i,0.007179678161721084-1.7175209011937997E-7i
21.960838719713973,53.898256748253964,0,1.4359011268056454E-6-3.434959258320349E-11i,0.0071796781617210845-1.7175209011937997E-7i
23.668676029637805,55.44758784606857,0,1.4359093000935537E-6-3.43497881044023E-11i,0.007179678161721085-1.7175209011938E-7i
24.241704850435678,52.386139421823856,0,1.4358906751843674E-6-3.434934255976796E-11i,0.0071796781617210845-1.7175209011938E-7i
26.729439887422163,54.61803593565999,0,1.4359052267644502E-6-3.4349690662320465E-11i,0.0071796781617210845-1.7175209011938E-7i
22.293611634860433,51.63717223449523,0,1.435884368589906E-6-3.434919169356534E-11i,0.007179678161721084-1.7175209011937997E-7i
23.873105140776854,48.74642257754207,0,1.4358507236055008E-6-3.4348386839049163E-11i,0.007179678161721084-1.7175209011937997E-7i
24.261575678990482,48.28480348833672,-0.666666666666674,1.435814883795757E-6-3.4347529479973416E-11i,0.007179678161721085-1.7175209011937997E-7i
25.000000000000004,50,0,1.435867391131318E-6-3.4348785559205055E-11i,0.007179678161721085-1.7175209011938E-7i
25,48.289331662787816,0,1.4358436829701815E-6-3.43482184131386E-11i,0.007179678161721084-1.7175209011937997E-7i
23.771636834302555,47.45546242703144,0,1.4358293352900276E-6-3.434787518827537E-11i,0.007179678161721084-1.7175209011937997E-7i
36.66746237406462,49.13865903604207,0,1.4358565671010442E-6-3.434852662701047E-11i,0.007179678161721085-1.7175209011938E-7i
40.25396500047171,46.456320050590094,0,1.4358090421780305E-6-3.4347389736933135E-11i,0.007179678161721086-1.7175209011937995E-7i
43.26254079352267,45.25725509961915,0,1.4357797357423909E-6-3.43466886690772E-11i,0.007179678161721084-1.7175209011937997E-7i
30.86909473408709,49.883191459673476,0,1.4358658513410906E-6-3.434874872437991E-11i,0.007179678161721085-1.7175209011937997E-7i
33.493414332764374,47.76815933300612,0,1.435834859443312E-6-3.4348007336938855E-11i,0.007179678161721085-1.7175209011938E-7i
25.000000000000004,46.710668337212184,0,1.4358146511870854E-6-3.434752391551424E-11i,0.007179678161721085-1.7175209011938E-7i
29.196433985053485,52.5584032057787,0,1.4358918649912374E-6-3.434937102229963E-11i,0.007179678161721085-1.7175209011938E-7i
26.727584288622108,51.637143997457805,0,1.4358843090466046E-6-3.434919026917192E-11i,0.007179678161721084-1.7175209011937995E-7i
28.213448006616773,50.37741686184507,0,1.4358716855905198E-6-3.4348888291155905E-11i,0.007179678161721084-1.7175209011937997E-7i
26.61145496339457,49.39436798048468,0,1.4358596995649783E-6-3.4348601561738144E-11i,0.007179678161721084-1.7175209011937997E-7i
28.40977750042626,48.22179322250473,0,1.43584256725126E-6-3.434819172293708E-11i,0.007179678161721085-1.7175209011938E-7i
36.16377990225073,45.47970057366072,0,1.4357857873253946E-6-3.434683343490184E-11i,0.007179678161721085-1.7175209011938E-7i
27.41263685589316,45.93697211212435,0,1.435797093800948E-6-3.4347103908140926E-11i,0.0071796781617210845-1.7175209011938E-7i
26.507335108916564,47.8498101355631,0,1.4358362773658541E-6-3.434804125644811E-11i,0.007179678161721084-1.7175209011937997E-7i
30.408928778443602,46.580979365462326,0,1.4358118167789406E-6-3.43474561108701E-11i,0.007179678161721085-1.7175209011938E-7i
33.15206328135925,44.41419629274835,0,1.4357550808229833E-6-3.434609887468188E-11i,0.007179678161721085-1.7175209011937997E-7i
44.63278102751772,42.426360992050384,0,1.4356795537188548E-6-3.434429211709438E-11i,0.007179678161721085-1.7175209011937997E-7i
47.456154104056694,39.25825553970731,0,1.4354921288907925E-6-3.433980854481787E-11i,0.007179678161721085-1.7175209011938E-7i
41.71586896148837,43.56336750637461,0,1.4357254099262018E-6-3.43453890881952E-11i,0.007179678161721084-1.7175209011937997E-7i
38.90062495145097,43.02518840265055,0,1.4357059535318625E-6-3.4344923652792877E-11i,0.007179678161721085-1.7175209011938E-7i
41.44973784223698,40.657348980977694,0,1.4355877535486906E-6-3.434209607560837E-11i,0.0071796781617210845-1.7175209011937997E-7i
44.290367762445605,38.143950001764594,0,1.4353957685141663E-6-3.433750341418149E-11i,0.007179678161721085-1.7175209011938E-7i
47.43022798036796,36.276709616726684,0,1.4351896682776805E-6-3.433257308922913E-11i,0.007179678161721085-1.7175209011938E-7i
47.433776964151306,32.307341487629245,0,1.4344444581362767E-6-3.431474618996134E-11i,0.007179678161721085-1.7175209011937997E-7i
52.535862063072194,26.194066765452654,0,1.431611793805114E-6-3.424698326124431E-11i,0.007179678161721085-1.7175209011937997E-7i
52.225684786457705,30.000392056678358,0,1.4337099650349958E-6-3.4297175663472313E-11i,0.0071796781617210845-1.7175209011937997E-7i
49.5378825528544,28.936416615644173,0,1.4332545346776384E-6-3.428628086930215E-11i,0.007179678161721085-1.7175209011938E-7i
48.61400409508417,26.14019201269517,0,1.4315723502590066E-6-3.4246039693673015E-11i,0.0071796781617210845-1.7175209011938E-7i
55.2475260722777,23.877220814194533,0,1.4294356947138202E-6-3.4194926670570204E-11i,0.007179678161721084-1.7175209011937997E-7i
55.28965719447135,21.142384300090363,0,1.425459714032821E-6-3.409981335534155E-11i,0.007179678161721084-1.7175209011937997E-7i
52.506871616711585,21.779957445412553,0,1.4266038290224767E-6-3.412718284689596E-11i,0.0071796781617210845-1.7175209011938E-7i
57.46340618883209,18.946376570611605,0,1.420615073305971E-6-3.3983919975168816E-11i,0.007179678161721085-1.7175209011937997E-7i
54.12264328562168,18.971486018479837,0,1.4206972745162798E-6-3.3985886390565644E-11i,0.0071796781617210845-1.7175209011937997E-7i
57.50408456967736,15.659536960507808,0,1.4086639744131286E-6-3.3698026071872097E-11i,0.007179678161721084-1.7175209011937997E-7i
54.979824518168066,16.50112783980738,0,1.4124375680816768E-6-3.3788297889805364E-11i,0.0071796781617210845-1.7175209011937997E-7i
59.10008637042424,13.574843903966276,0,1.396312469216169E-6-3.3402553658497234E-11i,0.0071796781617210845-1.7175209011937997E-7i
60.5895790679498,10.773496134775101,0,1.3700060411906633E-6-3.277325191332369E-11i,0.0071796781617210845-1.7175209011937997E-7i
62.066667108542774,7.967850525414271,0,1.322095385388443E-6-3.1627134345423016E-11i,0.0071796781617210845-1.7175209011937997E-7i
66.58101339677566,5.2703583013921715,0,1.2254507405412792E-6-2.9315203451383257E-11i,0.0071796781617210845-1.7175209011937997E-7i
63.42412823216743,5.28107359140845,0,1.2270707074347261E-6-2.935395626085553E-11i,0.0071796781617210845-1.7175209011937997E-7i
65.13227388529945,2.62975414764162,0,9.921662988021111E-7-2.3734578587910217E-11i,0.0071796781617210845-1.7175209011937997E-7i
68.15152679370385,2.6292406419693037,0,9.995427109157905E-7-2.3911036942946383E-11i,0.0071796781617210845-1.7175209011937997E-7i
66.63906040347183,0,0,0,0.007179678161721084-1.7175209011937995E-7i
60.60819012317347,5.319293901396414,0,1.2279876669456552E-6-2.937589174445374E-11i,0.007179678161721085-1.7175209011938E-7i
59.06408611648154,8.01862303014309,0,1.3230229135774457E-6-3.1649322652686563E-11i,0.007179678161721085-1.7175209011938E-7i
5.397949970748904,57.68429667635903,0,1.4359178238726712E-6-3.434999201004354E-11i,0.0071796781617210845-1.7175209011937997E-7i
7.923332850670086,56.249695669669386,0,1.4359127295880382E-6-3.4349870144687724E-11i,0.007179678161721085-1.7175209011938E-7i
7.7337220138465455,53.10680309573199,0,1.4358959491388053E-6-3.434946872318051E-11i,0.0071796781617210845-1.7175209011937997E-7i
5.262366625165164,54.566680709855724,0,1.4359049139452488E-6-3.4349683179066955E-11i,0.007179678161721085-1.7175209011938E-7i
2.617810982871184,59.11248991902835,0,1.4359217212851801E-6-3.435008524385281E-11i,0.0071796781617210845-1.7175209011937997E-7i
2.6921916924386693,56.11194352009457,0,1.4359122372264582E-6-3.4349858366425765E-11i,0.0071796781617210845-1.7175209011937997E-7i
0,57.58995451067158,0,1.435917522257398E-6-3.434998479481012E-11i,0.007179678161721084-1.7175209011937995E-7i
2.6695828831615387,62.17190279851036,0,1.4359274964491122E-6-3.435022339718693E-11i,0.0071796781617210845-1.7175209011937997E-7i
0,63.642424630684765,0,1.4359293416999325E-6-3.435026753923314E-11i,0.007179678161721084-1.7175209011937995E-7i
0,60.6212421128744,0,1.4359249410015052E-6-3.43501622658301E-11i,0.007179678161721084-1.7175209011937995E-7i
15.06194670030284,54.946568527852854,0,1.4359068076019498E-6-3.434972847907745E-11i,0.007179678161721085-1.7175209011938E-7i
10.265169956221257,54.44643467075537,0,1.4359042247252044E-6-3.434966669156145E-11i,0.007179678161721084-1.7175209011937995E-7i
12.519696407548778,55.465312731944884,0,1.4359093647053177E-6-3.434978965004336E-11i,0.007179678161721084-1.7175209011937997E-7i
10.637704325962495,57.38416898915372,0,1.435916864510127E-6-3.434996906019554E-11i,0.0071796781617210845-1.7175209011937997E-7i
12.705085820207046,52.74365959691196,0,1.4358934080484133E-6-3.4349407935276675E-11i,0.0071796781617210845-1.7175209011937997E-7i
10.261352639624022,51.31212474064923,0,1.435881465550302E-6-3.4349122247121106E-11i,0.007179678161721085-1.7175209011938E-7i
22.495221235813048,48.489357393541596,0,1.4358469828085946E-6-3.4348297351794566E-11i,0.007179678161721086-1.7175209011937995E-7i
20,50,0,1.435867589266317E-6-3.43487902989858E-11i,0.007179678161721084-1.7175209011937997E-7i
21.088065909197272,48.85573501866712,0,1.4358524736823604E-6-3.4348428704346146E-11i,0.007179678161721084-1.7175209011937997E-7i
20.11494825942201,49.48576850134215,-0.8888888888888775,1.4358308169475422E-6-3.434791063245118E-11i,0.007179678161721086-1.7175209011937995E-7i
21.710668337212184,50.00000000000001,0,1.4358674657785375E-6-3.4348787344914076E-11i,0.0071796781617210845-1.7175209011937997E-7i
20,48.289331662787816,0,1.435843915254511E-6-3.434822396983879E-11i,0.007179678161721084-1.7175209011937997E-7i
17.71256355301071,49.00988207108395,0,1.4358544765069254E-6-3.434847661586771E-11i,0.007179678161721085-1.7175209011937997E-7i
18.246761268027907,51.06578368632204,0,1.4358790912161022E-6-3.434906544835482E-11i,0.0071796781617210845-1.7175209011938E-7i
17.67310227223323,53.44503532585974,0,1.4358983416260343E-6-3.434952595620311E-11i,0.007179678161721084-1.7175209011937997E-7i
15.453729192720907,51.05470206306743,0,1.4358789019891997E-6-3.4349060921673367E-11i,0.007179678161721085-1.7175209011937997E-7i
15.339454284884631,48.411903993269846,0,1.4358457915785206E-6-3.434826885521709E-11i,0.007179678161721084-1.7175209011937997E-7i
16.685946815614443,46.32381111654865,0,1.4358056813098644E-6-3.4347309338324826E-11i,0.007179678161721085-1.7175209011937997E-7i
19.999999999999996,46.710668337212184,0,1.435814930410972E-6-3.4347530595101474E-11i,0.0071796781617210845-1.7175209011937997E-7i
18.774145224059716,45.833633859353675,0,1.4357946456684547E-6-3.434704534397365E-11i,0.007179678161721084-1.7175209011937997E-7i
18.770759732989948,47.29100833196303,0,1.4358264796033825E-6-3.4347806874607404E-11i,0.007179678161721084-1.7175209011937997E-7i
19.844554134691993,45.8186624948705,-0.6746577438784989,1.4357501289600951E-6-3.4345980416335695E-11i,0.007179678161721086-1.7175209011937992E-7i
21.09917898973258,46.138874940431876,0,1.4358023315727727E-6-3.4347229205993867E-11i,0.007179678161721084-1.7175209011937997E-7i
20,45,0,1.4357727684700014E-6-3.434652199815288E-11i,0.0071796781617210845-1.7175209011937997E-7i
21.710668337212187,44.99999999999999,0,1.4357727466650629E-6-3.434652147653569E-11i,0.007179678161721085-1.7175209011938E-7i
21.333258815892403,46.400644254839044,-0.6675161743989602,1.4357685533259946E-6-3.434642116357829E-11i,0.007179678161721086-1.7175209011937995E-7i
22.46325349538595,46.47070119370697,0,1.4358095764876679E-6-3.4347402518675534E-11i,0.007179678161721084-1.7175209011937997E-7i
21.14703639926172,47.49517260229711,0,1.4358302737180564E-6-3.43478976373284E-11i,0.007179678161721084-1.7175209011937997E-7i
23.289331662787816,50,0,1.43586732474162E-6-3.434878397103232E-11i,0.007179678161721084-1.7175209011937995E-7i
20.265287162788457,51.989027032823614,0,1.4358874825769086E-6-3.4349266186288324E-11i,0.007179678161721084-1.7175209011937997E-7i
23.870211523517177,46.21199070627237,0,1.4358036322230065E-6-3.434726032011784E-11i,0.0071796781617210845-1.7175209011937995E-7i
23.289331662787824,45.00000000000001,0,1.4357728435363008E-6-3.4346523793887135E-11i,0.0071796781617210845-1.7175209011937997E-7i
25.000000000000004,45,0,1.4357726358035154E-6-3.434651882450837E-11i,0.0071796781617210845-1.7175209011937997E-7i
38.25920670757734,39.74740331613663,0,1.4355281213109019E-6-3.434066955463516E-11i,0.007179678161721085-1.7175209011938E-7i
40.860812655273534,37.20072400511639,0,1.4353001104200013E-6-3.433521508352935E-11i,0.007179678161721085-1.7175209011938E-7i
26.65233929555389,43.57530086616432,0,1.435726896504445E-6-3.434542465008458E-11i,0.0071796781617210845-1.7175209011938E-7i
35.764946546808574,42.02997348552661,0,1.4356614004887956E-6-3.43438578559569E-11i,0.007179678161721085-1.7175209011937997E-7i
29.50687040593798,43.22878464103926,0,1.4357139620244626E-6-3.4345115231762256E-11i,0.007179678161721085-1.7175209011937997E-7i
32.80319679498112,40.98727355384437,0,1.4356082320791627E-6-3.4342585962527E-11i,0.0071796781617210845-1.7175209011937997E-7i
35.25010318553583,38.97812377817169,0,1.4354696282846202E-6-3.433927028585247E-11i,0.007179678161721085-1.7175209011938E-7i
37.48534154850532,36.263620187193915,0,1.4351866306613301E-6-3.433250042344307E-11i,0.007179678161721085-1.7175209011937997E-7i
43.804185742682,34.569805067416176,0,1.4349272640720105E-6-3.432629586206589E-11i,0.007179678161721085-1.7175209011938E-7i
40.13216149421889,33.316846453771205,0,1.4346855256095015E-6-3.432051300031876E-11i,0.007179678161721085-1.7175209011937997E-7i
43.459037098746876,30.83515552057129,0,1.4340040027314384E-6-3.430420962624898E-11i,0.007179678161721085-1.7175209011938E-7i
45.94469221120417,28.10195947805857,0,1.4328321414917127E-6-3.427617638956074E-11i,0.007179678161721085-1.7175209011938E-7i
40.320859344486294,29.849180647399702,0,1.4336514688367657E-6-3.429577631881035E-11i,0.007179678161721084-1.7175209011937997E-7i
42.09247287001368,26.987515529466297,0,1.4321681248602787E-6-3.4260291799506173E-11i,0.007179678161721085-1.7175209011937997E-7i
49.588769675140966,23.181927430894948,0,1.428621812959752E-6-3.4175457010618504E-11i,0.007179678161721085-1.7175209011938E-7i
45.56199172900206,23.964577527913143,0,1.4295220721590222E-6-3.4196992989758675E-11i,0.007179678161721086-1.7175209011937995E-7i
51.71813682297479,18.973109121998164,0,1.4207206838484498E-6-3.398644638805267E-11i,0.007179678161721084-1.7175209011937997E-7i
50.115225983822434,20.297901008388628,0,1.4238348409516383E-6-3.4060943180163E-11i,0.007179678161721084-1.7175209011937997E-7i
49.18031644724164,17.545906970393716,0,1.4162773482800957E-6-3.388015302033104E-11i,0.007179678161721085-1.7175209011937997E-7i
52.31934282009584,16.553158390180997,0,1.4126504952357514E-6-3.379339152811779E-11i,0.0071796781617210845-1.7175209011937997E-7i
50.26802414665855,13.982059692083268,0,1.399077614960338E-6-3.346870140918301E-11i,0.007179678161721085-1.7175209011938E-7i
55.96369187869842,13.49906476658169,0,1.3958215370761916E-6-3.339080959152815E-11i,0.007179678161721084-1.7175209011937995E-7i
57.584165915162714,10.820040219072517,0,1.3706466377547048E-6-3.278857624908348E-11i,0.0071796781617210845-1.7175209011937997E-7i
54.42622740125846,10.884774942198035,0,1.3713938707186913E-6-3.2806451538264914E-11i,0.007179678161721084-1.7175209011937997E-7i
53.39459806334977,13.755377909577696,0,1.39753749351028E-6-3.3431858660507307E-11i,0.007179678161721085-1.7175209011938E-7i
51.64188071579959,11.069975986639506,0,1.3736831577700278E-6-3.286121580862552E-11i,0.0071796781617210845-1.7175209011937997E-7i
56.05124332024232,8.078870265263717,0,1.3241774143600802E-6-3.167694059293341E-11i,0.0071796781617210845-1.7175209011937997E-7i
52.89585619598763,8.177631073347321,0,1.3265454908317946E-6-3.173358966193316E-11i,0.007179678161721085-1.7175209011938E-7i
57.57200293944817,5.383846443347409,0,1.2300234898675068E-6-2.942459265194079E-11i,0.0071796781617210845-1.7175209011937997E-7i
62.1140084296312,2.6420743464569654,0,1.0001339505550584E-6-2.3925180563526348E-11i,0.0071796781617210845-1.7175209011937997E-7i
59.0898121992157,2.6491774624651256,0,9.927319443365112E-7-2.3748109946922647E-11i,0.0071796781617210845-1.7175209011937997E-7i
63.62548736712707,0,0,0,0.007179678161721084-1.7175209011937995E-7i
60.60252949213532,0,0,0,0.007179678161721084-1.7175209011937995E-7i
57.57709490629608,0,0,0,0.007179678161721084-1.7175209011937995E-7i
56.0329726802912,2.672641657467942,0,9.976574193792563E-7-2.3865937043676465E-11i,0.0071796781617210845-1.7175209011937997E-7i
54.541163887583316,5.447730299772516,0,1.234138007038033E-6-2.9523020033774945E-11i,0.007179678161721085-1.7175209011938E-7i
7.731292978783145,49.94804442613754,0,1.435867028537301E-6-3.4348776885239645E-11i,0.0071796781617210845-1.7175209011937997E-7i
5.198317230306614,51.49132612971449,0,1.4358830513415206E-6-3.434916018238084E-11i,0.007179678161721085-1.7175209011938E-7i
2.6082251797414244,53.02622799189094,0,1.4358955359112578E-6-3.434945883796103E-11i,0.0071796781617210845-1.7175209011937997E-7i
0,54.57738530287325,0,1.4359050879040372E-6-3.434968734050492E-11i,0.007179678161721084-1.7175209011937995E-7i
2.572547785498486,49.97116296791308,0,1.4358671264371336E-6-3.4348779227197055E-11i,0.0071796781617210845-1.7175209011937997E-7i
5.153566128157578,48.41659901029886,0,1.4358458781110709E-6-3.4348270925246725E-11i,0.0071796781617210845-1.7175209011937997E-7i
2.5880820608404633,46.92831840792378,0,1.4358191578314581E-6-3.434763172335369E-11i,0.0071796781617210845-1.7175209011937997E-7i
0,51.50539849543415,0,1.435883239594911E-6-3.4349164685773956E-11i,0.007179678161721084-1.7175209011937995E-7i
0,48.499745261509574,0,1.4358471259151308E-6-3.4348300775185704E-11i,0.007179678161721084-1.7175209011937995E-7i
13.134556879471567,45.62861806705236,0,1.4357902076378165E-6-3.4346939177510375E-11i,0.007179678161721085-1.7175209011937997E-7i
12.844850668521786,49.43946173319714,0,1.4358606613227977E-6-3.4348624568885786E-11i,0.0071796781617210845-1.7175209011937997E-7i
10.374099234456978,48.256508997327835,0,1.4358435387117904E-6-3.434821496219277E-11i,0.007179678161721085-1.7175209011938E-7i
18.265967951437744,44.58866566806416,-0.7416286382087299,1.4356994932012313E-6-3.434476910891717E-11i,0.007179678161721085-1.7175209011937997E-7i
18.013005639051762,43.72605751096821,0,1.4357325291776792E-6-3.434555939475956E-11i,0.0071796781617210845-1.7175209011938E-7i
15.606248555436743,43.668275703212416,0,1.4357307234421877E-6-3.434551619799815E-11i,0.0071796781617210845-1.7175209011938E-7i
20.492287086345165,43.14882356183485,0,1.4357107294176393E-6-3.4345037901418716E-11i,0.007179678161721084-1.7175209011937997E-7i
22.535578731551396,42.83806086359198,0,1.4356979668829545E-6-3.4344732596367746E-11i,0.0071796781617210845-1.7175209011937997E-7i
21.294637912504786,41.245163297094,0,1.435622469938402E-6-3.4342926560256883E-11i,0.007179678161721084-1.7175209011937997E-7i
19.30708656491217,40.945205829739216,0,1.4356050541089161E-6-3.434250993919836E-11i,0.007179678161721085-1.7175209011938E-7i
24.441899497783677,42.87298956609034,0,1.4356994429999126E-6-3.434476790800245E-11i,0.0071796781617210845-1.7175209011937997E-7i
26.853133782962644,40.62159271455703,0,1.4355862614803845E-6-3.434206038238589E-11i,0.007179678161721085-1.7175209011937997E-7i
23.594377719252854,40.297244036168834,0,1.4355657877844698E-6-3.4341570611119404E-11i,0.007179678161721085-1.7175209011937997E-7i
36.20252546295931,33.08780499416152,0,1.4346342480728174E-6-3.431928634030651E-11i,0.007179678161721085-1.7175209011938E-7i
32.6925073576671,38.25825956548647,0,1.4354083476820495E-6-3.433780433273618E-11i,0.007179678161721084-1.7175209011937997E-7i
30.20537680953429,39.194497925095746,0,1.4354884079054476E-6-3.433971953149502E-11i,0.007179678161721085-1.7175209011938E-7i
25.414576354905787,37.60971939790348,0,1.435345136353254E-6-3.433629219283303E-11i,0.0071796781617210845-1.7175209011937997E-7i
28.298023234025997,37.181969316064475,0,1.4352998122532917E-6-3.433520795079241E-11i,0.0071796781617210845-1.7175209011937997E-7i
34.262476523615064,35.913437894736575,0,1.4351367248078764E-6-3.433130657680444E-11i,0.007179678161721084-1.7175209011937995E-7i
31.02736462963075,36.14115509609504,0,1.435173401013874E-6-3.433218394413148E-11i,0.007179678161721085-1.7175209011938E-7i
32.62415100719265,33.02822495256622,0,1.4346196640723965E-6-3.431893746219555E-11i,0.007179678161721085-1.7175209011938E-7i
37.96212334350787,30.591229094744623,0,1.4339254847898344E-6-3.430233132191851E-11i,0.007179678161721084-1.7175209011937997E-7i
38.17598704042656,27.595067839739265,0,1.4325475173174226E-6-3.4269367616836956E-11i,0.007179678161721085-1.7175209011938E-7i
41.602874881368564,23.0281976717492,0,1.4284144506818061E-6-3.417049649514042E-11i,0.007179678161721085-1.7175209011938E-7i
38.82044117329444,24.723394535271634,0,1.430326889180019E-6-3.4216245803381524E-11i,0.0071796781617210845-1.7175209011937997E-7i
43.906727959159525,20.339861946386538,0,1.4238722147807783E-6-3.4061837236014246E-11i,0.007179678161721084-1.7175209011937997E-7i
47.40948679466216,20.525864858710708,0,1.4242968905182112E-6-3.4071996318898496E-11i,0.0071796781617210845-1.7175209011937997E-7i
45.48128509916995,17.47225666634204,0,1.4160828051763157E-6-3.3875499164832297E-11i,0.0071796781617210845-1.7175209011937997E-7i
40.61684379380556,20.00112487880526,0,1.4231803329979863E-6-3.404528605647198E-11i,0.007179678161721085-1.7175209011938E-7i
42.20207485564476,17.434810649012526,0,1.4159030573791775E-6-3.3871199242306833E-11i,0.007179678161721084-1.7175209011937995E-7i
43.79386783691558,14.350478502598385,0,1.4014797248725473E-6-3.3526164625336376E-11i,0.0071796781617210845-1.7175209011937997E-7i
40.7517237011072,14.294274565375162,0,1.4010423861455838E-6-3.351570261871798E-11i,0.0071796781617210845-1.7175209011937997E-7i
39.0431734991232,17.161246337849185,0,1.414906037014485E-6-3.384734854487021E-11i,0.0071796781617210845-1.7175209011937997E-7i
47.034349550823194,14.43028395427573,0,1.4020030771140747E-6-3.353868424520323E-11i,0.0071796781617210845-1.7175209011937997E-7i
48.43665836563481,11.227307993122949,0,1.3755897239384014E-6-3.2906824639132016E-11i,0.0071796781617210845-1.7175209011937997E-7i
45.32148620937145,11.384314045063924,0,1.37725093013779E-6-3.294656397429964E-11i,0.007179678161721085-1.7175209011938E-7i
50.059111950213925,8.287031952763222,0,1.3294479272962231E-6-3.180302167796167E-11i,0.0071796781617210845-1.7175209011937997E-7i
46.8502556605801,8.451119866421969,0,1.3326725101371628E-6-3.1880160071942566E-11i,0.007179678161721085-1.7175209011938E-7i
51.50794802875773,5.48939241069629,0,1.2374547681752156E-6-2.9602363514764816E-11i,0.0071796781617210845-1.7175209011937997E-7i
54.56344206026921,0,0,0,0.007179678161721084-1.7175209011937995E-7i
53.00425540243108,2.662901921684117,0,9.957890225191446E-7-2.3821241298453803E-11i,0.0071796781617210845-1.7175209011937997E-7i
48.47375257727846,5.569820073192524,0,1.2415921042889533E-6-2.9701336770815395E-11i,0.007179678161721085-1.7175209011938E-7i
51.50025473849093,0,0,0,0.007179678161721084-1.7175209011937995E-7i
49.965701523615685,2.6714028334726123,0,1.0086698820389923E-6-2.412937691334295E-11i,0.0071796781617210845-1.7175209011937997E-7i
7.6997410039428615,46.81797348679372,0,1.435817261089169E-6-3.434758634952981E-11i,0.0071796781617210845-1.7175209011937997E-7i
9.67422310859233,45.48426079521792,0,1.435785832576763E-6-3.4346834517403985E-11i,0.0071796781617210845-1.7175209011938E-7i
5.1970209399772,45.39836922960919,0,1.4357833754946008E-6-3.434677573914299E-11i,0.007179678161721085-1.7175209011938E-7i
7.763420912017608,43.943894573082964,0,1.4357395926316252E-6-3.434572836653678E-11i,0.007179678161721084-1.7175209011937997E-7i
5.302570228123997,42.33837368755077,0,1.4356770816988291E-6-3.434423298149015E-11i,0.0071796781617210845-1.7175209011937997E-7i
2.6490924069748587,43.89727110253532,0,1.4357387715717583E-6-3.434570872516223E-11i,0.0071796781617210845-1.7175209011937997E-7i
0,45.436557939731486,0,1.4357850503010299E-6-3.434681580382249E-11i,0.007179678161721084-1.7175209011937995E-7i
8.079872665003975,41.01758140020507,0,1.4356093536852696E-6-3.434261279356156E-11i,0.007179678161721085-1.7175209011938E-7i
10.667176847138911,42.89718052209807,0,1.4357002593752412E-6-3.4344787437313644E-11i,0.007179678161721084-1.7175209011937997E-7i
13.188070924284034,41.94936274922939,0,1.4356590775436736E-6-3.4343802286518955E-11i,0.007179678161721085-1.7175209011938E-7i
10.817829056243035,39.588577235440106,0,1.4355179948411525E-6-3.434042730946684E-11i,0.0071796781617210845-1.7175209011937997E-7i
16.551804636851394,40.941206797380815,0,1.4356060365232937E-6-3.43425334404917E-11i,0.0071796781617210845-1.7175209011937997E-7i
20.977602387409224,38.81721580634311,0,1.4354563081662268E-6-3.433895164229727E-11i,0.007179678161721084-1.7175209011937997E-7i
22.94231317940944,37.530461952906094,0,1.43533636645109E-6-3.4336082399442165E-11i,0.007179678161721084-1.7175209011937997E-7i
14.268234839580742,38.08269818309596,0,1.4353928526193399E-6-3.43374336602148E-11i,0.007179678161721085-1.7175209011937997E-7i
18.16501340013818,37.63243930916758,0,1.435345175764241E-6-3.4336293135621755E-11i,0.007179678161721085-1.7175209011937997E-7i
21.331529867732584,36.127497497860176,0,1.4351691291335097E-6-3.433208175231103E-11i,0.007179678161721084-1.7175209011937995E-7i
19.362859924710932,33.98998938803712,0,1.434826933835782E-6-3.432389576454254E-11i,0.0071796781617210845-1.7175209011937997E-7i
23.9311974236031,35.24557291340357,0,1.4350424083564172E-6-3.432905034089719E-11i,0.007179678161721085-1.7175209011938E-7i
22.330300298197603,32.88049383708275,0,1.4345869192159897E-6-3.431815414051983E-11i,0.007179678161721085-1.7175209011938E-7i
29.224030488788877,33.843691588136586,0,1.4347959848987266E-6-3.432315540480678E-11i,0.007179678161721085-1.7175209011938E-7i
26.608484903502163,34.400589304407625,0,1.434902421882213E-6-3.4325701587792765E-11i,0.0071796781617210845-1.7175209011937997E-7i
24.744151745677115,32.75670748234923,0,1.4345582701218006E-6-3.431746879757045E-11i,0.007179678161721084-1.7175209011937997E-7i
34.671391736099146,29.39769726759452,0,1.43346851698919E-6-3.42913997490666E-11i,0.0071796781617210845-1.7175209011938E-7i
30.39022546773486,30.01062984213445,0,1.4337085225020986E-6-3.429714115523466E-11i,0.007179678161721085-1.7175209011938E-7i
26.984797347507172,31.248144844786818,0,1.4341400596742288E-6-3.430746437719641E-11i,0.007179678161721085-1.7175209011938E-7i
35.29364978287876,25.60358083285757,0,1.4311318171304186E-6-3.4235501270654973E-11i,0.007179678161721085-1.7175209011938E-7i
38.96345890650765,21.99221798762146,0,1.426941499723793E-6-3.413526059737678E-11i,0.007179678161721084-1.7175209011937997E-7i
36.23583281878795,22.699656919648632,0,1.427978708060176E-6-3.416007267051577E-11i,0.0071796781617210845-1.7175209011937997E-7i
31.287895879898656,26.427761875511116,0,1.4317894638428958E-6-3.4251233479659864E-11i,0.007179678161721085-1.7175209011938E-7i
32.72283253914682,22.941308840984448,0,1.4283099605859743E-6-3.416799688555456E-11i,0.007179678161721085-1.7175209011938E-7i
37.53485301175372,19.75297747552822,0,1.4226359231672817E-6-3.4032262697457985E-11i,0.0071796781617210845-1.7175209011937997E-7i
34.46620623523719,19.94906523168364,0,1.423086388894581E-6-3.4043038727866047E-11i,0.0071796781617210845-1.7175209011937997E-7i
36.00560293584602,16.942372897562812,0,1.414067408365509E-6-3.3827286890287525E-11i,0.007179678161721085-1.7175209011938E-7i
37.68897564673247,14.151665477945286,0,1.4001319778257428E-6-3.349392385255705E-11i,0.007179678161721085-1.7175209011938E-7i
42.34637318274793,11.351911650500043,0,1.3766998907139051E-6-3.2933382022315346E-11i,0.0071796781617210845-1.7175209011937997E-7i
39.34170929604769,11.271937620141209,0,1.3758934648887362E-6-3.291409072291736E-11i,0.0071796781617210845-1.7175209011937997E-7i
40.91716185080044,8.361702497426073,0,1.330476425582634E-6-3.1827625389492565E-11i,0.007179678161721085-1.7175209011938E-7i
43.874570829133475,8.40952162744123,0,1.3316949097694142E-6-3.1856773939210645E-11i,0.0071796781617210845-1.7175209011937997E-7i
45.411579759690184,5.524177639387716,0,1.2390377104781993E-6-2.964023062286523E-11i,0.007179678161721085-1.7175209011938E-7i
42.45586847560083,5.46707005244258,0,1.2349448592661246E-6-2.954232153357352E-11i,0.0071796781617210845-1.7175209011937997E-7i
46.941273340779865,2.7055648008549085,0,1.0041199548036492E-6-2.4020533662300364E-11i,0.0071796781617210845-1.7175209011937997E-7i
43.96541349093439,2.6862919691381677,0,1.0042451530268336E-6-2.4023528651215863E-11i,0.0071796781617210845-1.7175209011937997E-7i
45.42261469712738,0,0,0,0.007179678161721084-1.7175209011937995E-7i
48.49460150456634,0,0,0,0.007179678161721084-1.7175209011937995E-7i
5.3919345688943565,39.40592997684374,0,1.4355036092914074E-6-3.4340083178688174E-11i,0.007179678161721085-1.7175209011938E-7i
8.280441819259998,37.97882883202354,0,1.4353829587017709E-6-3.433719697815417E-11i,0.0071796781617210845-1.7175209011937997E-7i
2.693298882429076,37.86647165585096,0,1.4353698173070055E-6-3.4336882610021336E-11i,0.0071796781617210845-1.7175209011937997E-7i
5.4525070034415535,36.40027904599751,0,1.435207288603068E-6-3.433299460223368E-11i,0.0071796781617210845-1.7175209011937997E-7i
2.710673595964387,34.907142580677665,0,1.434989958808308E-6-3.4327795644055575E-11i,0.0071796781617210845-1.7175209011937997E-7i
2.6834672907593173,40.83825558018139,0,1.4355996352601167E-6-3.434238030962636E-11i,0.0071796781617210845-1.7175209011937997E-7i
0,42.422905093704614,0,1.4356812851178782E-6-3.434433353558058E-11i,0.007179678161721084-1.7175209011937995E-7i
0,39.397470507865364,0,1.43550214893971E-6-3.434004824418964E-11i,0.007179678161721084-1.7175209011937995E-7i
16.232749040236044,35.153968436768245,0,1.4350288555609196E-6-3.432872613124584E-11i,0.007179678161721085-1.7175209011938E-7i
11.097601911289757,36.46326399056592,0,1.43521583590199E-6-3.43331990705151E-11i,0.0071796781617210845-1.7175209011937997E-7i
8.391033073150474,34.88686247119451,0,1.4349844136565083E-6-3.432766299306618E-11i,0.007179678161721085-1.7175209011938E-7i
5.426444240843523,33.433739683769346,0,1.4347111176780581E-6-3.43211252131737E-11i,0.007179678161721085-1.7175209011938E-7i
13.490130894181533,34.95980960415052,0,1.4350007858504806E-6-3.432805464830073E-11i,0.007179678161721084-1.7175209011937997E-7i
11.370651378985343,33.14303609074804,0,1.4346489515382147E-6-3.431963807625586E-11i,0.0071796781617210845-1.7175209011938E-7i
8.227961856543423,31.87498000333359,0,1.4343275635238716E-6-3.431194983982527E-11i,0.0071796781617210845-1.7175209011937997E-7i
17.477268893013544,31.916211403444912,0,1.4343436350763621E-6-3.4312334303121446E-11i,0.0071796781617210845-1.7175209011937997E-7i
14.673844843805064,32.26933054811529,0,1.434437185330972E-6-3.431457221008583E-11i,0.0071796781617210845-1.7175209011937997E-7i
20.805548759947865,31.074526499075233,0,1.4340916416686546E-6-3.4306306122819347E-11i,0.007179678161721085-1.7175209011938E-7i
18.90120496620324,28.824655639647265,0,1.4331987919019358E-6-3.428494739194832E-11i,0.0071796781617210845-1.7175209011937997E-7i
15.67942904653215,28.986065251633164,0,1.4332762729220566E-6-3.428680089106772E-11i,0.007179678161721085-1.7175209011937997E-7i
23.76139599049523,29.86320504890303,0,1.4336535715570222E-6-3.429582662003427E-11i,0.007179678161721084-1.7175209011937997E-7i
27.109678664381434,27.12731520713711,0,1.4322650582052728E-6-3.4262610636678223E-11i,0.007179678161721086-1.7175209011937995E-7i
21.454091303495986,28.632237411734256,0,1.4331065363384393E-6-3.4282740456553933E-11i,0.007179678161721084-1.7175209011937997E-7i
23.553914484219597,26.38780093056076,0,1.4317435867604513E-6-3.425013600918537E-11i,0.0071796781617210845-1.7175209011937997E-7i
25.0284686832689,24.14914792925245,0,1.429757624401486E-6-3.420262786489707E-11i,0.007179678161721084-1.7175209011937997E-7i
28.648478963803,22.856113380435925,0,1.4281892994668032E-6-3.41651104331333E-11i,0.007179678161721085-1.7175209011937997E-7i
24.86825316170598,20.82030690237808,0,1.4248796010022498E-6-3.4085935905230035E-11i,0.007179678161721085-1.7175209011937997E-7i
32.98572614049579,16.917602010717687,0,1.4140072416034708E-6-3.38258475824379E-11i,0.0071796781617210845-1.7175209011937997E-7i
34.61462335459693,14.09338150347299,0,1.3997690138549447E-6-3.348524103708559E-11i,0.007179678161721085-1.7175209011938E-7i
31.313891683235962,19.984286035424663,0,1.4231522043502208E-6-3.404461316362953E-11i,0.007179678161721085-1.7175209011938E-7i
28.24375939070455,19.358653384308713,0,1.421682025805749E-6-3.400944358747667E-11i,0.007179678161721084-1.7175209011937997E-7i
29.7427897052867,16.75253378585846,0,1.4133602251380263E-6-3.381036966994952E-11i,0.007179678161721085-1.7175209011938E-7i
36.17975021270433,11.224812925936462,0,1.37533314888464E-6-3.2900686856802E-11i,0.0071796781617210845-1.7175209011937997E-7i
33.06898162281893,11.32321547395918,0,1.376402782556352E-6-3.292627460804109E-11i,0.0071796781617210845-1.7175209011937997E-7i
34.43715240757965,8.52291531278253,0,1.3339700876106871E-6-3.191120068938383E-11i,0.007179678161721085-1.7175209011938E-7i
37.7918394393146,8.325450942599893,0,1.3300149649260535E-6-3.181658633864787E-11i,0.0071796781617210845-1.7175209011937997E-7i
36.23646912256392,5.71701498735905,0,1.2470578395811188E-6-2.983208796039848E-11i,0.0071796781617210845-1.7175209011937997E-7i
39.40594079921849,5.453652618268094,0,1.2349877784834351E-6-2.954334824606862E-11i,0.007179678161721085-1.7175209011938E-7i
40.920254161207005,2.712260335658435,0,1.0018493089366772E-6-2.3966215325908536E-11i,0.0071796781617210845-1.7175209011937997E-7i
42.41004548932919,0,0,0,0.007179678161721084-1.7175209011937995E-7i
37.78474403557966,2.8167433382315323,0,1.0234393837081558E-6-2.4482692580781227E-11i,0.0071796781617210845-1.7175209011937997E-7i
34.77130293051397,2.788838178829458,0,1.0102088808056178E-6-2.4166192805212387E-11i,0.0071796781617210845-1.7175209011937997E-7i
39.378757887126525,0,0,0,0.007179678161721084-1.7175209011937995E-7i
33.10164502091289,5.788300162012611,0,1.251090542769506E-6-2.992855819009896E-11i,0.007179678161721085-1.7175209011938E-7i
5.446317829004826,30.40048778574949,0,1.4338603823425924E-6-3.4300773942724904E-11i,0.0071796781617210845-1.7175209011937997E-7i
8.089532476810987,28.87011480528903,0,1.4332245599127463E-6-3.4285563813689726E-11i,0.0071796781617210845-1.7175209011937997E-7i
2.7126505041247384,31.863677337144864,0,1.4343299239569308E-6-3.431200630604875E-11i,0.0071796781617210845-1.7175209011937997E-7i
0,33.360939596527764,0,1.4346979148812766E-6-3.432080937618332E-11i,0.007179678161721084-1.7175209011937995E-7i
0,36.37451263286991,0,1.4352027846942502E-6-3.433288685983412E-11i,0.007179678161721084-1.7175209011937995E-7i
2.735016062411596,28.81782907807336,0,1.4332008606781056E-6-3.428499688116261E-11i,0.0071796781617210845-1.7175209011937997E-7i
0,30.33600681606404,0,1.4338386655559E-6-3.430025443427049E-11i,0.007179678161721084-1.7175209011937995E-7i
5.405933307680812,27.297892157202153,0,1.4323684627612793E-6-3.4265084278006125E-11i,0.007179678161721085-1.7175209011938E-7i
10.566514293927057,29.992392033271393,0,1.4337033781292508E-6-3.4297018091669776E-11i,0.007179678161721084-1.7175209011937995E-7i
12.902909672917673,30.41746333234098,0,1.4338718339324665E-6-3.430104788738531E-11i,0.007179678161721084-1.7175209011937997E-7i
10.160364417292854,27.787203976002804,0,1.4326650005543275E-6-3.4272178048034273E-11i,0.007179678161721084-1.7175209011937997E-7i
12.514563660923223,27.988765536845662,0,1.4327751313435523E-6-3.427481259415316E-11i,0.0071796781617210845-1.7175209011937997E-7i
8.028236749426078,25.804043694590906,0,1.4313160538781934E-6-3.4239908577750666E-11i,0.0071796781617210845-1.7175209011937997E-7i
11.487425960524966,25.05612819009613,0,1.4306617783781267E-6-3.4224257014808776E-11i,0.007179678161721085-1.7175209011937997E-7i
20.725994296923265,26.496748042525834,0,1.431840885781881E-6-3.4252463594060486E-11i,0.0071796781617210845-1.7175209011938E-7i
14.195446648417565,26.00186743027249,0,1.4314779411738068E-6-3.4243781241783653E-11i,0.007179678161721084-1.7175209011937997E-7i
21.422821220314354,23.34127897505609,0,1.4288157757261388E-6-3.418009698329996E-11i,0.007179678161721085-1.7175209011937997E-7i
17.75976627670841,25.124651885107127,0,1.4307120019086522E-6-3.4225458460910766E-11i,0.0071796781617210845-1.7175209011938E-7i
14.406744312156953,23.018327405440537,0,1.4284238215988649E-6-3.4170720665995267E-11i,0.007179678161721085-1.7175209011938E-7i
17.758758504896477,21.10911240747698,0,1.4254391434758144E-6-3.4099321266966364E-11i,0.0071796781617210845-1.7175209011938E-7i
21.038546644008875,19.79966088421928,0,1.4227395434817544E-6-3.4034741500154817E-11i,0.007179678161721084-1.7175209011937997E-7i
22.841758464719046,17.08416332302285,0,1.4145825707924358E-6-3.383961059360433E-11i,0.007179678161721085-1.7175209011938E-7i
26.067986410442234,16.88722731520756,0,1.4138735464207163E-6-3.382264932945774E-11i,0.0071796781617210845-1.7175209011937997E-7i
20.668937304093127,14.64067662924613,0,1.4031605171419102E-6-3.356637249800384E-11i,0.007179678161721085-1.7175209011938E-7i
19.146688373701473,17.494629808986666,0,1.4161569554716789E-6-3.3877272986433255E-11i,0.0071796781617210845-1.7175209011937997E-7i
30.72256378075046,8.65623995496832,0,1.3368572243911263E-6-3.1980266706736085E-11i,0.007179678161721085-1.7175209011937997E-7i
31.58831456393897,14.041532439745374,0,1.3994768555108232E-6-3.347825203213041E-11i,0.007179678161721084-1.7175209011937995E-7i
30.38260297561134,11.888728166425892,0,1.3823068953428855E-6-3.3067512653611754E-11i,0.007179678161721084-1.7175209011937997E-7i
28.444556475469174,14.191587684631983,0,1.4003764026198794E-6-3.3499770976665426E-11i,0.007179678161721084-1.7175209011937997E-7i
27.512001122684648,10.76447055682528,0,1.3698824605545037E-6-3.2770295620286504E-11i,0.0071796781617210845-1.7175209011938E-7i
24.169664518286993,13.090855316956386,0,1.3929137651516923E-6-3.332124994075075E-11i,0.007179678161721085-1.7175209011937997E-7i
28.235180419609193,7.344545571530432,0,1.3053799407522695E-6-3.122726787663833E-11i,0.007179678161721084-1.7175209011937997E-7i
30.071576614113155,5.389274452771261,0,1.2314599452375013E-6-2.945895550311643E-11i,0.0071796781617210845-1.7175209011937997E-7i
31.76658789350104,2.6291284557723955,0,9.98571155451393E-7-2.3887795416248595E-11i,0.0071796781617210845-1.7175209011937997E-7i
33.34264557073004,0,0,0,0.007179678161721084-1.7175209011937995E-7i
36.35757536931619,0,0,0,0.007179678161721084-1.7175209011937995E-7i
28.643915738564793,2.5429347334357075,0,9.810404188009009E-7-2.346842555130013E-11i,0.0071796781617210845-1.7175209011937997E-7i
26.968991823593917,5.014972556257817,0,1.2105890492207553E-6-2.895968242529904E-11i,0.007179678161721085-1.7175209011938E-7i
30.31762733567303,0,0,0,0.007179678161721084-1.7175209011937995E-7i
8.544184664566323,22.85261255819167,0,1.4281707239989946E-6-3.4164666071234494E-11i,0.007179678161721085-1.7175209011938E-7i
5.351912563194745,24.16473793165941,0,1.4297763375013343E-6-3.420307551922633E-11i,0.0071796781617210845-1.7175209011937997E-7i
5.4900521457486064,21.213681064609826,0,1.4256189378089833E-6-3.41036223027256E-11i,0.007179678161721085-1.7175209011938E-7i
2.691343398486495,25.77348460042039,0,1.4312799860618338E-6-3.4239045764306066E-11i,0.0071796781617210845-1.7175209011937997E-7i
2.6065690164257305,22.62176414085553,0,1.4278758779540612E-6-3.4157612771164426E-11i,0.0071796781617210845-1.7175209011937997E-7i
0,27.311331288677337,0,1.4323755981474249E-6-3.426525497054365E-11i,0.007179678161721084-1.7175209011937995E-7i
11.403884669241414,21.378178625386557,0,1.425899289593459E-6-3.41103288714419E-11i,0.007179678161721085-1.7175209011938E-7i
8.42343017252896,19.729495069399334,0,1.4225882988384102E-6-3.403112342939611E-11i,0.0071796781617210845-1.7175209011937997E-7i
16.219053751764854,17.834807648619844,0,1.4172212163135793E-6-3.3902732208965366E-11i,0.007179678161721085-1.7175209011937997E-7i
14.322323430865985,19.779058498744423,0,1.422672548316964E-6-3.4033138843417043E-11i,0.0071796781617210845-1.7175209011937997E-7i
11.276520753453909,18.2678184233629,0,1.418695768992351E-6-3.393800642305489E-11i,0.0071796781617210845-1.7175209011937997E-7i
13.790629435493159,16.55556097833255,0,1.412582270204128E-6-3.379175945053488E-11i,0.007179678161721085-1.7175209011938E-7i
16.774009443853686,14.681376750053182,0,1.4034801531014198E-6-3.357401882182031E-11i,0.0071796781617210845-1.7175209011938E-7i
21.182792764682638,11.79360454301785,0,1.3813391494533473E-6-3.304436225947301E-11i,0.0071796781617210845-1.7175209011938E-7i
18.41174293095594,12.004062329335362,0,1.3835029791416092E-6-3.309612534177979E-11i,0.0071796781617210845-1.7175209011937997E-7i
22.60086036253081,10.233747703491304,0,1.3630759795268375E-6-3.2607471143126446E-11i,0.0071796781617210845-1.7175209011937995E-7i
24.676688152948643,9.862137923828435,0,1.3578086173956618E-6-3.248146543157959E-11i,0.007179678161721084-1.7175209011937997E-7i
23.01436872762088,7.912357591462957,0,1.320466082848654E-6-3.158815820884102E-11i,0.0071796781617210845-1.7175209011937997E-7i
20.13902225635924,9.030272211564707,0,1.3438951380185832E-6-3.214862750904055E-11i,0.0071796781617210845-1.7175209011938E-7i
25.915115227374592,7.730618485716214,0,1.3160691483820166E-6-3.1482974847170416E-11i,0.0071796781617210845-1.7175209011937997E-7i
24.248236317404672,5.192322870267496,0,1.2208182524544566E-6-2.920438518161634E-11i,0.0071796781617210845-1.7175209011937997E-7i
25.57859633898172,2.56719561944832,0,9.865068560576665E-7-2.3599193533263644E-11i,0.0071796781617210845-1.7175209011937997E-7i
22.607216203783498,2.6216846686484416,0,9.876633857783754E-7-2.3626860009718826E-11i,0.0071796781617210845-1.7175209011937997E-7i
27.29635266450231,0,0,0,0.007179678161721084-1.7175209011937995E-7i
5.492519306535755,18.2339196682773,0,1.4185790091058902E-6-3.393521329582974E-11i,0.0071796781617210845-1.7175209011937997E-7i
8.334004786226359,16.711131709436117,0,1.4132566292771955E-6-3.380789145223216E-11i,0.007179678161721085-1.7175209011938E-7i
2.6551023421916327,19.696261037567826,0,1.422514011280904E-6-3.40293463242134E-11i,0.0071796781617210845-1.7175209011937997E-7i
0,21.25549139855167,0,1.425704089251299E-6-3.410565929350219E-11i,0.007179678161721084-1.7175209011937995E-7i
2.6787726907086764,16.71750319295927,0,1.4132991870195919E-6-3.380890951753295E-11i,0.0071796781617210845-1.7175209011937997E-7i
0,18.246932601920392,0,1.418637302761034E-6-3.3936607795260754E-11i,0.007179678161721084-1.7175209011937995E-7i
5.401037543318736,15.162648423060809,0,1.4061484803139632E-6-3.363785048189677E-11i,0.007179678161721085-1.7175209011938E-7i
0,24.294391412571912,0,1.429923921861774E-6-3.4206606028784453E-11i,0.007179678161721084-1.7175209011937995E-7i
10.794144416818298,15.064690352288423,0,1.4055987152579406E-6-3.362469901531012E-11i,0.007179678161721085-1.7175209011938E-7i
13.065905226025471,13.32438644282744,0,1.3945984152078342E-6-3.336155009930169E-11i,0.0071796781617210845-1.7175209011937997E-7i
7.949685117576621,13.366638982530922,0,1.394911583959553E-6-3.3369041714727385E-11i,0.0071796781617210845-1.7175209011937997E-7i
10.372797874086586,11.867704011513588,0,1.3821877417592263E-6-3.3064662264419084E-11i,0.007179678161721085-1.7175209011938E-7i
15.222855147530623,11.113026773490517,0,1.3742600389672816E-6-3.2875015946897304E-11i,0.007179678161721085-1.7175209011938E-7i
12.640976550478875,10.657759215672712,0,1.3688481188173074E-6-3.2745552121865044E-11i,0.007179678161721084-1.7175209011937997E-7i
13.771632369121804,8.279205869747486,0,1.3292148782570505E-6-3.1797446684392813E-11i,0.007179678161721085-1.7175209011938E-7i
16.944760912274823,8.839159843673059,0,1.340640534631416E-6-3.207077096426732E-11i,0.007179678161721085-1.7175209011938E-7i
21.16669028643484,5.497438530526658,0,1.2373289458113956E-6-2.959935359517189E-11i,0.007179678161721085-1.7175209011938E-7i
18.297830386937317,5.839559319629885,0,1.252816994552014E-6-2.996985832855319E-11i,0.0071796781617210845-1.7175209011937997E-7i
15.328766444166497,5.823088647265735,0,1.2535922383677152E-6-2.998840369266281E-11i,0.007179678161721085-1.7175209011938E-7i
19.61945834781707,2.657204136420326,0,1.0020720966508859E-6-2.3971544848305825E-11i,0.0071796781617210845-1.7175209011937997E-7i
21.244743820717723,0,0,0,0.007179678161721084-1.7175209011937995E-7i
24.27760705702923,0,0,0,0.007179678161721084-1.7175209011937995E-7i
18.234723715635262,0,0,0,0.007179678161721084-1.7175209011937995E-7i
5.229837210871331,12.190023046415433,0,1.3852245857390877E-6-3.313730957383311E-11i,0.0071796781617210845-1.7175209011937997E-7i
7.46079855026084,9.959551493183092,0,1.3593315002055734E-6-3.2517895797916075E-11i,0.0071796781617210845-1.7175209011938E-7i
4.700997809900997,9.810623470260836,0,1.3568991492784806E-6-3.245970915692437E-11i,0.007179678161721084-1.7175209011937997E-7i
2.632373275327808,13.773915360410562,0,1.3977914837976068E-6-3.3437934610116154E-11i,0.0071796781617210845-1.7175209011937997E-7i
2.6528022262418673,10.872299145081271,0,1.3710525631539659E-6-3.2798286786824214E-11i,0.0071796781617210845-1.7175209011937997E-7i
0,15.192228393749176,0,1.4062473278443837E-6-3.364021511016703E-11i,0.007179678161721084-1.7175209011937995E-7i
10.337334178701155,8.471259055017747,0,1.3333654466089612E-6-3.189673648173007E-11i,0.007179678161721085-1.7175209011937997E-7i
12.242170246418048,5.413261819573343,0,1.2340241222264833E-6-2.952029568402339E-11i,0.007179678161721085-1.7175209011938E-7i
16.6694595682751,2.6963618656121966,0,9.98103621790383E-7-2.387661108713648E-11i,0.0071796781617210845-1.7175209011937997E-7i
13.797156185584463,2.7835739528090926,0,1.0235151763954772E-6-2.4484505691643597E-11i,0.0071796781617210845-1.7175209011937997E-7i
10.874644431251845,2.6603357833841415,0,9.998472847514679E-7-2.39183229509951E-11i,0.0071796781617210845-1.7175209011937997E-7i
15.186988933986136,0,0,0,0.007179678161721084-1.7175209011937995E-7i
9.36472308226785,4.99790320178608,0,1.2114095516686721E-6-2.8979310465331454E-11i,0.007179678161721084-1.7175209011937997E-7i
12.181629098949815,0,0,0,0.007179678161721084-1.7175209011937995E-7i
0,12.186055188119116,0,1.3851103869531322E-6-3.3134577713193255E-11i,0.007179678161721084-1.7175209011937995E-7i
2.7932000319709758,7.817596889584877,0,1.3181768249273706E-6-3.153339463532893E-11i,0.0071796781617210845-1.7175209011938E-7i
5.514571316607636,8.002522073237756,0,1.3228875845872235E-6-3.164608531580306E-11i,0.007179678161721084-1.7175209011937997E-7i
0,9.123737352791165,0,1.3455696843238756E-6-3.218868596590419E-11i,0.007179678161721084-1.7175209011937995E-7i
7.813972140613309,2.559509960145583,0,9.88226967527239E-7-2.3640341998902763E-11i,0.0071796781617210845-1.7175209011937997E-7i
6.8740670465918114,4.6398060982973774,0,1.187832248871853E-6-2.8415294788929537E-11i,0.0071796781617210845-1.7175209011938E-7i
9.121943124251803,0,0,0,0.007179678161721084-1.7175209011937995E-7i
7.447173275175409,7.009306182665455,0,1.2967208348492532E-6-3.1020124951299826E-11i,0.007179678161721084-1.7175209011937997E-7i
4.994161185376193,5.708865199025389,0,1.2472627433179744E-6-2.98369896627152E-11i,0.007179678161721085-1.7175209011938E-7i
2.2198107460764263,4.560565672932242,0,1.1822012018713717E-6-2.82805890165943E-11i,0.0071796781617210845-1.7175209011937997E-7i
0,6.104050493641935,0,1.2637520349342002E-6-3.023144610433875E-11i,0.007179678161721084-1.7175209011937995E-7i
4.661122212421986,2.7024598229372643,0,1.005378290433847E-6-2.405063553729951E-11i,0.0071796781617210845-1.7175209011938E-7i
6.104496938422476,0,0,0,0.007179678161721084-1.7175209011937995E-7i
1.9339685696054971,2.0996816064826618,0,9.074322947287326E-7-2.1707573759005995E-11i,0.007179678161721084-1.7175209011937997E-7i
0,3.0446517017983865,0,1.0442884178549573E-6-2.4981442679466042E-11i,0.007179678161721084-1.7175209011937995E-7i
3.0446517104150677,0,0,0,0.007179678161721084-1.7175209011937995E-7i
0,0,0,0,0.007179678161721084-1.7175209011937995E-7i
100,100,2,1.4359356323441679E-6-3.435041802387482E-11i,0.007179678161721084-1.7175209011937995E-7i
98.73194864984535,98.59216709403572,2,1.4359356323441679E-6-3.435041802387482E-11i,0.007179678161721084-1.7175209011937997E-7i
98,100,2,1.4359356323441679E-6-3.435041802387482E-11i,0.007179678161721084-1.7175209011937995E-7i
100,98,2,1.4359356323441679E-6-3.435041802387482E-11i,0.007179678161721084-1.7175209011937995E-7i
100,96,2,1.4359356323441679E-6-3.435041802387482E-11i,0.007179678161721084-1.7175209011937995E-7i
98.56515010222782,96.97817029597354,2,1.4359356323441679E-6-3.435041802387482E-11i,0.0071796781617210845-1.7175209011937997E-7i
100,94,2,1.4359356323441679E-6-3.435041802387482E-11i,0.007179678161721084-1.7175209011937995E-7i
98.31281317650068,94.9914804776428,2,1.4359356323441679E-6-3.435041802387482E-11i,0.007179678161721084-1.7175209011937997E-7i
98.26794919243113,93,2,1.4359356323441679E-6-3.435041802387482E-11i,0.0071796781617210845-1.7175209011937997E-7i
100,92,1.9999999999999998,1.4359356323441679E-6-3.435041802387482E-11i,0.007179678161721084-1.7175209011937995E-7i
96.78599041098505,95.94700464539238,2,1.4359356323441679E-6-3.435041802387482E-11i,0.007179678161721085-1.7175209011938E-7i
96.66899757971461,93.9568030113773,2,1.4359356323441679E-6-3.435041802387482E-11i,0.0071796781617210845-1.7175209011937997E-7i
96.93936817631908,98.17808181421215,2,1.435935632344168E-6-3.435041802387482E-11i,0.0071796781617210845-1.7175209011938E-7i
96,100,2,1.4359356323441679E-6-3.435041802387482E-11i,0.007179678161721084-1.7175209011937995E-7i
94.83328544944018,98.2783505742033,2,1.4359356323441679E-6-3.435041802387482E-11i,0.0071796781617210845-1.7175209011937997E-7i
100.00000000000003,88.00000000000001,2,1.4359356323441679E-6-3.435041802387482E-11i,0.007179678161721084-1.7175209011937995E-7i
98.2679491924311,87,2,1.4359356323441679E-6-3.435041802387482E-11i,0.0071796781617210845-1.7175209011937997E-7i
98.26794919243113,89,2,1.4359356323441679E-6-3.435041802387482E-11i,0.0071796781617210845-1.7175209011937997E-7i
100,86,2,1.4359356323441679E-6-3.435041802387482E-11i,0.007179678161721084-1.7175209011937995E-7i
100,90,2,1.4359356323441679E-6-3.435041802387482E-11i,0.007179678161721084-1.7175209011937995E-7i
88.00000000000001,100,2,1.4359356323441679E-6-3.435041802387482E-11i,0.007179678161721084-1.7175209011937995E-7i
87,98.26794919243112,2,1.4359356323441679E-6-3.435041802387482E-11i,0.0071796781617210845-1.7175209011937997E-7i
88.99999999999997,98.26794919243112,2,1.4359356323441679E-6-3.435041802387482E-11i,0.0071796781617210845-1.7175209011937997E-7i
89.99999999999999,99.99999999999997,1.9999999999999996,1.4359356323441679E-6-3.435041802387482E-11i,0.007179678161721084-1.7175209011937995E-7i
86,100,2,1.4359356323441679E-6-3.435041802387482E-11i,0.007179678161721084-1.7175209011937995E-7i
96.6046886018604,91.99987354841687,2,1.4359356323441679E-6-3.435041802387482E-11i,0.0071796781617210845-1.7175209011937997E-7i
98.26794919243113,91,2,1.4359356323441679E-6-3.435041802387482E-11i,0.0071796781617210845-1.7175209011937997E-7i
96.53589838486225,90,2,1.4359356323441679E-6-3.435041802387482E-11i,0.0071796781617210845-1.7175209011937997E-7i
95.38039772232715,96.8268734951202,2,1.4359356323441679E-6-3.435041802387482E-11i,0.0071796781617210845-1.7175209011937995E-7i
93.81179660179808,96.73862268917686,2,1.4359356323441679E-6-3.435041802387482E-11i,0.0071796781617210845-1.7175209011937997E-7i
94.83528072892892,94.97514427168126,2,1.435935632344168E-6-3.435041802387482E-11i,0.0071796781617210845-1.7175209011938E-7i
92.97101575378582,98.29890589447841,2,1.4359356323441679E-6-3.435041802387482E-11i,0.0071796781617210845-1.7175209011937997E-7i
94,100,2,1.4359356323441679E-6-3.435041802387482E-11i,0.007179678161721084-1.7175209011937995E-7i
91.99999999999999,100,2,1.4359356323441679E-6-3.435041802387482E-11i,0.007179678161721084-1.7175209011937995E-7i
94.98929347879519,92.94599914733294,2,1.4359356323441679E-6-3.435041802387482E-11i,0.0071796781617210845-1.7175209011937997E-7i
93.54132372799339,93.49933827066752,2,1.4359356323441679E-6-3.435041802387482E-11i,0.007179678161721084-1.7175209011937997E-7i
91.80813421395243,96.67210157613057,2,1.4359356323441679E-6-3.435041802387482E-11i,0.0071796781617210845-1.7175209011937997E-7i
91,98.2679491924311,2,1.4359356323441679E-6-3.435041802387482E-11i,0.0071796781617210845-1.7175209011937997E-7i
89.9785020760346,96.63350444939297,2,1.4359356323441679E-6-3.435041802387482E-11i,0.0071796781617210845-1.7175209011937997E-7i
90.89614514945987,94.82645802450662,2,1.4359356323441679E-6-3.435041802387482E-11i,0.007179678161721084-1.7175209011937995E-7i
89.77839581480575,93.1023324474553,2,1.4359356323441679E-6-3.435041802387482E-11i,0.007179678161721085-1.7175209011938E-7i
91.81546493059366,92.95634479448361,2,1.4359356323441679E-6-3.435041802387482E-11i,0.007179678161721084-1.7175209011937997E-7i
92.69207394534854,94.84700807113722,2,1.4359356323441679E-6-3.435041802387482E-11i,0.0071796781617210845-1.7175209011937997E-7i
88.90995637350497,94.81214654168448,2,1.4359356323441679E-6-3.435041802387482E-11i,0.0071796781617210845-1.7175209011937997E-7i
96.53589838486224,88.00000000000001,2,1.4359356323441679E-6-3.435041802387482E-11i,0.0071796781617210845-1.7175209011937997E-7i
94.80384757729337,89.00000000000003,2,1.4359356323441679E-6-3.435041802387482E-11i,0.0071796781617210845-1.7175209011937997E-7i
96.53589838486224,85.99999999999999,2,1.4359356323441679E-6-3.435041802387482E-11i,0.007179678161721084-1.7175209011937997E-7i
94.80384757729334,87.00000000000001,2,1.4359356323441679E-6-3.435041802387482E-11i,0.0071796781617210845-1.7175209011937997E-7i
98.26794919243113,85.00000000000001,2,1.4359356323441679E-6-3.435041802387482E-11i,0.0071796781617210845-1.7175209011937997E-7i
96.53589838486225,84.00000000000003,2,1.4359356323441679E-6-3.435041802387482E-11i,0.0071796781617210845-1.7175209011937997E-7i
100.00000000000003,84.00000000000003,2.0000000000000004,1.4359356323441679E-6-3.435041802387482E-11i,0.007179678161721084-1.7175209011937995E-7i
98.2679491924311,83.00000000000001,2,1.4359356323441679E-6-3.435041802387482E-11i,0.0071796781617210845-1.7175209011937997E-7i
96.53589838486224,82,2,1.4359356323441679E-6-3.435041802387482E-11i,0.0071796781617210845-1.7175209011937997E-7i
98.26794919243112,81,2,1.4359356323441679E-6-3.435041802387482E-11i,0.0071796781617210845-1.7175209011937997E-7i
94.80384757729334,83.00000000000003,2,1.4359356323441679E-6-3.435041802387482E-11i,0.0071796781617210845-1.7175209011937997E-7i
100,82,2,1.4359356323441679E-6-3.435041802387482E-11i,0.007179678161721084-1.7175209011937995E-7i
100,80,2,1.4359356323441679E-6-3.435041802387482E-11i,0.007179678161721084-1.7175209011937995E-7i
84,100,2,1.4359356323441679E-6-3.435041802387482E-11i,0.007179678161721084-1.7175209011937995E-7i
85,98.26794919243113,2,1.4359356323441679E-6-3.435041802387482E-11i,0.0071796781617210845-1.7175209011937997E-7i
83,98.26794919243112,2,1.4359356323441679E-6-3.435041802387482E-11i,0.0071796781617210845-1.7175209011937997E-7i
82,100,2,1.4359356323441679E-6-3.435041802387482E-11i,0.007179678161721084-1.7175209011937995E-7i
81,98.2679491924311,2,1.4359356323441679E-6-3.435041802387482E-11i,0.0071796781617210845-1.7175209011937997E-7i
80,100,2,1.4359356323441679E-6-3.435041802387482E-11i,0.007179678161721084-1.7175209011937995E-7i
86,96.53589838486225,2,1.4359356323441679E-6-3.435041802387482E-11i,0.007179678161721084-1.7175209011937997E-7i
88,96.53589838486225,2,1.4359356323441679E-6-3.435041802387482E-11i,0.0071796781617210845-1.7175209011937997E-7i
84,96.53589838486225,2,1.4359356323441679E-6-3.435041802387482E-11i,0.0071796781617210845-1.7175209011937997E-7i
87,94.80384757729337,2,1.4359356323441679E-6-3.435041802387482E-11i,0.0071796781617210845-1.7175209011937997E-7i
82.00000000000001,96.53589838486224,2,1.4359356323441679E-6-3.435041802387482E-11i,0.0071796781617210845-1.7175209011937997E-7i
83.00000000000003,94.80384757729337,2,1.4359356323441679E-6-3.435041802387482E-11i,0.0071796781617210845-1.7175209011937997E-7i
94.91122725592231,91.04628234545626,2,1.4359356323441679E-6-3.435041802387482E-11i,0.007179678161721084-1.7175209011937995E-7i
93.2592135503176,90.03541217979664,2,1.4359356323441679E-6-3.435041802387482E-11i,0.007179678161721085-1.7175209011938E-7i
93.47996082597079,91.92882006586315,2,1.4359356323441679E-6-3.435041802387482E-11i,0.007179678161721084-1.7175209011937997E-7i
93.07179676972447,88.00000000000004,2,1.4359356323441679E-6-3.435041802387482E-11i,0.0071796781617210845-1.7175209011937997E-7i
93.07179676972447,85.99999999999997,2,1.4359356323441679E-6-3.435041802387482E-11i,0.0071796781617210845-1.7175209011937997E-7i
94.80384757729337,84.99999999999999,2,1.4359356323441679E-6-3.435041802387482E-11i,0.007179678161721084-1.7175209011937995E-7i
93.0717967697245,84.00000000000003,2,1.4359356323441679E-6-3.435041802387482E-11i,0.007179678161721085-1.7175209011938E-7i
91.44863315395988,87.08443831634344,2,1.4359356323441679E-6-3.435041802387482E-11i,0.0071796781617210845-1.7175209011937997E-7i
91.33974596215563,84.99999999999999,2,1.4359356323441679E-6-3.435041802387482E-11i,0.0071796781617210845-1.7175209011937997E-7i
89.66859895890215,86.05624320397625,2,1.4359356323441679E-6-3.435041802387482E-11i,0.0071796781617210845-1.7175209011937997E-7i
91.77314499612723,90.95302826235161,2,1.4359356323441679E-6-3.435041802387482E-11i,0.0071796781617210845-1.7175209011937997E-7i
90.42586698088408,91.64874877661545,2,1.4359356323441679E-6-3.435041802387482E-11i,0.007179678161721084-1.7175209011937997E-7i
91.55000758736806,89.03944126965385,2,1.4359356323441679E-6-3.435041802387482E-11i,0.007179678161721084-1.7175209011937995E-7i
89.85589231864563,88.11130303081389,2,1.4359356323441679E-6-3.435041802387482E-11i,0.007179678161721084-1.7175209011937997E-7i
90.14113327531108,90.06550285464279,2,1.4359356323441679E-6-3.435041802387482E-11i,0.0071796781617210845-1.7175209011937997E-7i
88.85802371346995,91.4655431362595,2,1.4359356323441679E-6-3.435041802387482E-11i,0.007179678161721084-1.7175209011937995E-7i
87.01259081957383,91.23000529385963,2,1.4359356323441679E-6-3.435041802387482E-11i,0.0071796781617210845-1.7175209011937997E-7i
88.20069447288756,89.26850987708184,2,1.435935632344168E-6-3.435041802387482E-11i,0.0071796781617210845-1.7175209011938E-7i
87.86236655549905,93.08015397005579,2,1.4359356323441679E-6-3.435041802387482E-11i,0.0071796781617210845-1.7175209011937997E-7i
86,93.0717967697245,2,1.4359356323441679E-6-3.435041802387482E-11i,0.0071796781617210845-1.7175209011937997E-7i
85,94.80384757729337,2,1.4359356323441679E-6-3.435041802387482E-11i,0.007179678161721084-1.7175209011937995E-7i
84,93.0717967697245,2,1.4359356323441679E-6-3.435041802387482E-11i,0.007179678161721085-1.7175209011938E-7i
84.99041441875619,91.33355992607083,2,1.4359356323441679E-6-3.435041802387482E-11i,0.0071796781617210845-1.7175209011937997E-7i
86.00807574998146,89.61900151923977,2,1.4359356323441679E-6-3.435041802387482E-11i,0.0071796781617210845-1.7175209011937997E-7i
96.53589838486224,80,2,1.4359356323441679E-6-3.435041802387482E-11i,0.0071796781617210845-1.7175209011937997E-7i
98.26794919243112,79,2,1.4359356323441679E-6-3.435041802387482E-11i,0.0071796781617210845-1.7175209011937997E-7i
96.53589838486225,77.99999999999999,2,1.4359356323441679E-6-3.435041802387482E-11i,0.0071796781617210845-1.7175209011937997E-7i
100,77.99999999999999,2,1.4359356323441679E-6-3.435041802387482E-11i,0.007179678161721084-1.7175209011937995E-7i
98.26794919243113,77,2,1.4359356323441679E-6-3.435041802387482E-11i,0.0071796781617210845-1.7175209011937997E-7i
100,72,1.9999999999999998,1.4359356323441679E-6-3.435041802387482E-11i,0.007179678161721084-1.7175209011937995E-7i
98.2679491924311,73,2,1.4359356323441679E-6-3.435041802387482E-11i,0.0071796781617210845-1.7175209011937997E-7i
98.26794919243112,71,2,1.4359356323441679E-6-3.435041802387482E-11i,0.0071796781617210845-1.7175209011937997E-7i
100,74,2,1.4359356323441679E-6-3.435041802387482E-11i,0.007179678161721084-1.7175209011937995E-7i
100,76,2,1.4359356323441679E-6-3.435041802387482E-11i,0.007179678161721084-1.7175209011937995E-7i
98.26794919243113,75,2,1.4359356323441679E-6-3.435041802387482E-11i,0.0071796781617210845-1.7175209011937997E-7i
76,99.99999999999999,2,1.4359356323441679E-6-3.435041802387482E-11i,0.007179678161721084-1.7175209011937995E-7i
75,98.26794919243113,2,1.4359356323441679E-6-3.435041802387482E-11i,0.0071796781617210845-1.7175209011937997E-7i
76.99999999999997,98.2679491924311,2,1.4359356323441679E-6-3.435041802387482E-11i,0.0071796781617210845-1.7175209011937997E-7i
77.99999999999999,99.99999999999997,1.9999999999999998,1.4359356323441679E-6-3.435041802387482E-11i,0.007179678161721084-1.7175209011937995E-7i
74,100,2,1.4359356323441679E-6-3.435041802387482E-11i,0.007179678161721084-1.7175209011937995E-7i
72.00000000000001,100.00000000000003,2,1.4359356323441679E-6-3.435041802387482E-11i,0.007179678161721084-1.7175209011937995E-7i
73,98.26794919243113,2,1.4359356323441679E-6-3.435041802387482E-11i,0.0071796781617210845-1.7175209011937997E-7i
71,98.26794919243112,2,1.4359356323441679E-6-3.435041802387482E-11i,0.0071796781617210845-1.7175209011937997E-7i
94.80384757729338,75,2,1.4359356323441679E-6-3.435041802387482E-11i,0.007179678161721084-1.7175209011937997E-7i
93.0717967697245,76,2,1.4359356323441679E-6-3.435041802387482E-11i,0.0071796781617210845-1.7175209011937997E-7i
93.0717967697245,74.00000000000003,2,1.4359356323441679E-6-3.435041802387482E-11i,0.0071796781617210845-1.7175209011937997E-7i
96.53589838486225,76,2,1.4359356323441679E-6-3.435041802387482E-11i,0.0071796781617210845-1.7175209011937997E-7i
96.53589838486225,74.00000000000001,2,1.4359356323441679E-6-3.435041802387482E-11i,0.0071796781617210845-1.7175209011937997E-7i
94.80384757729338,77,2,1.4359356323441679E-6-3.435041802387482E-11i,0.0071796781617210845-1.7175209011937997E-7i
93.0717967697245,77.99999999999997,2,1.4359356323441679E-6-3.435041802387482E-11i,0.007179678161721085-1.7175209011938E-7i
96.53589838486224,72,2,1.4359356323441679E-6-3.435041802387482E-11i,0.0071796781617210845-1.7175209011937997E-7i
96.53589838486224,70,2,1.4359356323441679E-6-3.435041802387482E-11i,0.0071796781617210845-1.7175209011937997E-7i
98.2679491924311,69,2,1.4359356323441679E-6-3.435041802387482E-11i,0.0071796781617210845-1.7175209011937997E-7i
94.80384757729337,71,2,1.4359356323441679E-6-3.435041802387482E-11i,0.0071796781617210845-1.7175209011937997E-7i
100,70,2,1.4359356323441679E-6-3.435041802387482E-11i,0.007179678161721084-1.7175209011937995E-7i
100.00000000000003,68.00000000000001,2,1.4359356323441679E-6-3.435041802387482E-11i,0.007179678161721084-1.7175209011937995E-7i
94.80384757729337,78.99999999999999,2,1.4359356323441679E-6-3.435041802387482E-11i,0.007179678161721084-1.7175209011937995E-7i
93.07179676972447,79.99999999999997,2,1.4359356323441679E-6-3.435041802387482E-11i,0.0071796781617210845-1.7175209011937997E-7i
94.80384757729337,80.99999999999999,2,1.4359356323441679E-6-3.435041802387482E-11i,0.007179678161721084-1.7175209011937997E-7i
93.07179676972447,82,2,1.4359356323441679E-6-3.435041802387482E-11i,0.0071796781617210845-1.7175209011937997E-7i
91.3397459621556,83.00000000000003,2,1.4359356323441679E-6-3.435041802387482E-11i,0.007179678161721084-1.7175209011937995E-7i
91.3397459621556,80.99999999999997,2,1.4359356323441679E-6-3.435041802387482E-11i,0.0071796781617210845-1.7175209011937997E-7i
89.60769515458671,82,2,1.4359356323441679E-6-3.435041802387482E-11i,0.007179678161721084-1.7175209011937997E-7i
89.60769515458674,84.00000000000003,2,1.4359356323441679E-6-3.435041802387482E-11i,0.0071796781617210845-1.7175209011937997E-7i
80.00000000000001,96.53589838486224,2,1.4359356323441679E-6-3.435041802387482E-11i,0.007179678161721084-1.7175209011937997E-7i
81,94.80384757729337,2,1.4359356323441679E-6-3.435041802387482E-11i,0.0071796781617210845-1.7175209011937997E-7i
79.00000000000003,98.2679491924311,2,1.4359356323441679E-6-3.435041802387482E-11i,0.0071796781617210845-1.7175209011937997E-7i
77.99999999999999,96.53589838486224,2,1.4359356323441679E-6-3.435041802387482E-11i,0.0071796781617210845-1.7175209011937997E-7i
79.00000000000001,94.80384757729334,2,1.4359356323441679E-6-3.435041802387482E-11i,0.007179678161721084-1.7175209011937995E-7i
77.99999999999997,93.07179676972446,2,1.4359356323441679E-6-3.435041802387482E-11i,0.007179678161721085-1.7175209011938E-7i
80.00000000000001,93.07179676972447,2,1.4359356323441679E-6-3.435041802387482E-11i,0.0071796781617210845-1.7175209011937997E-7i
76.99999999999996,94.80384757729337,2,1.4359356323441679E-6-3.435041802387482E-11i,0.0071796781617210845-1.7175209011937997E-7i
83.00000000000004,91.3397459621556,2,1.4359356323441679E-6-3.435041802387482E-11i,0.007179678161721084-1.7175209011937995E-7i
82.00000000000003,93.07179676972447,2,1.4359356323441679E-6-3.435041802387482E-11i,0.0071796781617210845-1.7175209011937997E-7i
83.9810200500144,89.586423398331,2,1.4359356323441679E-6-3.435041802387482E-11i,0.0071796781617210845-1.7175209011937997E-7i
81.00000000000003,91.3397459621556,2,1.4359356323441679E-6-3.435041802387482E-11i,0.0071796781617210845-1.7175209011937997E-7i
82.00000000000003,89.60769515458671,2,1.4359356323441679E-6-3.435041802387482E-11i,0.007179678161721084-1.7175209011937997E-7i
87.89961824595743,85.07783033361945,2,1.4359356323441679E-6-3.435041802387482E-11i,0.007179678161721084-1.7175209011937997E-7i
87.94692934992216,83.06641304072494,2,1.4359356323441679E-6-3.435041802387482E-11i,0.0071796781617210845-1.7175209011937997E-7i
88.03821085625256,87.03279900344472,2,1.4359356323441679E-6-3.435041802387482E-11i,0.007179678161721085-1.7175209011938E-7i
86.27044887265667,84.04183341840533,2,1.4359356323441679E-6-3.435041802387482E-11i,0.0071796781617210845-1.7175209011937997E-7i
86.58620706022145,87.98608632507325,2,1.4359356323441679E-6-3.435041802387482E-11i,0.007179678161721084-1.7175209011937997E-7i
86.04417263472111,86.16075839048627,2,1.4359356323441679E-6-3.435041802387482E-11i,0.007179678161721084-1.7175209011937997E-7i
84.73913581300584,84.65316749554007,2,1.4359356323441679E-6-3.435041802387482E-11i,0.007179678161721084-1.7175209011937997E-7i
83.84098399103411,86.11030918627574,2,1.4359356323441679E-6-3.435041802387482E-11i,0.0071796781617210845-1.7175209011937997E-7i
84.90070133409219,87.920844040146,2,1.4359356323441679E-6-3.435041802387482E-11i,0.0071796781617210845-1.7175209011937997E-7i
82.88268444283437,87.88513454719192,2,1.4359356323441679E-6-3.435041802387482E-11i,0.0071796781617210845-1.7175209011937997E-7i
81.94774282767347,86.06552168914833,2,1.4359356323441679E-6-3.435041802387482E-11i,0.0071796781617210845-1.7175209011937997E-7i
81.00000000000003,87.87564434701784,2,1.4359356323441679E-6-3.435041802387482E-11i,0.007179678161721085-1.7175209011938E-7i
82.94132223029797,84.15750275835413,2,1.435935632344168E-6-3.435041802387482E-11i,0.0071796781617210845-1.7175209011938E-7i
79.95681236711997,86.11682210676283,2,1.4359356323441679E-6-3.435041802387482E-11i,0.007179678161721084-1.7175209011937995E-7i
79.00000000000001,87.8756443470178,2,1.4359356323441679E-6-3.435041802387482E-11i,0.0071796781617210845-1.7175209011937997E-7i
77.99999999999991,86.14359353944889,2,1.4359356323441679E-6-3.435041802387482E-11i,0.0071796781617210845-1.7175209011937997E-7i
80.88447891955727,84.37909912504551,2,1.4359356323441679E-6-3.435041802387482E-11i,0.007179678161721084-1.7175209011937997E-7i
78.96202173406905,84.40575682346699,2,1.4359356323441679E-6-3.435041802387482E-11i,0.0071796781617210845-1.7175209011937997E-7i
80.00000000000003,89.60769515458671,2,1.4359356323441679E-6-3.435041802387482E-11i,0.0071796781617210845-1.7175209011937997E-7i
81.47116306558641,82.89780777026189,2,1.435935632344168E-6-3.435041802387482E-11i,0.0071796781617210845-1.7175209011938E-7i
79.86885049540868,82.77954359971977,2,1.4359356323441679E-6-3.435041802387482E-11i,0.0071796781617210845-1.7175209011937997E-7i
91.3397459621556,78.99999999999996,2,1.4359356323441679E-6-3.435041802387482E-11i,0.0071796781617210845-1.7175209011937997E-7i
89.60769515458672,79.99999999999996,2,1.4359356323441679E-6-3.435041802387482E-11i,0.0071796781617210845-1.7175209011937997E-7i
94.80384757729337,73.00000000000001,2,1.4359356323441679E-6-3.435041802387482E-11i,0.007179678161721084-1.7175209011937995E-7i
93.07179676972447,72,2,1.4359356323441679E-6-3.435041802387482E-11i,0.007179678161721085-1.7175209011938E-7i
91.33974596215563,76.99999999999997,2,1.4359356323441679E-6-3.435041802387482E-11i,0.007179678161721084-1.7175209011937995E-7i
91.33974596215563,75.00000000000001,2,1.4359356323441679E-6-3.435041802387482E-11i,0.0071796781617210845-1.7175209011937997E-7i
89.60769515458676,75.99999999999999,2,1.4359356323441679E-6-3.435041802387482E-11i,0.007179678161721084-1.7175209011937997E-7i
89.60769515458674,77.99999999999994,2,1.4359356323441679E-6-3.435041802387482E-11i,0.0071796781617210845-1.7175209011937997E-7i
91.3397459621556,73.00000000000003,2,1.4359356323441679E-6-3.435041802387482E-11i,0.0071796781617210845-1.7175209011937997E-7i
89.60769515458675,74.00000000000003,2,1.4359356323441679E-6-3.435041802387482E-11i,0.0071796781617210845-1.7175209011937997E-7i
70,100,2,1.4359356323441679E-6-3.435041802387482E-11i,0.007179678161721084-1.7175209011937995E-7i
69,98.26794919243113,2,1.4359356323441679E-6-3.435041802387482E-11i,0.0071796781617210845-1.7175209011937997E-7i
68.00000000000001,100,2,1.4359356323441679E-6-3.435041802387482E-11i,0.007179678161721084-1.7175209011937995E-7i
74,96.53589838486225,2,1.4359356323441679E-6-3.435041802387482E-11i,0.007179678161721084-1.7175209011937997E-7i
75.99999999999997,96.53589838486225,2,1.4359356323441679E-6-3.435041802387482E-11i,0.0071796781617210845-1.7175209011937997E-7i
74.99999999999999,94.80384757729338,2,1.4359356323441679E-6-3.435041802387482E-11i,0.0071796781617210845-1.7175209011937997E-7i
72.00000000000001,96.53589838486225,2,1.4359356323441679E-6-3.435041802387482E-11i,0.0071796781617210845-1.7175209011937997E-7i
75.99999999999994,93.0717967697245,2,1.4359356323441679E-6-3.435041802387482E-11i,0.0071796781617210845-1.7175209011937997E-7i
74,93.0717967697245,2,1.4359356323441679E-6-3.435041802387482E-11i,0.0071796781617210845-1.7175209011937997E-7i
70,96.53589838486225,2,1.4359356323441679E-6-3.435041802387482E-11i,0.0071796781617210845-1.7175209011937997E-7i
71.00000000000001,94.80384757729337,2,1.4359356323441679E-6-3.435041802387482E-11i,0.0071796781617210845-1.7175209011937997E-7i
64.00000000000001,100,2,1.4359356323441679E-6-3.435041802387482E-11i,0.007179678161721084-1.7175209011937995E-7i
63.00000000000001,98.26794919243112,2,1.4359356323441679E-6-3.435041802387482E-11i,0.0071796781617210845-1.7175209011937997E-7i
65,98.26794919243112,2,1.4359356323441679E-6-3.435041802387482E-11i,0.0071796781617210845-1.7175209011937997E-7i
66,100,2,1.4359356323441679E-6-3.435041802387482E-11i,0.007179678161721084-1.7175209011937995E-7i
62,100,2,1.4359356323441679E-6-3.435041802387482E-11i,0.007179678161721084-1.7175209011937995E-7i
60.000000000000014,100,2,1.4359356323441679E-6-3.435041802387482E-11i,0.007179678161721084-1.7175209011937995E-7i
61.00000000000001,98.26794919243113,2,1.4359356323441679E-6-3.435041802387482E-11i,0.0071796781617210845-1.7175209011937997E-7i
59.000000000000014,98.2679491924311,2,1.4359356323441679E-6-3.435041802387482E-11i,0.0071796781617210845-1.7175209011937997E-7i
52.00000000000001,100.00000000000001,2,1.4359356323441679E-6-3.435041802387482E-11i,0.007179678161721084-1.7175209011937995E-7i
51.000000000000014,98.26794919243113,2,1.4359356323441679E-6-3.435041802387482E-11i,0.0071796781617210845-1.7175209011937997E-7i
53.000000000000014,98.26794919243112,2,1.4359356323441679E-6-3.435041802387482E-11i,0.0071796781617210845-1.7175209011937997E-7i
54.00000000000002,100.00000000000003,2,1.4359356323441679E-6-3.435041802387482E-11i,0.007179678161721084-1.7175209011937995E-7i
50.00000000000001,99.99999999999999,2,1.4359356323441679E-6-3.435041802387482E-11i,0.007179678161721084-1.7175209011937995E-7i
96.53589838486224,68,2,1.4359356323441679E-6-3.435041802387482E-11i,0.0071796781617210845-1.7175209011937997E-7i
98.2679491924311,67,2,1.4359356323441679E-6-3.435041802387482E-11i,0.0071796781617210845-1.7175209011937997E-7i
96.53589838486224,66,2,1.4359356323441679E-6-3.435041802387482E-11i,0.0071796781617210845-1.7175209011937997E-7i
100,66,2,1.4359356323441679E-6-3.435041802387482E-11i,0.007179678161721084-1.7175209011937995E-7i
98.26794919243113,65,2,1.4359356323441679E-6-3.435041802387482E-11i,0.0071796781617210845-1.7175209011937997E-7i
100,60,2,1.4359356323441679E-6-3.435041802387482E-11i,0.007179678161721084-1.7175209011937995E-7i
98.26794919243112,61,2,1.4359356323441679E-6-3.435041802387482E-11i,0.0071796781617210845-1.7175209011937997E-7i
98.26794919243113,59,2,1.4359356323441679E-6-3.435041802387482E-11i,0.0071796781617210845-1.7175209011937997E-7i
100,62.00000000000001,2.0000000000000004,1.4359356323441679E-6-3.435041802387482E-11i,0.007179678161721084-1.7175209011937995E-7i
100.00000000000003,64.00000000000001,2.0000000000000004,1.4359356323441679E-6-3.435041802387482E-11i,0.007179678161721084-1.7175209011937995E-7i
98.26794919243112,63.000000000000014,2,1.4359356323441679E-6-3.435041802387482E-11i,0.0071796781617210845-1.7175209011937997E-7i
91.3397459621556,71,2,1.4359356323441679E-6-3.435041802387482E-11i,0.007179678161721084-1.7175209011937995E-7i
89.60769515458674,72.00000000000001,2,1.4359356323441679E-6-3.435041802387482E-11i,0.0071796781617210845-1.7175209011937997E-7i
89.60769515458674,70.00000000000003,2,1.4359356323441679E-6-3.435041802387482E-11i,0.007179678161721084-1.7175209011937997E-7i
93.0717967697245,70.00000000000001,2,1.4359356323441679E-6-3.435041802387482E-11i,0.0071796781617210845-1.7175209011937997E-7i
91.3397459621556,69.00000000000003,2,1.4359356323441679E-6-3.435041802387482E-11i,0.0071796781617210845-1.7175209011937997E-7i
94.80384757729337,69.00000000000001,2,1.4359356323441679E-6-3.435041802387482E-11i,0.007179678161721084-1.7175209011937997E-7i
93.07179676972447,68,2,1.4359356323441679E-6-3.435041802387482E-11i,0.0071796781617210845-1.7175209011937997E-7i
94.80384757729337,66.99999999999999,2,1.4359356323441679E-6-3.435041802387482E-11i,0.007179678161721084-1.7175209011937995E-7i
94.80384757729337,65,2,1.4359356323441679E-6-3.435041802387482E-11i,0.0071796781617210845-1.7175209011937997E-7i
93.0717967697245,65.99999999999997,2,1.4359356323441679E-6-3.435041802387482E-11i,0.007179678161721085-1.7175209011938E-7i
91.3397459621556,66.99999999999997,2,1.4359356323441679E-6-3.435041802387482E-11i,0.0071796781617210845-1.7175209011937997E-7i
89.60769515458671,68,2,1.4359356323441679E-6-3.435041802387482E-11i,0.0071796781617210845-1.7175209011937997E-7i
82.7646555425396,77.98776445275156,2,1.4359356323441679E-6-3.435041802387482E-11i,0.007179678161721084-1.7175209011937995E-7i
84.4115427318801,78.99999999999987,2,1.4359356323441679E-6-3.435041802387482E-11i,0.007179678161721085-1.7175209011938E-7i
84.41154273188013,76.99999999999991,2,1.4359356323441679E-6-3.435041802387482E-11i,0.0071796781617210845-1.7175209011937997E-7i
82.75322443885348,79.95771505833575,2,1.4359356323441679E-6-3.435041802387482E-11i,0.0071796781617210845-1.7175209011937997E-7i
82.67949192431131,75.99999999999996,2,1.4359356323441679E-6-3.435041802387482E-11i,0.0071796781617210845-1.7175209011937997E-7i
81.12770301484187,78.95534628186016,2,1.4359356323441679E-6-3.435041802387482E-11i,0.0071796781617210845-1.7175209011937997E-7i
81.08610721352824,77.00594693146022,2,1.4359356323441679E-6-3.435041802387482E-11i,0.007179678161721084-1.7175209011937997E-7i
87.87564434701781,80.99999999999994,2,1.4359356323441679E-6-3.435041802387482E-11i,0.007179678161721085-1.7175209011938E-7i
87.87564434701785,78.99999999999994,2,1.4359356323441679E-6-3.435041802387482E-11i,0.0071796781617210845-1.7175209011937997E-7i
87.87564434701788,76.99999999999994,2,1.4359356323441679E-6-3.435041802387482E-11i,0.0071796781617210845-1.7175209011937997E-7i
86.14359353944894,79.99999999999991,2,1.4359356323441679E-6-3.435041802387482E-11i,0.007179678161721084-1.7175209011937995E-7i
86.14359353944899,77.99999999999991,2,1.4359356323441679E-6-3.435041802387482E-11i,0.007179678161721084-1.7175209011937997E-7i
84.5015642538215,81.00637405221713,2,1.4359356323441679E-6-3.435041802387482E-11i,0.0071796781617210845-1.7175209011937997E-7i
86.21082011200215,82.04900311276847,2,1.4359356323441679E-6-3.435041802387482E-11i,0.007179678161721084-1.7175209011937997E-7i
84.63922943617463,82.96959444695932,2,1.4359356323441679E-6-3.435041802387482E-11i,0.0071796781617210845-1.7175209011937997E-7i
82.89959516687298,81.98687449118556,2,1.4359356323441679E-6-3.435041802387482E-11i,0.007179678161721084-1.7175209011937997E-7i
86.14359353944903,75.99999999999997,2,1.4359356323441679E-6-3.435041802387482E-11i,0.007179678161721084-1.7175209011937997E-7i
87.8756443470179,75.00000000000003,2,1.4359356323441679E-6-3.435041802387482E-11i,0.0071796781617210845-1.7175209011937997E-7i
84.41154273188016,75.00000000000003,2,1.4359356323441679E-6-3.435041802387482E-11i,0.007179678161721085-1.7175209011938E-7i
87.87564434701787,73.00000000000003,2,1.4359356323441679E-6-3.435041802387482E-11i,0.007179678161721085-1.7175209011938E-7i
77.99999999999996,89.60769515458668,2,1.4359356323441679E-6-3.435041802387482E-11i,0.0071796781617210845-1.7175209011937997E-7i
76.99999999999987,87.87564434701781,2,1.4359356323441679E-6-3.435041802387482E-11i,0.0071796781617210845-1.7175209011937997E-7i
79,91.33974596215558,2,1.4359356323441679E-6-3.435041802387482E-11i,0.0071796781617210845-1.7175209011937997E-7i
76.99999999999993,91.33974596215559,2,1.4359356323441679E-6-3.435041802387482E-11i,0.007179678161721084-1.7175209011937997E-7i
74.99999999999997,91.33974596215563,2,1.4359356323441679E-6-3.435041802387482E-11i,0.0071796781617210845-1.7175209011937997E-7i
73.00000000000001,94.80384757729338,2,1.4359356323441679E-6-3.435041802387482E-11i,0.007179678161721084-1.7175209011937995E-7i
72.00000000000001,93.0717967697245,2,1.4359356323441679E-6-3.435041802387482E-11i,0.007179678161721085-1.7175209011938E-7i
73,91.33974596215563,2,1.4359356323441679E-6-3.435041802387482E-11i,0.0071796781617210845-1.7175209011937997E-7i
74,89.60769515458676,2,1.4359356323441679E-6-3.435041802387482E-11i,0.0071796781617210845-1.7175209011937997E-7i
75.99999999999982,86.143593539449,2,1.4359356323441679E-6-3.435041802387482E-11i,0.007179678161721084-1.7175209011937995E-7i
74.99999999999991,87.8756443470179,2,1.4359356323441679E-6-3.435041802387482E-11i,0.0071796781617210845-1.7175209011937997E-7i
76.99999999999977,84.41154273188003,2,1.4359356323441679E-6-3.435041802387482E-11i,0.0071796781617210845-1.7175209011937997E-7i
74.99999999999986,84.4115427318802,2,1.4359356323441679E-6-3.435041802387482E-11i,0.0071796781617210845-1.7175209011937997E-7i
74,86.14359353944906,2,1.4359356323441679E-6-3.435041802387482E-11i,0.0071796781617210845-1.7175209011937997E-7i
75.9999999999999,89.60769515458675,2,1.4359356323441679E-6-3.435041802387482E-11i,0.007179678161721084-1.7175209011937995E-7i
80.9474411167422,80.99999999999989,2,1.435935632344168E-6-3.435041802387482E-11i,0.0071796781617210845-1.7175209011938E-7i
77.8672536495728,82.72570313024463,2,1.4359356323441679E-6-3.435041802387482E-11i,0.007179678161721084-1.7175209011937995E-7i
75.99999999999967,82.67949192431126,2,1.4359356323441679E-6-3.435041802387482E-11i,0.007179678161721084-1.7175209011937997E-7i
76.93246052358596,80.93777856942444,2,1.4359356323441679E-6-3.435041802387482E-11i,0.0071796781617210845-1.7175209011937997E-7i
78.77448544922571,80.98327120081807,2,1.4359356323441679E-6-3.435041802387482E-11i,0.0071796781617210845-1.7175209011937997E-7i
79.6536607589677,79.56128829693158,2,1.435935632344168E-6-3.435041802387482E-11i,0.0071796781617210845-1.7175209011938E-7i
87.87564434701787,71.00000000000001,2,1.4359356323441679E-6-3.435041802387482E-11i,0.0071796781617210845-1.7175209011937997E-7i
67.00000000000001,98.26794919243112,2,1.4359356323441679E-6-3.435041802387482E-11i,0.0071796781617210845-1.7175209011937997E-7i
68.00000000000001,96.53589838486225,2,1.4359356323441679E-6-3.435041802387482E-11i,0.007179678161721084-1.7175209011937997E-7i
66,96.53589838486224,2,1.4359356323441679E-6-3.435041802387482E-11i,0.0071796781617210845-1.7175209011937997E-7i
69.00000000000001,94.80384757729337,2,1.4359356323441679E-6-3.435041802387482E-11i,0.0071796781617210845-1.7175209011937997E-7i
64,96.53589838486224,2,1.4359356323441679E-6-3.435041802387482E-11i,0.0071796781617210845-1.7175209011937997E-7i
65,94.80384757729337,2,1.4359356323441679E-6-3.435041802387482E-11i,0.0071796781617210845-1.7175209011937997E-7i
62,96.53589838486224,2,1.4359356323441679E-6-3.435041802387482E-11i,0.0071796781617210845-1.7175209011937997E-7i
60.00000000000003,96.53589838486225,2,1.4359356323441679E-6-3.435041802387482E-11i,0.0071796781617210845-1.7175209011937997E-7i
63,94.80384757729337,2,1.4359356323441679E-6-3.435041802387482E-11i,0.007179678161721084-1.7175209011937995E-7i
64,93.07179676972447,2,1.4359356323441679E-6-3.435041802387482E-11i,0.0071796781617210845-1.7175209011937997E-7i
61.999999999999986,93.0717967697245,2,1.4359356323441679E-6-3.435041802387482E-11i,0.0071796781617210845-1.7175209011937997E-7i
66.00000000000001,93.07179676972447,2,1.4359356323441679E-6-3.435041802387482E-11i,0.007179678161721085-1.7175209011938E-7i
61.00000000000001,94.80384757729338,2,1.4359356323441679E-6-3.435041802387482E-11i,0.007179678161721084-1.7175209011937997E-7i
67.00000000000001,94.80384757729337,2,1.4359356323441679E-6-3.435041802387482E-11i,0.007179678161721084-1.7175209011937995E-7i
68.00000000000003,93.0717967697245,2,1.4359356323441679E-6-3.435041802387482E-11i,0.0071796781617210845-1.7175209011937997E-7i
70.00000000000001,93.0717967697245,2,1.4359356323441679E-6-3.435041802387482E-11i,0.0071796781617210845-1.7175209011937997E-7i
71.00000000000001,91.33974596215563,2,1.4359356323441679E-6-3.435041802387482E-11i,0.007179678161721084-1.7175209011937995E-7i
69.00000000000003,91.33974596215563,2,1.4359356323441679E-6-3.435041802387482E-11i,0.0071796781617210845-1.7175209011937997E-7i
70.00000000000003,89.60769515458674,2,1.4359356323441679E-6-3.435041802387482E-11i,0.007179678161721084-1.7175209011937997E-7i
72.00000000000001,89.60769515458674,2,1.4359356323441679E-6-3.435041802387482E-11i,0.0071796781617210845-1.7175209011937997E-7i
67.00000000000003,91.3397459621556,2,1.4359356323441679E-6-3.435041802387482E-11i,0.0071796781617210845-1.7175209011937997E-7i
68.00000000000006,89.60769515458674,2,1.4359356323441679E-6-3.435041802387482E-11i,0.0071796781617210845-1.7175209011937997E-7i
58.00000000000003,96.53589838486224,2,1.4359356323441679E-6-3.435041802387482E-11i,0.0071796781617210845-1.7175209011937997E-7i
59.00000000000004,94.80384757729337,2,1.4359356323441679E-6-3.435041802387482E-11i,0.0071796781617210845-1.7175209011937997E-7i
57.000000000000014,98.2679491924311,2,1.4359356323441679E-6-3.435041802387482E-11i,0.0071796781617210845-1.7175209011937997E-7i
58.00000000000002,100,2,1.4359356323441679E-6-3.435041802387482E-11i,0.007179678161721084-1.7175209011937995E-7i
56.000000000000014,100,2,1.4359356323441679E-6-3.435041802387482E-11i,0.007179678161721084-1.7175209011937995E-7i
48.000000000000014,100,2,1.4359356323441679E-6-3.435041802387482E-11i,0.007179678161721084-1.7175209011937995E-7i
49.00000000000001,98.26794919243113,2,1.4359356323441679E-6-3.435041802387482E-11i,0.0071796781617210845-1.7175209011937997E-7i
47.000000000000014,98.26794919243112,2,1.4359356323441679E-6-3.435041802387482E-11i,0.0071796781617210845-1.7175209011937997E-7i
46.00000000000001,100,2,1.4359356323441679E-6-3.435041802387482E-11i,0.007179678161721084-1.7175209011937995E-7i
56,96.53589838486224,2,1.4359356323441679E-6-3.435041802387482E-11i,0.007179678161721084-1.7175209011937997E-7i
55.000000000000014,98.26794919243113,2,1.4359356323441679E-6-3.435041802387482E-11i,0.0071796781617210845-1.7175209011937997E-7i
54.00000000000002,96.53589838486224,2,1.4359356323441679E-6-3.435041802387482E-11i,0.0071796781617210845-1.7175209011937997E-7i
55.00000000000001,94.80384757729337,2,1.4359356323441679E-6-3.435041802387482E-11i,0.0071796781617210845-1.7175209011937997E-7i
50.00000000000001,96.53589838486225,2,1.4359356323441679E-6-3.435041802387482E-11i,0.007179678161721084-1.7175209011937997E-7i
52.00000000000001,96.53589838486224,2,1.4359356323441679E-6-3.435041802387482E-11i,0.0071796781617210845-1.7175209011937997E-7i
48.000000000000014,96.53589838486225,2,1.4359356323441679E-6-3.435041802387482E-11i,0.0071796781617210845-1.7175209011937997E-7i
49.000000000000014,94.80384757729338,2,1.4359356323441679E-6-3.435041802387482E-11i,0.0071796781617210845-1.7175209011937997E-7i
53.00000000000002,94.80384757729337,2,1.4359356323441679E-6-3.435041802387482E-11i,0.0071796781617210845-1.7175209011937997E-7i
93.0717967697245,64.00000000000003,2,1.4359356323441679E-6-3.435041802387482E-11i,0.0071796781617210845-1.7175209011937997E-7i
94.80384757729334,63.000000000000014,2,1.4359356323441679E-6-3.435041802387482E-11i,0.007179678161721084-1.7175209011937997E-7i
96.53589838486224,64.00000000000001,2,1.4359356323441679E-6-3.435041802387482E-11i,0.0071796781617210845-1.7175209011937997E-7i
93.07179676972447,62,2,1.4359356323441679E-6-3.435041802387482E-11i,0.0071796781617210845-1.7175209011937997E-7i
96.53589838486224,62.00000000000001,2,1.4359356323441679E-6-3.435041802387482E-11i,0.0071796781617210845-1.7175209011937997E-7i
96.53589838486224,58.00000000000002,2,1.4359356323441679E-6-3.435041802387482E-11i,0.0071796781617210845-1.7175209011937997E-7i
98.2679491924311,57,2,1.4359356323441679E-6-3.435041802387482E-11i,0.0071796781617210845-1.7175209011937997E-7i
96.53589838486224,59.99999999999999,2,1.4359356323441679E-6-3.435041802387482E-11i,0.0071796781617210845-1.7175209011937997E-7i
94.80384757729337,59.000000000000014,2,1.4359356323441679E-6-3.435041802387482E-11i,0.007179678161721085-1.7175209011938E-7i
100,58.00000000000001,2,1.4359356323441679E-6-3.435041802387482E-11i,0.007179678161721084-1.7175209011937995E-7i
100,56,2,1.4359356323441679E-6-3.435041802387482E-11i,0.007179678161721084-1.7175209011937995E-7i
91.33974596215563,65,2,1.4359356323441679E-6-3.435041802387482E-11i,0.007179678161721084-1.7175209011937995E-7i
91.33974596215559,63.00000000000004,2,1.4359356323441679E-6-3.435041802387482E-11i,0.0071796781617210845-1.7175209011937997E-7i
89.60769515458674,65.99999999999996,2,1.4359356323441679E-6-3.435041802387482E-11i,0.0071796781617210845-1.7175209011937997E-7i
89.60769515458674,64.00000000000007,2,1.4359356323441679E-6-3.435041802387482E-11i,0.007179678161721084-1.7175209011937997E-7i
94.80384757729334,61,2,1.4359356323441679E-6-3.435041802387482E-11i,0.007179678161721084-1.7175209011937995E-7i
93.0717967697245,59.999999999999986,2,1.4359356323441679E-6-3.435041802387482E-11i,0.0071796781617210845-1.7175209011937997E-7i
91.3397459621556,60.999999999999964,2,1.4359356323441679E-6-3.435041802387482E-11i,0.0071796781617210845-1.7175209011937997E-7i
89.60769515458668,62,2,1.4359356323441679E-6-3.435041802387482E-11i,0.0071796781617210845-1.7175209011937997E-7i
94.80384757729334,57,2,1.4359356323441679E-6-3.435041802387482E-11i,0.007179678161721084-1.7175209011937997E-7i
93.07179676972447,58.000000000000036,2,1.4359356323441679E-6-3.435041802387482E-11i,0.0071796781617210845-1.7175209011937997E-7i
96.53589838486224,55.999999999999986,2,1.4359356323441679E-6-3.435041802387482E-11i,0.0071796781617210845-1.7175209011937997E-7i
93.07179676972447,55.999999999999964,2,1.4359356323441679E-6-3.435041802387482E-11i,0.0071796781617210845-1.7175209011937997E-7i
82.67949192431124,70.00000000000011,2,1.4359356323441679E-6-3.435041802387482E-11i,0.0071796781617210845-1.7175209011937997E-7i
84.41154273188006,69.00000000000009,2,1.4359356323441679E-6-3.435041802387482E-11i,0.0071796781617210845-1.7175209011937997E-7i
82.67949192431111,67.99999999999999,2,1.4359356323441679E-6-3.435041802387482E-11i,0.0071796781617210845-1.7175209011937997E-7i
84.41154273188012,71.00000000000003,2,1.4359356323441679E-6-3.435041802387482E-11i,0.007179678161721085-1.7175209011938E-7i
82.67949192431122,72.00000000000003,2,1.4359356323441679E-6-3.435041802387482E-11i,0.0071796781617210845-1.7175209011937997E-7i
86.14359353944899,70.00000000000006,2,1.4359356323441679E-6-3.435041802387482E-11i,0.0071796781617210845-1.7175209011937997E-7i
87.87564434701781,66.99999999999994,2,1.4359356323441679E-6-3.435041802387482E-11i,0.0071796781617210845-1.7175209011937997E-7i
87.87564434701784,69.00000000000006,2,1.4359356323441679E-6-3.435041802387482E-11i,0.007179678161721085-1.7175209011938E-7i
87.8756443470179,65,2,1.4359356323441679E-6-3.435041802387482E-11i,0.0071796781617210845-1.7175209011937997E-7i
86.14359353944891,68,2,1.4359356323441679E-6-3.435041802387482E-11i,0.007179678161721084-1.7175209011937995E-7i
84.41154273188005,66.99999999999989,2,1.4359356323441679E-6-3.435041802387482E-11i,0.0071796781617210845-1.7175209011937997E-7i
86.143593539449,65.9999999999999,2,1.4359356323441679E-6-3.435041802387482E-11i,0.007179678161721084-1.7175209011937997E-7i
86.14359353944897,72.00000000000001,2,1.4359356323441679E-6-3.435041802387482E-11i,0.007179678161721084-1.7175209011937997E-7i
87.87564434701781,63.000000000000085,2,1.4359356323441679E-6-3.435041802387482E-11i,0.0071796781617210845-1.7175209011937997E-7i
87.87564434701784,60.999999999999936,2,1.4359356323441679E-6-3.435041802387482E-11i,0.007179678161721085-1.7175209011938E-7i
98.26794919243112,55,2,1.4359356323441679E-6-3.435041802387482E-11i,0.0071796781617210845-1.7175209011937997E-7i
96.53589838486225,53.99999999999999,2,1.4359356323441679E-6-3.435041802387482E-11i,0.0071796781617210845-1.7175209011937997E-7i
100,54,2,1.4359356323441679E-6-3.435041802387482E-11i,0.007179678161721084-1.7175209011937995E-7i
98.26794919243113,53,2,1.4359356323441679E-6-3.435041802387482E-11i,0.0071796781617210845-1.7175209011937997E-7i
96.53589838486225,52,2,1.4359356323441679E-6-3.435041802387482E-11i,0.0071796781617210845-1.7175209011937997E-7i
98.26794919243113,51,2,1.4359356323441679E-6-3.435041802387482E-11i,0.0071796781617210845-1.7175209011937997E-7i
94.80384757729338,53,2,1.4359356323441679E-6-3.435041802387482E-11i,0.007179678161721085-1.7175209011938E-7i
96.53589838486225,50.00000000000001,2,1.4359356323441679E-6-3.435041802387482E-11i,0.0071796781617210845-1.7175209011937997E-7i
98.26794919243112,49,2,1.4359356323441679E-6-3.435041802387482E-11i,0.0071796781617210845-1.7175209011937997E-7i
100,50,2,1.4359356323441679E-6-3.435041802387482E-11i,0.007179678161721084-1.7175209011937995E-7i
96.53589838486224,48.00000000000001,2,1.4359356323441679E-6-3.435041802387482E-11i,0.0071796781617210845-1.7175209011937997E-7i
100,52,1.9999999999999998,1.4359356323441679E-6-3.435041802387482E-11i,0.007179678161721084-1.7175209011937995E-7i
100.00000000000003,48.00000000000001,2,1.4359356323441679E-6-3.435041802387482E-11i,0.007179678161721084-1.7175209011937995E-7i
98.2679491924311,47,2,1.4359356323441679E-6-3.435041802387482E-11i,0.0071796781617210845-1.7175209011937997E-7i
100,45.99999999999999,2,1.4359356323441679E-6-3.435041802387482E-11i,0.007179678161721084-1.7175209011937995E-7i
100,40,2,1.4359356323441679E-6-3.435041802387482E-11i,0.007179678161721084-1.7175209011937995E-7i
98.26794919243112,39,2,1.4359356323441679E-6-3.435041802387482E-11i,0.0071796781617210845-1.7175209011937997E-7i
98.26794919243113,41,2,1.4359356323441679E-6-3.435041802387482E-11i,0.0071796781617210845-1.7175209011937997E-7i
100,38,2,1.4359356323441679E-6-3.435041802387482E-11i,0.007179678161721084-1.7175209011937995E-7i
100,36,2,1.4359356323441679E-6-3.435041802387482E-11i,0.007179678161721084-1.7175209011937995E-7i
98.26794919243113,37,2,1.4359356323441679E-6-3.435041802387482E-11i,0.0071796781617210845-1.7175209011937997E-7i
98.26794919243113,35,2,1.4359356323441679E-6-3.435041802387482E-11i,0.0071796781617210845-1.7175209011937997E-7i
100,34,2,1.4359356323441679E-6-3.435041802387482E-11i,0.007179678161721084-1.7175209011937995E-7i
36.00000000000001,100,2,1.4359356323441679E-6-3.435041802387482E-11i,0.007179678161721084-1.7175209011937995E-7i
37.00000000000001,98.2679491924311,2,1.4359356323441679E-6-3.435041802387482E-11i,0.0071796781617210845-1.7175209011937997E-7i
35,98.26794919243112,2,1.4359356323441679E-6-3.435041802387482E-11i,0.0071796781617210845-1.7175209011937997E-7i
38.00000000000001,100,2,1.4359356323441679E-6-3.435041802387482E-11i,0.007179678161721084-1.7175209011937995E-7i
34,100,2,1.4359356323441679E-6-3.435041802387482E-11i,0.007179678161721084-1.7175209011937995E-7i
40,100,2,1.4359356323441679E-6-3.435041802387482E-11i,0.007179678161721084-1.7175209011937995E-7i
39,98.26794919243112,2,1.4359356323441679E-6-3.435041802387482E-11i,0.0071796781617210845-1.7175209011937997E-7i
41,98.26794919243113,2,1.4359356323441679E-6-3.435041802387482E-11i,0.0071796781617210845-1.7175209011937997E-7i
86.143593539449,74.00000000000006,2,1.4359356323441679E-6-3.435041802387482E-11i,0.007179678161721084-1.7175209011937995E-7i
84.4115427318801,73.00000000000006,2,1.4359356323441679E-6-3.435041802387482E-11i,0.007179678161721084-1.7175209011937997E-7i
82.67949192431126,74.0000000000001,2,1.4359356323441679E-6-3.435041802387482E-11i,0.0071796781617210845-1.7175209011937997E-7i
80.94744111674234,73.0000000000001,2,1.4359356323441679E-6-3.435041802387482E-11i,0.0071796781617210845-1.7175209011937997E-7i
80.94744111674245,75.00000000000006,2,1.4359356323441679E-6-3.435041802387482E-11i,0.0071796781617210845-1.7175209011937997E-7i
79.55516809795752,77.97271748789785,2,1.4359356323441679E-6-3.435041802387482E-11i,0.0071796781617210845-1.7175209011937997E-7i
79.41320935828035,76.0042992378858,2,1.4359356323441679E-6-3.435041802387482E-11i,0.007179678161721085-1.7175209011938E-7i
79.21539030917353,74.00000000000017,2,1.4359356323441679E-6-3.435041802387482E-11i,0.0071796781617210845-1.7175209011937997E-7i
79.21539030917346,72.00000000000006,2,1.4359356323441679E-6-3.435041802387482E-11i,0.007179678161721085-1.7175209011938E-7i
66.00000000000001,89.60769515458671,2,1.4359356323441679E-6-3.435041802387482E-11i,0.0071796781617210845-1.7175209011937997E-7i
67.00000000000006,87.87564434701784,2,1.4359356323441679E-6-3.435041802387482E-11i,0.0071796781617210845-1.7175209011937997E-7i
65,87.87564434701781,2,1.4359356323441679E-6-3.435041802387482E-11i,0.0071796781617210845-1.7175209011937997E-7i
69.00000000000006,87.87564434701787,2,1.4359356323441679E-6-3.435041802387482E-11i,0.0071796781617210845-1.7175209011937997E-7i
74.93163753581095,80.93868826962984,2,1.4359356323441679E-6-3.435041802387482E-11i,0.0071796781617210845-1.7175209011937997E-7i
73.99999999999999,82.67949192431136,2,1.4359356323441679E-6-3.435041802387482E-11i,0.007179678161721085-1.7175209011938E-7i
73.00000000000003,87.87564434701788,2,1.4359356323441679E-6-3.435041802387482E-11i,0.007179678161721084-1.7175209011937997E-7i
71,87.87564434701787,2,1.4359356323441679E-6-3.435041802387482E-11i,0.0071796781617210845-1.7175209011937997E-7i
72.00000000000003,86.143593539449,2,1.4359356323441679E-6-3.435041802387482E-11i,0.0071796781617210845-1.7175209011937997E-7i
70.00000000000003,86.143593539449,2,1.4359356323441679E-6-3.435041802387482E-11i,0.0071796781617210845-1.7175209011937997E-7i
73.00000000000006,84.41154273188016,2,1.4359356323441679E-6-3.435041802387482E-11i,0.007179678161721084-1.7175209011937997E-7i
71.00000000000003,84.41154273188013,2,1.4359356323441679E-6-3.435041802387482E-11i,0.007179678161721085-1.7175209011938E-7i
69.00000000000009,84.41154273188013,2,1.4359356323441679E-6-3.435041802387482E-11i,0.0071796781617210845-1.7175209011937997E-7i
77.52415415082797,72.97628987032213,2,1.4359356323441679E-6-3.435041802387482E-11i,0.007179678161721084-1.7175209011937997E-7i
77.63132580779785,74.94822197181078,2,1.4359356323441679E-6-3.435041802387482E-11i,0.007179678161721084-1.7175209011937997E-7i
75.91461322800349,73.95367026987226,2,1.4359356323441679E-6-3.435041802387482E-11i,0.0071796781617210845-1.7175209011937997E-7i
75.84065119538046,75.95768990423271,2,1.4359356323441677E-6-3.435041802387482E-11i,0.007179678161721085-1.7175209011937997E-7i
75.80273161012875,71.99969571626552,2,1.4359356323441679E-6-3.435041802387482E-11i,0.0071796781617210845-1.7175209011937997E-7i
75.82790409250306,79.29997419649725,2,1.4359356323441679E-6-3.435041802387482E-11i,0.0071796781617210845-1.7175209011937997E-7i
77.90264657218519,79.04004545679584,2,1.4359356323441679E-6-3.435041802387482E-11i,0.007179678161721084-1.7175209011937997E-7i
76.39288749526914,77.79338869621766,2,1.4359356323441679E-6-3.435041802387482E-11i,0.007179678161721084-1.7175209011937997E-7i
77.72465924104591,76.90983784055422,2,1.4359356323441679E-6-3.435041802387482E-11i,0.0071796781617210845-1.7175209011937997E-7i
72.00000000000007,82.67949192431126,2,1.4359356323441679E-6-3.435041802387482E-11i,0.007179678161721084-1.7175209011937995E-7i
73.00000000000011,80.94744111674247,2,1.4359356323441679E-6-3.435041802387482E-11i,0.0071796781617210845-1.7175209011937997E-7i
71.00000000000006,80.94744111674237,2,1.4359356323441679E-6-3.435041802387482E-11i,0.0071796781617210845-1.7175209011937997E-7i
70.00000000000004,82.67949192431126,2,1.4359356323441679E-6-3.435041802387482E-11i,0.007179678161721084-1.7175209011937997E-7i
74.82959563895443,77.71316409827082,2,1.4359356323441679E-6-3.435041802387482E-11i,0.007179678161721084-1.7175209011937997E-7i
73.83003989174506,76.03464575867517,2,1.4359356323441679E-6-3.435041802387482E-11i,0.0071796781617210845-1.7175209011937997E-7i
72.87107925918949,77.54776971019724,2,1.4359356323441679E-6-3.435041802387482E-11i,0.0071796781617210845-1.7175209011937997E-7i
74.54180012360241,74.60049746021741,2,1.4359356323441679E-6-3.435041802387482E-11i,0.007179678161721084-1.7175209011937997E-7i
73.88731104823631,79.25493768779063,2,1.4359356323441679E-6-3.435041802387482E-11i,0.007179678161721084-1.7175209011937995E-7i
72.00000000000017,79.21539030917353,2,1.4359356323441679E-6-3.435041802387482E-11i,0.0071796781617210845-1.7175209011937997E-7i
80.94744111674237,71.00000000000006,2,1.4359356323441679E-6-3.435041802387482E-11i,0.007179678161721084-1.7175209011937995E-7i
79.21539030917346,70.0000000000002,2,1.4359356323441679E-6-3.435041802387482E-11i,0.0071796781617210845-1.7175209011937997E-7i
80.94744111674225,69.00000000000016,2,1.4359356323441679E-6-3.435041802387482E-11i,0.007179678161721084-1.7175209011937997E-7i
80.94744111674227,66.99999999999973,2,1.4359356323441679E-6-3.435041802387482E-11i,0.0071796781617210845-1.7175209011937997E-7i
79.21539030917326,67.99999999999993,2,1.4359356323441679E-6-3.435041802387482E-11i,0.0071796781617210845-1.7175209011937997E-7i
77.48333950160439,69.00000000000023,2,1.4359356323441679E-6-3.435041802387482E-11i,0.0071796781617210845-1.7175209011937997E-7i
79.21539030917361,65.9999999999996,2,1.4359356323441679E-6-3.435041802387482E-11i,0.0071796781617210845-1.7175209011937997E-7i
86.14359353944901,64.00000000000013,2,1.4359356323441679E-6-3.435041802387482E-11i,0.007179678161721084-1.7175209011937997E-7i
84.41154273188022,65.00000000000001,2,1.4359356323441679E-6-3.435041802387482E-11i,0.0071796781617210845-1.7175209011937997E-7i
84.41154273188005,63.00000000000015,2,1.4359356323441679E-6-3.435041802387482E-11i,0.0071796781617210845-1.7175209011937997E-7i
82.6794919243113,65.9999999999998,2,1.4359356323441679E-6-3.435041802387482E-11i,0.007179678161721084-1.7175209011937997E-7i
82.67949192431131,64.00000000000023,2,1.4359356323441679E-6-3.435041802387482E-11i,0.0071796781617210845-1.7175209011937997E-7i
65,91.3397459621556,2,1.4359356323441679E-6-3.435041802387482E-11i,0.007179678161721084-1.7175209011937995E-7i
63.999999999999986,89.60769515458671,2,1.4359356323441679E-6-3.435041802387482E-11i,0.007179678161721084-1.7175209011937997E-7i
62.999999999999986,91.3397459621556,2,1.4359356323441679E-6-3.435041802387482E-11i,0.0071796781617210845-1.7175209011937997E-7i
60.00000000000003,93.07179676972451,2,1.4359356323441679E-6-3.435041802387482E-11i,0.0071796781617210845-1.7175209011937997E-7i
58.00000000000006,93.07179676972447,2,1.4359356323441679E-6-3.435041802387482E-11i,0.007179678161721085-1.7175209011938E-7i
57.000000000000014,94.80384757729334,2,1.4359356323441679E-6-3.435041802387482E-11i,0.007179678161721084-1.7175209011937995E-7i
55.999999999999986,93.07179676972447,2,1.4359356323441679E-6-3.435041802387482E-11i,0.0071796781617210845-1.7175209011937997E-7i
60.99999999999999,91.33974596215565,2,1.4359356323441679E-6-3.435041802387482E-11i,0.0071796781617210845-1.7175209011937997E-7i
61.99999999999994,89.60769515458676,2,1.4359356323441679E-6-3.435041802387482E-11i,0.0071796781617210845-1.7175209011937997E-7i
62.99999999999993,87.87564434701784,2,1.4359356323441679E-6-3.435041802387482E-11i,0.007179678161721085-1.7175209011938E-7i
63.999999999999936,86.14359353944893,2,1.4359356323441679E-6-3.435041802387482E-11i,0.0071796781617210845-1.7175209011937997E-7i
66.00000000000004,86.14359353944893,2,1.4359356323441679E-6-3.435041802387482E-11i,0.0071796781617210845-1.7175209011937997E-7i
68.00000000000009,86.14359353944897,2,1.4359356323441679E-6-3.435041802387482E-11i,0.007179678161721084-1.7175209011937995E-7i
67.00000000000011,84.41154273188008,2,1.4359356323441679E-6-3.435041802387482E-11i,0.0071796781617210845-1.7175209011937997E-7i
65,84.41154273188002,2,1.4359356323441679E-6-3.435041802387482E-11i,0.0071796781617210845-1.7175209011937997E-7i
68.00000000000016,82.67949192431124,2,1.4359356323441679E-6-3.435041802387482E-11i,0.0071796781617210845-1.7175209011937997E-7i
69.00000000000014,80.9474411167424,2,1.4359356323441679E-6-3.435041802387482E-11i,0.0071796781617210845-1.7175209011937997E-7i
66.0000000000001,82.67949192431112,2,1.4359356323441679E-6-3.435041802387482E-11i,0.007179678161721084-1.7175209011937995E-7i
63.99999999999985,82.67949192431112,2,1.4359356323441679E-6-3.435041802387482E-11i,0.007179678161721085-1.7175209011938E-7i
64.99999999999996,80.94744111674217,2,1.4359356323441679E-6-3.435041802387482E-11i,0.007179678161721085-1.7175209011938E-7i
67.00000000000023,80.94744111674228,2,1.4359356323441679E-6-3.435041802387482E-11i,0.007179678161721084-1.7175209011937997E-7i
62.99999999999984,84.41154273188009,2,1.4359356323441679E-6-3.435041802387482E-11i,0.0071796781617210845-1.7175209011937997E-7i
54.00000000000003,93.0717967697245,2,1.4359356323441679E-6-3.435041802387482E-11i,0.0071796781617210845-1.7175209011937997E-7i
52.00000000000001,93.07179676972447,2,1.4359356323441679E-6-3.435041802387482E-11i,0.007179678161721085-1.7175209011938E-7i
59.00000000000008,91.33974596215563,2,1.4359356323441679E-6-3.435041802387482E-11i,0.007179678161721084-1.7175209011937995E-7i
57.00000000000003,91.33974596215558,2,1.4359356323441679E-6-3.435041802387482E-11i,0.0071796781617210845-1.7175209011937997E-7i
60.00000000000006,89.60769515458679,2,1.4359356323441679E-6-3.435041802387482E-11i,0.0071796781617210845-1.7175209011937997E-7i
58.0000000000001,89.60769515458671,2,1.4359356323441679E-6-3.435041802387482E-11i,0.007179678161721084-1.7175209011937997E-7i
54.999999999999986,91.3397459621556,2,1.4359356323441679E-6-3.435041802387482E-11i,0.007179678161721084-1.7175209011937997E-7i
55.99999999999998,89.60769515458671,2,1.4359356323441679E-6-3.435041802387482E-11i,0.0071796781617210845-1.7175209011937997E-7i
54.00000000000002,89.60769515458674,2,1.4359356323441679E-6-3.435041802387482E-11i,0.0071796781617210845-1.7175209011937997E-7i
46.00000000000001,96.53589838486225,2,1.4359356323441679E-6-3.435041802387482E-11i,0.0071796781617210845-1.7175209011937997E-7i
45.000000000000014,98.26794919243113,2,1.4359356323441679E-6-3.435041802387482E-11i,0.0071796781617210845-1.7175209011937997E-7i
47.00000000000001,94.80384757729337,2,1.4359356323441679E-6-3.435041802387482E-11i,0.0071796781617210845-1.7175209011937997E-7i
44.000000000000014,100,2,1.4359356323441679E-6-3.435041802387482E-11i,0.007179678161721084-1.7175209011937995E-7i
44.000000000000036,96.53589838486224,2,1.4359356323441679E-6-3.435041802387482E-11i,0.007179678161721084-1.7175209011937997E-7i
41.99999999999998,96.53589838486224,2,1.4359356323441679E-6-3.435041802387482E-11i,0.0071796781617210845-1.7175209011937997E-7i
43.00000000000001,94.80384757729334,2,1.4359356323441679E-6-3.435041802387482E-11i,0.0071796781617210845-1.7175209011937997E-7i
43.00000000000001,98.2679491924311,2,1.4359356323441679E-6-3.435041802387482E-11i,0.0071796781617210845-1.7175209011937997E-7i
42,100,2,1.4359356323441679E-6-3.435041802387482E-11i,0.007179678161721084-1.7175209011937995E-7i
38.000000000000014,96.53589838486224,2,1.4359356323441679E-6-3.435041802387482E-11i,0.007179678161721084-1.7175209011937997E-7i
40.00000000000001,96.53589838486224,2,1.4359356323441679E-6-3.435041802387482E-11i,0.0071796781617210845-1.7175209011937997E-7i
36,96.53589838486224,2,1.4359356323441679E-6-3.435041802387482E-11i,0.0071796781617210845-1.7175209011937997E-7i
37.00000000000001,94.80384757729334,2,1.4359356323441679E-6-3.435041802387482E-11i,0.0071796781617210845-1.7175209011937997E-7i
40.99999999999999,94.80384757729337,2,1.4359356323441679E-6-3.435041802387482E-11i,0.0071796781617210845-1.7175209011937997E-7i
53.00000000000003,91.3397459621556,2,1.4359356323441679E-6-3.435041802387482E-11i,0.007179678161721084-1.7175209011937995E-7i
51.999999999999986,89.60769515458671,2,1.4359356323441679E-6-3.435041802387482E-11i,0.007179678161721085-1.7175209011938E-7i
50.99999999999997,91.3397459621556,2,1.4359356323441679E-6-3.435041802387482E-11i,0.007179678161721084-1.7175209011937997E-7i
45.000000000000036,94.80384757729337,2,1.4359356323441679E-6-3.435041802387482E-11i,0.007179678161721084-1.7175209011937995E-7i
46.00000000000002,93.07179676972451,2,1.4359356323441679E-6-3.435041802387482E-11i,0.0071796781617210845-1.7175209011937997E-7i
44.00000000000005,93.07179676972447,2,1.4359356323441679E-6-3.435041802387482E-11i,0.0071796781617210845-1.7175209011937997E-7i
45.00000000000008,91.3397459621556,2,1.4359356323441679E-6-3.435041802387482E-11i,0.0071796781617210845-1.7175209011937997E-7i
49.000000000000014,91.33974596215563,2,1.4359356323441679E-6-3.435041802387482E-11i,0.007179678161721084-1.7175209011937997E-7i
49.999999999999986,93.0717967697245,2,1.4359356323441679E-6-3.435041802387482E-11i,0.0071796781617210845-1.7175209011937997E-7i
49.99999999999997,89.60769515458676,2,1.4359356323441679E-6-3.435041802387482E-11i,0.0071796781617210845-1.7175209011937997E-7i
48.000000000000014,93.0717967697245,2,1.4359356323441679E-6-3.435041802387482E-11i,0.0071796781617210845-1.7175209011937997E-7i
48.00000000000002,89.60769515458675,2,1.4359356323441679E-6-3.435041802387482E-11i,0.0071796781617210845-1.7175209011937997E-7i
50.99999999999999,94.80384757729337,2,1.4359356323441679E-6-3.435041802387482E-11i,0.007179678161721084-1.7175209011937995E-7i
47.00000000000001,91.33974596215563,2,1.4359356323441679E-6-3.435041802387482E-11i,0.007179678161721084-1.7175209011937995E-7i
46.000000000000064,89.60769515458676,2,1.4359356323441679E-6-3.435041802387482E-11i,0.0071796781617210845-1.7175209011937997E-7i
91.3397459621556,59.00000000000004,2,1.4359356323441679E-6-3.435041802387482E-11i,0.0071796781617210845-1.7175209011937997E-7i
91.33974596215558,57,2,1.4359356323441679E-6-3.435041802387482E-11i,0.0071796781617210845-1.7175209011937997E-7i
89.60769515458671,58.00000000000006,2,1.4359356323441679E-6-3.435041802387482E-11i,0.007179678161721084-1.7175209011937995E-7i
89.60769515458668,55.99999999999992,2,1.4359356323441679E-6-3.435041802387482E-11i,0.007179678161721085-1.7175209011938E-7i
87.87564434701778,57.000000000000014,2,1.4359356323441679E-6-3.435041802387482E-11i,0.0071796781617210845-1.7175209011937997E-7i
89.60769515458675,59.999999999999986,2,1.4359356323441679E-6-3.435041802387482E-11i,0.007179678161721084-1.7175209011937997E-7i
87.87564434701787,59.00000000000006,2,1.4359356323441679E-6-3.435041802387482E-11i,0.0071796781617210845-1.7175209011937997E-7i
94.80384757729337,54.99999999999997,2,1.4359356323441679E-6-3.435041802387482E-11i,0.007179678161721084-1.7175209011937995E-7i
93.07179676972451,53.999999999999964,2,1.4359356323441679E-6-3.435041802387482E-11i,0.0071796781617210845-1.7175209011937997E-7i
94.80384757729338,51.00000000000001,2,1.4359356323441679E-6-3.435041802387482E-11i,0.007179678161721084-1.7175209011937995E-7i
93.07179676972451,52,2,1.4359356323441679E-6-3.435041802387482E-11i,0.0071796781617210845-1.7175209011937997E-7i
94.80384757729337,49.00000000000002,2,1.4359356323441679E-6-3.435041802387482E-11i,0.007179678161721084-1.7175209011937997E-7i
93.0717967697245,50.00000000000003,2,1.4359356323441679E-6-3.435041802387482E-11i,0.0071796781617210845-1.7175209011937997E-7i
89.60769515458676,53.999999999999915,2,1.4359356323441679E-6-3.435041802387482E-11i,0.007179678161721084-1.7175209011937995E-7i
87.87564434701784,54.999999999999844,2,1.4359356323441679E-6-3.435041802387482E-11i,0.0071796781617210845-1.7175209011937997E-7i
87.87564434701792,52.99999999999994,2,1.4359356323441679E-6-3.435041802387482E-11i,0.007179678161721084-1.7175209011937997E-7i
91.3397459621556,54.999999999999915,2,1.4359356323441679E-6-3.435041802387482E-11i,0.0071796781617210845-1.7175209011937997E-7i
91.33974596215565,52.999999999999986,2,1.4359356323441679E-6-3.435041802387482E-11i,0.0071796781617210845-1.7175209011937997E-7i
89.60769515458679,52.00000000000001,2,1.4359356323441679E-6-3.435041802387482E-11i,0.0071796781617210845-1.7175209011937997E-7i
91.33974596215565,51.000000000000036,2,1.4359356323441679E-6-3.435041802387482E-11i,0.0071796781617210845-1.7175209011937997E-7i
86.14359353944889,55.99999999999988,2,1.4359356323441679E-6-3.435041802387482E-11i,0.007179678161721084-1.7175209011937995E-7i
86.14359353944894,58.000000000000114,2,1.4359356323441679E-6-3.435041802387482E-11i,0.0071796781617210845-1.7175209011937997E-7i
86.14359353944903,53.999999999999815,2,1.4359356323441679E-6-3.435041802387482E-11i,0.0071796781617210845-1.7175209011937997E-7i
84.41154273188008,54.999999999999716,2,1.4359356323441679E-6-3.435041802387482E-11i,0.0071796781617210845-1.7175209011937997E-7i
82.67949192431111,62,2,1.4359356323441679E-6-3.435041802387482E-11i,0.007179678161721084-1.7175209011937997E-7i
80.94744111674227,63.000000000000284,2,1.4359356323441679E-6-3.435041802387482E-11i,0.007179678161721085-1.7175209011938E-7i
84.41154273188008,60.99999999999988,2,1.4359356323441679E-6-3.435041802387482E-11i,0.0071796781617210845-1.7175209011937997E-7i
82.67949192431132,59.999999999999915,2,1.4359356323441679E-6-3.435041802387482E-11i,0.0071796781617210845-1.7175209011937997E-7i
86.1435935394489,61.99999999999999,2,1.4359356323441679E-6-3.435041802387482E-11i,0.007179678161721084-1.7175209011937995E-7i
86.14359353944901,59.99999999999996,2,1.4359356323441679E-6-3.435041802387482E-11i,0.0071796781617210845-1.7175209011937997E-7i
84.41154273187996,57.000000000000036,2,1.4359356323441679E-6-3.435041802387482E-11i,0.007179678161721085-1.7175209011938E-7i
84.41154273188016,59.0000000000001,2,1.4359356323441679E-6-3.435041802387482E-11i,0.007179678161721084-1.7175209011937995E-7i
82.67949192431118,58.000000000000234,2,1.4359356323441679E-6-3.435041802387482E-11i,0.0071796781617210845-1.7175209011937997E-7i
80.94744111674231,60.99999999999978,2,1.4359356323441679E-6-3.435041802387482E-11i,0.007179678161721084-1.7175209011937995E-7i
80.94744111674247,59.0000000000002,2,1.4359356323441679E-6-3.435041802387482E-11i,0.0071796781617210845-1.7175209011937997E-7i
79.21539030917364,59.99999999999985,2,1.4359356323441679E-6-3.435041802387482E-11i,0.007179678161721085-1.7175209011938E-7i
79.21539030917327,61.999999999999986,2,1.4359356323441679E-6-3.435041802387482E-11i,0.007179678161721084-1.7175209011937997E-7i
79.21539030917337,58.00000000000049,2,1.4359356323441679E-6-3.435041802387482E-11i,0.007179678161721084-1.7175209011937997E-7i
80.94744111674257,65,2,1.4359356323441679E-6-3.435041802387482E-11i,0.007179678161721084-1.7175209011937995E-7i
79.21539030917363,64.0000000000004,2,1.4359356323441679E-6-3.435041802387482E-11i,0.007179678161721085-1.7175209011938E-7i
96.53589838486224,45.99999999999998,2,1.4359356323441679E-6-3.435041802387482E-11i,0.0071796781617210845-1.7175209011937997E-7i
94.80384757729334,46.99999999999999,2,1.4359356323441679E-6-3.435041802387482E-11i,0.007179678161721085-1.7175209011938E-7i
98.26794919243113,45,2,1.4359356323441679E-6-3.435041802387482E-11i,0.0071796781617210845-1.7175209011937997E-7i
100.00000000000003,44.00000000000001,2.0000000000000004,1.4359356323441679E-6-3.435041802387482E-11i,0.007179678161721084-1.7175209011937995E-7i
93.07179676972447,48.00000000000002,2,1.4359356323441679E-6-3.435041802387482E-11i,0.0071796781617210845-1.7175209011937997E-7i
91.3397459621556,49.000000000000036,2,1.4359356323441679E-6-3.435041802387482E-11i,0.0071796781617210845-1.7175209011937997E-7i
89.60769515458676,50.000000000000064,2,1.4359356323441679E-6-3.435041802387482E-11i,0.007179678161721085-1.7175209011938E-7i
100,42,2,1.4359356323441679E-6-3.435041802387482E-11i,0.007179678161721084-1.7175209011937995E-7i
98.2679491924311,43.00000000000001,2,1.4359356323441679E-6-3.435041802387482E-11i,0.0071796781617210845-1.7175209011937997E-7i
96.53589838486224,44.00000000000003,2,1.4359356323441679E-6-3.435041802387482E-11i,0.007179678161721084-1.7175209011937997E-7i
96.53589838486224,41.999999999999986,2,1.4359356323441679E-6-3.435041802387482E-11i,0.0071796781617210845-1.7175209011937997E-7i
94.80384757729334,43.00000000000001,2,1.4359356323441679E-6-3.435041802387482E-11i,0.0071796781617210845-1.7175209011937997E-7i
93.0717967697245,45.99999999999997,2,1.4359356323441679E-6-3.435041802387482E-11i,0.007179678161721084-1.7175209011937997E-7i
93.07179676972447,44.000000000000036,2,1.4359356323441679E-6-3.435041802387482E-11i,0.0071796781617210845-1.7175209011937997E-7i
91.33974596215563,45.000000000000014,2,1.4359356323441679E-6-3.435041802387482E-11i,0.007179678161721085-1.7175209011938E-7i
94.80384757729337,45.00000000000001,2,1.4359356323441679E-6-3.435041802387482E-11i,0.007179678161721084-1.7175209011937995E-7i
91.3397459621556,46.99999999999999,2,1.4359356323441679E-6-3.435041802387482E-11i,0.0071796781617210845-1.7175209011937997E-7i
96.53589838486225,37.99999999999999,2,1.4359356323441679E-6-3.435041802387482E-11i,0.0071796781617210845-1.7175209011937997E-7i
96.53589838486225,40,2,1.4359356323441679E-6-3.435041802387482E-11i,0.0071796781617210845-1.7175209011937997E-7i
96.53589838486225,36,2,1.4359356323441679E-6-3.435041802387482E-11i,0.0071796781617210845-1.7175209011937997E-7i
94.80384757729337,40.99999999999998,2,1.4359356323441679E-6-3.435041802387482E-11i,0.007179678161721085-1.7175209011938E-7i
100,30,2,1.4359356323441679E-6-3.435041802387482E-11i,0.007179678161721084-1.7175209011937995E-7i
98.26794919243112,31,2,1.4359356323441679E-6-3.435041802387482E-11i,0.0071796781617210845-1.7175209011937997E-7i
98.26794919243112,29,2,1.4359356323441679E-6-3.435041802387482E-11i,0.0071796781617210845-1.7175209011937997E-7i
100.00000000000003,28.000000000000007,2,1.4359356323441679E-6-3.435041802387482E-11i,0.007179678161721084-1.7175209011937995E-7i
100,32,1.9999999999999998,1.4359356323441679E-6-3.435041802387482E-11i,0.007179678161721084-1.7175209011937995E-7i
96.53589838486225,32,2,1.4359356323441679E-6-3.435041802387482E-11i,0.007179678161721084-1.7175209011937997E-7i
96.53589838486224,30,2,1.4359356323441679E-6-3.435041802387482E-11i,0.0071796781617210845-1.7175209011937997E-7i
98.26794919243113,33,2,1.4359356323441679E-6-3.435041802387482E-11i,0.0071796781617210845-1.7175209011937997E-7i
96.53589838486225,34,2,1.4359356323441679E-6-3.435041802387482E-11i,0.0071796781617210845-1.7175209011937997E-7i
94.80384757729337,31.000000000000014,2,1.4359356323441679E-6-3.435041802387482E-11i,0.0071796781617210845-1.7175209011937997E-7i
94.80384757729338,35,2,1.4359356323441679E-6-3.435041802387482E-11i,0.007179678161721085-1.7175209011938E-7i
100.00000000000003,24.000000000000007,2.0000000000000004,1.4359356323441679E-6-3.435041802387482E-11i,0.007179678161721084-1.7175209011937995E-7i
100,26,2,1.4359356323441679E-6-3.435041802387482E-11i,0.007179678161721084-1.7175209011937995E-7i
98.26794919243112,25,2,1.4359356323441679E-6-3.435041802387482E-11i,0.007179678161721085-1.7175209011938E-7i
98.26794919243112,23,2,1.4359356323441679E-6-3.435041802387482E-11i,0.0071796781617210845-1.7175209011937997E-7i
100,22,2,1.4359356323441679E-6-3.435041802387482E-11i,0.007179678161721084-1.7175209011937995E-7i
12,100.00000000000003,2,1.4359356323441679E-6-3.435041802387482E-11i,0.007179678161721084-1.7175209011937995E-7i
13,98.26794919243112,2,1.4359356323441679E-6-3.435041802387482E-11i,0.007179678161721085-1.7175209011938E-7i
11,98.26794919243113,2,1.4359356323441679E-6-3.435041802387482E-11i,0.0071796781617210845-1.7175209011937997E-7i
13.999999999999998,100,2,1.4359356323441679E-6-3.435041802387482E-11i,0.007179678161721084-1.7175209011937995E-7i
10,100,2,1.4359356323441679E-6-3.435041802387482E-11i,0.007179678161721084-1.7175209011937995E-7i
35.99999999999997,93.07179676972447,2,1.4359356323441679E-6-3.435041802387482E-11i,0.0071796781617210845-1.7175209011937997E-7i
34.999999999999986,94.80384757729337,2,1.4359356323441679E-6-3.435041802387482E-11i,0.0071796781617210845-1.7175209011937997E-7i
34,93.0717967697245,2,1.4359356323441679E-6-3.435041802387482E-11i,0.007179678161721085-1.7175209011938E-7i
38.00000000000002,93.07179676972447,2,1.4359356323441679E-6-3.435041802387482E-11i,0.0071796781617210845-1.7175209011937997E-7i
34,96.53589838486225,2,1.4359356323441679E-6-3.435041802387482E-11i,0.0071796781617210845-1.7175209011937997E-7i
33,98.26794919243112,2,1.4359356323441679E-6-3.435041802387482E-11i,0.0071796781617210845-1.7175209011937997E-7i
32.00000000000001,100.00000000000003,2,1.4359356323441679E-6-3.435041802387482E-11i,0.007179678161721084-1.7175209011937995E-7i
31,98.26794919243112,2,1.4359356323441679E-6-3.435041802387482E-11i,0.0071796781617210845-1.7175209011937997E-7i
32,96.53589838486224,2,1.4359356323441679E-6-3.435041802387482E-11i,0.007179678161721084-1.7175209011937997E-7i
30,96.53589838486225,2,1.4359356323441679E-6-3.435041802387482E-11i,0.0071796781617210845-1.7175209011937997E-7i
30.999999999999986,94.80384757729337,2,1.4359356323441679E-6-3.435041802387482E-11i,0.0071796781617210845-1.7175209011937997E-7i
30,100,2,1.4359356323441679E-6-3.435041802387482E-11i,0.007179678161721084-1.7175209011937995E-7i
29,98.26794919243112,2,1.4359356323441679E-6-3.435041802387482E-11i,0.0071796781617210845-1.7175209011937997E-7i
28,100,1.9999999999999998,1.4359356323441679E-6-3.435041802387482E-11i,0.007179678161721084-1.7175209011937995E-7i
77.48333950160462,71.00000000000013,2,1.4359356323441679E-6-3.435041802387482E-11i,0.007179678161721084-1.7175209011937995E-7i
75.75128869403565,70.00000000000038,2,1.4359356323441679E-6-3.435041802387482E-11i,0.007179678161721085-1.7175209011938E-7i
70.00000000000007,79.21539030917354,2,1.4359356323441679E-6-3.435041802387482E-11i,0.007179678161721084-1.7175209011937997E-7i
68.0000000000003,79.21539030917349,2,1.4359356323441679E-6-3.435041802387482E-11i,0.0071796781617210845-1.7175209011937997E-7i
71.00000000000011,77.48333950160463,2,1.4359356323441679E-6-3.435041802387482E-11i,0.0071796781617210845-1.7175209011937997E-7i
74.31098782718362,73.02117869233922,2,1.4359356323441679E-6-3.435041802387482E-11i,0.0071796781617210845-1.7175209011937997E-7i
72.96915990797689,74.36606333374472,2,1.4359356323441679E-6-3.435041802387482E-11i,0.0071796781617210845-1.7175209011937997E-7i
74.02617675938438,71.07213403326867,2,1.4359356323441679E-6-3.435041802387482E-11i,0.0071796781617210845-1.7175209011937997E-7i
72.14010477099502,72.26114622482542,2,1.4359356323441679E-6-3.435041802387482E-11i,0.007179678161721084-1.7175209011937997E-7i
72.40672687487884,70.08883655100817,2,1.4359356323441679E-6-3.435041802387482E-11i,0.0071796781617210845-1.7175209011937997E-7i
70.82617228706522,70.74397084294118,2,1.4359356323441679E-6-3.435041802387482E-11i,0.007179678161721084-1.7175209011937997E-7i
71.94183970131519,75.8961944336521,2,1.4359356323441679E-6-3.435041802387482E-11i,0.007179678161721084-1.7175209011937995E-7i
70.00000000000011,75.75128869403582,2,1.4359356323441679E-6-3.435041802387482E-11i,0.0071796781617210845-1.7175209011937997E-7i
70.9393453436632,74.1474921701917,2,1.4359356323441679E-6-3.435041802387482E-11i,0.007179678161721085-1.7175209011938E-7i
67.00000000000043,77.48333950160446,2,1.4359356323441679E-6-3.435041802387482E-11i,0.0071796781617210845-1.7175209011937997E-7i
66.00000000000017,79.21539030917327,2,1.4359356323441679E-6-3.435041802387482E-11i,0.0071796781617210845-1.7175209011937997E-7i
69.00000000000023,77.4833395016047,2,1.4359356323441679E-6-3.435041802387482E-11i,0.007179678161721084-1.7175209011937995E-7i
68.00000000000054,75.75128869403576,2,1.4359356323441679E-6-3.435041802387482E-11i,0.0071796781617210845-1.7175209011937997E-7i
77.48333950160443,63.0000000000005,2,1.4359356323441679E-6-3.435041802387482E-11i,0.007179678161721084-1.7175209011937997E-7i
77.48333950160455,60.99999999999959,2,1.4359356323441679E-6-3.435041802387482E-11i,0.0071796781617210845-1.7175209011937997E-7i
74.0893460239017,69.06348190384813,2,1.4359356323441679E-6-3.435041802387482E-11i,0.007179678161721084-1.7175209011937995E-7i
74.01923788646664,66.99999999999893,2,1.4359356323441679E-6-3.435041802387482E-11i,0.0071796781617210845-1.7175209011937997E-7i
72.35017589967919,68.04187619659523,2,1.4359356323441679E-6-3.435041802387482E-11i,0.0071796781617210845-1.7175209011937997E-7i
75.75128869403531,67.99999999999979,2,1.4359356323441679E-6-3.435041802387482E-11i,0.0071796781617210845-1.7175209011937997E-7i
75.751288694036,65.99999999999928,2,1.4359356323441679E-6-3.435041802387482E-11i,0.007179678161721085-1.7175209011938E-7i
74.01923788646755,65.00000000000001,2,1.4359356323441679E-6-3.435041802387482E-11i,0.007179678161721084-1.7175209011937997E-7i
75.75128869403599,64.00000000000071,2,1.4359356323441679E-6-3.435041802387482E-11i,0.0071796781617210845-1.7175209011937997E-7i
72.28718707889854,65.99999999999866,2,1.4359356323441679E-6-3.435041802387482E-11i,0.0071796781617210845-1.7175209011937997E-7i
74.01923788646656,63.0000000000009,2,1.4359356323441679E-6-3.435041802387482E-11i,0.0071796781617210845-1.7175209011937997E-7i
77.48333950160497,65,2,1.4359356323441679E-6-3.435041802387482E-11i,0.007179678161721084-1.7175209011937997E-7i
75.75128869403534,61.99999999999996,2,1.4359356323441679E-6-3.435041802387482E-11i,0.0071796781617210845-1.7175209011937997E-7i
77.48333950160446,66.99999999999946,2,1.4359356323441679E-6-3.435041802387482E-11i,0.007179678161721084-1.7175209011937997E-7i
60.999999999999936,84.41154273188022,2,1.4359356323441679E-6-3.435041802387482E-11i,0.0071796781617210845-1.7175209011937997E-7i
60.00000000000015,82.6794919243114,2,1.4359356323441679E-6-3.435041802387482E-11i,0.0071796781617210845-1.7175209011937997E-7i
59.000000000000256,84.41154273188016,2,1.4359356323441679E-6-3.435041802387482E-11i,0.0071796781617210845-1.7175209011937997E-7i
61.999999999999766,82.67949192431132,2,1.4359356323441679E-6-3.435041802387482E-11i,0.007179678161721084-1.7175209011937997E-7i
60.99999999999987,80.94744111674261,2,1.4359356323441679E-6-3.435041802387482E-11i,0.0071796781617210845-1.7175209011937997E-7i
61.999999999999886,86.14359353944903,2,1.4359356323441679E-6-3.435041802387482E-11i,0.007179678161721084-1.7175209011937995E-7i
60.99999999999997,87.87564434701792,2,1.4359356323441679E-6-3.435041802387482E-11i,0.0071796781617210845-1.7175209011937997E-7i
60.000000000000085,86.14359353944909,2,1.4359356323441679E-6-3.435041802387482E-11i,0.007179678161721084-1.7175209011937997E-7i
59.000000000000135,87.8756443470179,2,1.4359356323441679E-6-3.435041802387482E-11i,0.0071796781617210845-1.7175209011937997E-7i
57.00000000000005,87.8756443470178,2,1.4359356323441679E-6-3.435041802387482E-11i,0.0071796781617210845-1.7175209011937997E-7i
58.00000000000017,86.14359353944893,2,1.4359356323441679E-6-3.435041802387482E-11i,0.0071796781617210845-1.7175209011937997E-7i
57.000000000000085,84.41154273187998,2,1.4359356323441679E-6-3.435041802387482E-11i,0.0071796781617210845-1.7175209011937997E-7i
66.00000000000034,75.75128869403531,2,1.4359356323441679E-6-3.435041802387482E-11i,0.007179678161721084-1.7175209011937995E-7i
67.00000000000085,74.0192378864666,2,1.4359356323441679E-6-3.435041802387482E-11i,0.0071796781617210845-1.7175209011937997E-7i
63.999999999999325,75.75128869403531,2,1.4359356323441679E-6-3.435041802387482E-11i,0.007179678161721085-1.7175209011938E-7i
64.99999999999991,77.48333950160423,2,1.4359356323441679E-6-3.435041802387482E-11i,0.007179678161721084-1.7175209011937997E-7i
64.99999999999983,74.01923788646612,2,1.4359356323441679E-6-3.435041802387482E-11i,0.0071796781617210845-1.7175209011937997E-7i
62.99999999999965,80.94744111674234,2,1.4359356323441679E-6-3.435041802387482E-11i,0.007179678161721084-1.7175209011937995E-7i
61.99999999999952,79.21539030917366,2,1.4359356323441679E-6-3.435041802387482E-11i,0.0071796781617210845-1.7175209011937997E-7i
63.99999999999967,79.21539030917329,2,1.4359356323441679E-6-3.435041802387482E-11i,0.0071796781617210845-1.7175209011937997E-7i
62.99999999999926,77.48333950160455,2,1.4359356323441679E-6-3.435041802387482E-11i,0.0071796781617210845-1.7175209011937997E-7i
61.99999999999902,75.75128869403608,2,1.4359356323441679E-6-3.435041802387482E-11i,0.007179678161721084-1.7175209011937995E-7i
60.999999999999744,77.4833395016051,2,1.4359356323441679E-6-3.435041802387482E-11i,0.0071796781617210845-1.7175209011937997E-7i
60.00000000000059,75.75128869403642,2,1.4359356323441679E-6-3.435041802387482E-11i,0.007179678161721085-1.7175209011938E-7i
62.99999999999851,74.0192378864667,2,1.4359356323441679E-6-3.435041802387482E-11i,0.007179678161721084-1.7175209011937997E-7i
60.9999999999995,74.01923788646783,2,1.4359356323441679E-6-3.435041802387482E-11i,0.0071796781617210845-1.7175209011937997E-7i
60.0000000000003,79.21539030917384,2,1.4359356323441679E-6-3.435041802387482E-11i,0.0071796781617210845-1.7175209011937997E-7i
47.00000000000002,87.8756443470179,2,1.4359356323441679E-6-3.435041802387482E-11i,0.0071796781617210845-1.7175209011937997E-7i
49,87.8756443470179,2,1.4359356323441679E-6-3.435041802387482E-11i,0.0071796781617210845-1.7175209011937997E-7i
48.000000000000014,86.14359353944903,2,1.4359356323441679E-6-3.435041802387482E-11i,0.0071796781617210845-1.7175209011937997E-7i
55.99999999999996,86.14359353944891,2,1.4359356323441679E-6-3.435041802387482E-11i,0.007179678161721084-1.7175209011937997E-7i
54.99999999999992,84.41154273188008,2,1.4359356323441679E-6-3.435041802387482E-11i,0.0071796781617210845-1.7175209011937997E-7i
54.00000000000001,86.14359353944897,2,1.4359356323441679E-6-3.435041802387482E-11i,0.0071796781617210845-1.7175209011937997E-7i
55.999999999999915,82.6794919243111,2,1.4359356323441679E-6-3.435041802387482E-11i,0.0071796781617210845-1.7175209011937997E-7i
50.99999999999994,87.87564434701784,2,1.4359356323441679E-6-3.435041802387482E-11i,0.007179678161721084-1.7175209011937995E-7i
53.00000000000003,87.87564434701784,2,1.4359356323441679E-6-3.435041802387482E-11i,0.0071796781617210845-1.7175209011937997E-7i
51.99999999999997,86.14359353944893,2,1.4359356323441679E-6-3.435041802387482E-11i,0.0071796781617210845-1.7175209011937997E-7i
49.999999999999936,86.143593539449,2,1.4359356323441679E-6-3.435041802387482E-11i,0.0071796781617210845-1.7175209011937997E-7i
54.99999999999996,87.87564434701785,2,1.4359356323441679E-6-3.435041802387482E-11i,0.007179678161721084-1.7175209011937995E-7i
53.00000000000003,84.41154273188006,2,1.4359356323441679E-6-3.435041802387482E-11i,0.007179678161721084-1.7175209011937997E-7i
53.99999999999999,82.67949192431121,2,1.4359356323441679E-6-3.435041802387482E-11i,0.0071796781617210845-1.7175209011937997E-7i
50.99999999999989,84.41154273188008,2,1.4359356323441679E-6-3.435041802387482E-11i,0.0071796781617210845-1.7175209011937997E-7i
48.99999999999994,84.41154273188016,2,1.4359356323441679E-6-3.435041802387482E-11i,0.0071796781617210845-1.7175209011937997E-7i
49.99999999999985,82.67949192431124,2,1.4359356323441679E-6-3.435041802387482E-11i,0.0071796781617210845-1.7175209011937997E-7i
44.000000000000085,89.60769515458668,2,1.4359356323441679E-6-3.435041802387482E-11i,0.007179678161721085-1.7175209011938E-7i
43.00000000000001,91.33974596215556,2,1.4359356323441679E-6-3.435041802387482E-11i,0.007179678161721084-1.7175209011937997E-7i
41.99999999999997,93.07179676972447,2,1.4359356323441679E-6-3.435041802387482E-11i,0.0071796781617210845-1.7175209011937997E-7i
41.99999999999997,89.60769515458671,2,1.4359356323441679E-6-3.435041802387482E-11i,0.0071796781617210845-1.7175209011937997E-7i
39.000000000000014,94.80384757729337,2,1.4359356323441679E-6-3.435041802387482E-11i,0.007179678161721084-1.7175209011937995E-7i
40.00000000000001,93.07179676972447,2,1.4359356323441679E-6-3.435041802387482E-11i,0.007179678161721085-1.7175209011938E-7i
40.999999999999986,91.3397459621556,2,1.4359356323441679E-6-3.435041802387482E-11i,0.007179678161721084-1.7175209011937995E-7i
39.00000000000002,91.3397459621556,2,1.4359356323441679E-6-3.435041802387482E-11i,0.0071796781617210845-1.7175209011937997E-7i
40,89.60769515458674,2,1.4359356323441679E-6-3.435041802387482E-11i,0.0071796781617210845-1.7175209011937997E-7i
36.999999999999986,91.33974596215559,2,1.4359356323441679E-6-3.435041802387482E-11i,0.007179678161721084-1.7175209011937997E-7i
38.000000000000014,89.60769515458671,2,1.4359356323441679E-6-3.435041802387482E-11i,0.0071796781617210845-1.7175209011937997E-7i
35.99999999999996,89.60769515458671,2,1.4359356323441679E-6-3.435041802387482E-11i,0.0071796781617210845-1.7175209011937997E-7i
33.000000000000014,94.80384757729337,2,1.4359356323441679E-6-3.435041802387482E-11i,0.007179678161721084-1.7175209011937995E-7i
32,93.07179676972447,2,1.4359356323441679E-6-3.435041802387482E-11i,0.0071796781617210845-1.7175209011937997E-7i
34.99999999999997,91.33974596215563,2,1.4359356323441679E-6-3.435041802387482E-11i,0.007179678161721084-1.7175209011937995E-7i
33.000000000000014,91.3397459621556,2,1.4359356323441679E-6-3.435041802387482E-11i,0.0071796781617210845-1.7175209011937997E-7i
34,89.60769515458676,2,1.4359356323441679E-6-3.435041802387482E-11i,0.0071796781617210845-1.7175209011937997E-7i
47.00000000000005,84.41154273188019,2,1.4359356323441679E-6-3.435041802387482E-11i,0.007179678161721085-1.7175209011938E-7i
45.00000000000015,87.87564434701787,2,1.4359356323441679E-6-3.435041802387482E-11i,0.007179678161721084-1.7175209011937995E-7i
44.00000000000015,86.1435935394489,2,1.4359356323441679E-6-3.435041802387482E-11i,0.0071796781617210845-1.7175209011937997E-7i
46.000000000000114,86.14359353944904,2,1.4359356323441679E-6-3.435041802387482E-11i,0.0071796781617210845-1.7175209011937997E-7i
43.000000000000014,87.87564434701778,2,1.4359356323441679E-6-3.435041802387482E-11i,0.0071796781617210845-1.7175209011937997E-7i
45.00000000000025,84.4115427318801,2,1.4359356323441679E-6-3.435041802387482E-11i,0.0071796781617210845-1.7175209011937997E-7i
43.00000000000002,84.41154273187996,2,1.4359356323441679E-6-3.435041802387482E-11i,0.0071796781617210845-1.7175209011937997E-7i
44.000000000000256,82.6794919243111,2,1.4359356323441679E-6-3.435041802387482E-11i,0.007179678161721085-1.7175209011938E-7i
74.01923788646675,60.99999999999923,2,1.4359356323441679E-6-3.435041802387482E-11i,0.0071796781617210845-1.7175209011937997E-7i
75.75128869403605,59.999999999999744,2,1.4359356323441679E-6-3.435041802387482E-11i,0.0071796781617210845-1.7175209011937997E-7i
72.28718707889726,61.99999999999989,2,1.4359356323441679E-6-3.435041802387482E-11i,0.0071796781617210845-1.7175209011937997E-7i
80.00000000000001,48.28933166278782,1.0000000000000002,1.4358890518811242E-6-3.434930372714646E-11i,0.007179678161721086-1.7175209011937995E-7i
79.21539030917324,48.0000000000001,2,1.4359356323441677E-6-3.435041802387482E-11i,0.007179678161721085-1.7175209011937997E-7i
80.94744111674224,49.00000000000033,2,1.4359356323441679E-6-3.435041802387482E-11i,0.007179678161721085-1.7175209011938E-7i
79.21539030917353,50.000000000000576,2,1.4359356323441679E-6-3.435041802387482E-11i,0.007179678161721085-1.7175209011938E-7i
80.00000000000001,50,1.0000000000000002,1.435901018596341E-6-3.4349589994623066E-11i,0.007179678161721086-1.7175209011937992E-7i
80.94744111674254,51.0000000000003,2,1.4359356323441679E-6-3.435041802387482E-11i,0.007179678161721085-1.7175209011938E-7i
79.21539030917387,52.00000000000009,2,1.4359356323441679E-6-3.435041802387482E-11i,0.007179678161721085-1.7175209011938E-7i
78.28933166278782,50,1.0000000000000002,1.4359010580177459E-6-3.4349590937660987E-11i,0.007179678161721085-1.7175209011937997E-7i
78.90005144474915,48.87339506000386,1.0000000000000002,1.435893515565853E-6-3.43494105073063E-11i,0.007179678161721084-1.7175209011937997E-7i
77.48333950160436,49.00000000000057,2,1.4359356323441677E-6-3.435041802387482E-11i,0.007179678161721085-1.7175209011937997E-7i
77.48333950160496,51.00000000000064,2,1.4359356323441679E-6-3.435041802387482E-11i,0.007179678161721085-1.7175209011938E-7i
76.7106683372122,50,1.0000000000000002,1.435900984755078E-6-3.434958918507317E-11i,0.007179678161721086-1.7175209011937995E-7i
75.75128869403576,50.000000000001116,2,1.4359356323441679E-6-3.435041802387482E-11i,0.007179678161721085-1.7175209011938E-7i
75.7512886940365,52.00000000000021,2,1.4359356323441679E-6-3.435041802387482E-11i,0.0071796781617210845-1.7175209011937997E-7i
76.12831552948109,48.82475704900208,1.0000000000000002,1.435893082603648E-6-3.434940014999473E-11i,0.007179678161721084-1.7175209011937997E-7i
77.50643629369095,48.53505104193162,1.0000000000000002,1.435890907534137E-6-3.434934811803367E-11i,0.007179678161721085-1.7175209011937997E-7i
82.67949192431104,55.99999999999979,2,1.4359356323441679E-6-3.435041802387482E-11i,0.0071796781617210845-1.7175209011937997E-7i
82.67949192431132,53.999999999999645,2,1.4359356323441679E-6-3.435041802387482E-11i,0.0071796781617210845-1.7175209011937997E-7i
80.94744111674262,52.99999999999975,2,1.4359356323441679E-6-3.435041802387482E-11i,0.0071796781617210845-1.7175209011937997E-7i
82.67949192431144,52.000000000000036,2,1.4359356323441677E-6-3.435041802387482E-11i,0.007179678161721085-1.7175209011937997E-7i
80.94744111674225,54.99999999999947,2,1.4359356323441679E-6-3.435041802387482E-11i,0.0071796781617210845-1.7175209011937997E-7i
86.14359353944909,52.000000000000014,2,1.4359356323441679E-6-3.435041802387482E-11i,0.0071796781617210845-1.7175209011937997E-7i
87.87564434701792,51.00000000000007,2,1.4359356323441679E-6-3.435041802387482E-11i,0.0071796781617210845-1.7175209011937997E-7i
86.14359353944901,50.00000000000014,2,1.4359356323441679E-6-3.435041802387482E-11i,0.0071796781617210845-1.7175209011937997E-7i
84.41154273188025,52.99999999999987,2,1.4359356323441679E-6-3.435041802387482E-11i,0.007179678161721084-1.7175209011937997E-7i
87.87564434701784,49.000000000000085,2,1.4359356323441679E-6-3.435041802387482E-11i,0.007179678161721084-1.7175209011937997E-7i
86.14359353944893,48.00000000000006,2,1.4359356323441679E-6-3.435041802387482E-11i,0.0071796781617210845-1.7175209011937997E-7i
87.87564434701783,46.999999999999986,2,1.4359356323441679E-6-3.435041802387482E-11i,0.007179678161721085-1.7175209011938E-7i
84.41154273188008,49.00000000000017,2,1.4359356323441679E-6-3.435041802387482E-11i,0.0071796781617210845-1.7175209011937997E-7i
89.60769515458671,48.000000000000036,2,1.4359356323441679E-6-3.435041802387482E-11i,0.007179678161721084-1.7175209011937997E-7i
84.41154273188022,51.00000000000014,2,1.4359356323441679E-6-3.435041802387482E-11i,0.007179678161721084-1.7175209011937995E-7i
82.67949192431126,50.00000000000028,2,1.4359356323441679E-6-3.435041802387482E-11i,0.007179678161721085-1.7175209011938E-7i
74.0192378864673,59.0000000000008,2,1.4359356323441679E-6-3.435041802387482E-11i,0.007179678161721084-1.7175209011937995E-7i
72.28718707889863,59.999999999999545,2,1.4359356323441679E-6-3.435041802387482E-11i,0.0071796781617210845-1.7175209011937997E-7i
72.28718707889769,58.000000000001975,2,1.4359356323441679E-6-3.435041802387482E-11i,0.0071796781617210845-1.7175209011937997E-7i
74.01923788646589,57.00000000000071,2,1.4359356323441679E-6-3.435041802387482E-11i,0.0071796781617210845-1.7175209011937997E-7i
75.75128869403555,58.000000000000995,2,1.4359356323441679E-6-3.435041802387482E-11i,0.0071796781617210845-1.7175209011937997E-7i
77.48333950160483,59.000000000000405,2,1.4359356323441679E-6-3.435041802387482E-11i,0.0071796781617210845-1.7175209011937997E-7i
74.01923788646637,54.999999999998074,2,1.4359356323441679E-6-3.435041802387482E-11i,0.0071796781617210845-1.7175209011937997E-7i
75.75128869403497,55.999999999999396,2,1.4359356323441679E-6-3.435041802387482E-11i,0.007179678161721085-1.7175209011938E-7i
72.28718707889645,55.99999999999898,2,1.4359356323441679E-6-3.435041802387482E-11i,0.0071796781617210845-1.7175209011937997E-7i
79.21539030917364,53.9999999999993,2,1.4359356323441679E-6-3.435041802387482E-11i,0.007179678161721085-1.7175209011938E-7i
80.94744111674208,57.00000000000013,2,1.4359356323441679E-6-3.435041802387482E-11i,0.007179678161721084-1.7175209011937997E-7i
79.21539030917309,55.999999999999645,2,1.4359356323441679E-6-3.435041802387482E-11i,0.007179678161721085-1.7175209011938E-7i
77.48333950160439,54.99999999999899,2,1.4359356323441679E-6-3.435041802387482E-11i,0.007179678161721084-1.7175209011937995E-7i
75.75128869403603,53.99999999999861,2,1.4359356323441679E-6-3.435041802387482E-11i,0.0071796781617210845-1.7175209011937997E-7i
77.48333950160513,52.9999999999995,2,1.4359356323441679E-6-3.435041802387482E-11i,0.0071796781617210845-1.7175209011937997E-7i
77.48333950160409,57.00000000000031,2,1.4359356323441679E-6-3.435041802387482E-11i,0.0071796781617210845-1.7175209011937997E-7i
75.75128869403528,48.00000000000011,2,1.4359356323441677E-6-3.435041802387482E-11i,0.007179678161721085-1.7175209011937997E-7i
77.48333950160445,46.99999999999978,2,1.4359356323441677E-6-3.435041802387482E-11i,0.007179678161721085-1.7175209011937997E-7i
76.19788807469791,47.5082853568901,1.0000000000000002,1.435882119941129E-6-3.434913790144287E-11i,0.0071796781617210845-1.7175209011937997E-7i
75.75128869403582,45.999999999999815,2,1.4359356323441677E-6-3.435041802387482E-11i,0.007179678161721085-1.7175209011937997E-7i
80.94744111674225,46.99999999999991,2,1.4359356323441679E-6-3.435041802387482E-11i,0.007179678161721085-1.7175209011938E-7i
78.85020009461572,47.517373132741064,1.0000000000000002,1.4358823081833416E-6-3.4349142404568614E-11i,0.0071796781617210845-1.7175209011937997E-7i
79.21539030917351,45.99999999999992,2,1.4359356323441674E-6-3.435041802387482E-11i,0.007179678161721086-1.7175209011937995E-7i
77.50245366077952,46.49695121735006,1.0000000000000002,1.435871809510948E-6-3.4348891255577454E-11i,0.0071796781617210845-1.7175209011938E-7i
77.48333950160468,45.000000000000256,2,1.4359356323441679E-6-3.435041802387482E-11i,0.007179678161721085-1.7175209011938E-7i
78.90536869365727,46.14468468772489,1.0000000000000002,1.435867934495103E-6-3.434879855754063E-11i,0.0071796781617210845-1.7175209011937995E-7i
80.00000000000001,46.710668337212184,1,1.4358743092024067E-6-3.434895105313702E-11i,0.007179678161721086-1.7175209011937995E-7i
80.94744111674238,45.00000000000015,2,1.4359356323441679E-6-3.435041802387482E-11i,0.007179678161721085-1.7175209011938E-7i
82.67949192431111,48.000000000000085,2,1.4359356323441679E-6-3.435041802387482E-11i,0.007179678161721085-1.7175209011938E-7i
84.41154273188005,46.99999999999997,2,1.4359356323441679E-6-3.435041802387482E-11i,0.0071796781617210845-1.7175209011937997E-7i
82.67949192431125,45.99999999999996,2,1.4359356323441679E-6-3.435041802387482E-11i,0.0071796781617210845-1.7175209011937997E-7i
84.41154273188013,45.000000000000085,2,1.4359356323441679E-6-3.435041802387482E-11i,0.0071796781617210845-1.7175209011937997E-7i
82.67949192431115,44.00000000000018,2,1.4359356323441679E-6-3.435041802387482E-11i,0.007179678161721085-1.7175209011938E-7i
87.87564434701787,45.00000000000004,2,1.4359356323441679E-6-3.435041802387482E-11i,0.0071796781617210845-1.7175209011937997E-7i
86.14359353944899,45.99999999999998,2,1.4359356323441679E-6-3.435041802387482E-11i,0.007179678161721085-1.7175209011938E-7i
89.60769515458674,45.99999999999998,2,1.4359356323441679E-6-3.435041802387482E-11i,0.007179678161721084-1.7175209011937995E-7i
89.60769515458671,44.000000000000064,2,1.4359356323441679E-6-3.435041802387482E-11i,0.0071796781617210845-1.7175209011937997E-7i
86.14359353944894,44.0000000000001,2,1.4359356323441679E-6-3.435041802387482E-11i,0.0071796781617210845-1.7175209011937997E-7i
87.87564434701778,43.000000000000014,2,1.4359356323441679E-6-3.435041802387482E-11i,0.0071796781617210845-1.7175209011937997E-7i
91.33974596215556,43.00000000000001,2,1.4359356323441679E-6-3.435041802387482E-11i,0.007179678161721084-1.7175209011937995E-7i
93.07179676972447,41.999999999999964,2,1.4359356323441679E-6-3.435041802387482E-11i,0.0071796781617210845-1.7175209011937997E-7i
91.3397459621556,40.99999999999996,2,1.4359356323441679E-6-3.435041802387482E-11i,0.0071796781617210845-1.7175209011937997E-7i
89.6076951545867,41.999999999999936,2,1.4359356323441679E-6-3.435041802387482E-11i,0.0071796781617210845-1.7175209011937997E-7i
87.87564434701785,40.99999999999991,2,1.4359356323441679E-6-3.435041802387482E-11i,0.007179678161721085-1.7175209011938E-7i
94.80384757729337,39,2,1.4359356323441679E-6-3.435041802387482E-11i,0.007179678161721084-1.7175209011937995E-7i
93.0717967697245,39.999999999999986,2,1.4359356323441679E-6-3.435041802387482E-11i,0.0071796781617210845-1.7175209011937997E-7i
94.80384757729338,36.99999999999999,2,1.4359356323441679E-6-3.435041802387482E-11i,0.007179678161721084-1.7175209011937997E-7i
93.0717967697245,37.999999999999986,2,1.4359356323441679E-6-3.435041802387482E-11i,0.0071796781617210845-1.7175209011937997E-7i
93.07179676972451,36,2,1.4359356323441679E-6-3.435041802387482E-11i,0.0071796781617210845-1.7175209011937997E-7i
80.00000000000001,45,1.0000000000000002,1.4358529216039492E-6-3.434843941951577E-11i,0.007179678161721086-1.7175209011937995E-7i
79.21539030917336,44.00000000000032,2,1.4359356323441679E-6-3.435041802387482E-11i,0.007179678161721085-1.7175209011938E-7i
78.28933166278783,45.00000000000001,1.0000000000000002,1.435852942534135E-6-3.4348439920207134E-11i,0.007179678161721086-1.7175209011937995E-7i
77.48333950160423,43.000000000000156,2,1.4359356323441677E-6-3.435041802387482E-11i,0.007179678161721085-1.7175209011937997E-7i
80.94744111674214,43.00000000000007,2,1.4359356323441679E-6-3.435041802387482E-11i,0.007179678161721085-1.7175209011938E-7i
84.41154273187999,43.00000000000002,2,1.4359356323441679E-6-3.435041802387482E-11i,0.0071796781617210845-1.7175209011937997E-7i
82.6794919243111,41.999999999999844,2,1.4359356323441679E-6-3.435041802387482E-11i,0.007179678161721085-1.7175209011938E-7i
91.33974596215563,36.999999999999986,2,1.4359356323441679E-6-3.435041802387482E-11i,0.0071796781617210845-1.7175209011937997E-7i
91.33974596215563,38.99999999999997,2,1.4359356323441679E-6-3.435041802387482E-11i,0.007179678161721084-1.7175209011937997E-7i
89.60769515458676,37.99999999999996,2,1.4359356323441679E-6-3.435041802387482E-11i,0.0071796781617210845-1.7175209011937997E-7i
89.60769515458674,39.999999999999964,2,1.4359356323441679E-6-3.435041802387482E-11i,0.007179678161721085-1.7175209011938E-7i
94.80384757729338,33,2,1.4359356323441679E-6-3.435041802387482E-11i,0.007179678161721084-1.7175209011937995E-7i
93.07179676972451,34,2,1.4359356323441679E-6-3.435041802387482E-11i,0.0071796781617210845-1.7175209011937997E-7i
93.0717967697245,32.000000000000014,2,1.4359356323441679E-6-3.435041802387482E-11i,0.0071796781617210845-1.7175209011937997E-7i
91.33974596215565,35,2,1.4359356323441679E-6-3.435041802387482E-11i,0.0071796781617210845-1.7175209011937997E-7i
96.53589838486224,26,2,1.4359356323441679E-6-3.435041802387482E-11i,0.007179678161721084-1.7175209011937995E-7i
96.53589838486224,28,2,1.4359356323441679E-6-3.435041802387482E-11i,0.0071796781617210845-1.7175209011937997E-7i
94.80384757729337,27,2,1.4359356323441679E-6-3.435041802387482E-11i,0.007179678161721084-1.7175209011937997E-7i
94.80384757729337,25.000000000000014,2,1.4359356323441679E-6-3.435041802387482E-11i,0.0071796781617210845-1.7175209011937997E-7i
98.26794919243112,27,2,1.4359356323441679E-6-3.435041802387482E-11i,0.0071796781617210845-1.7175209011937997E-7i
96.53589838486224,24,2,1.4359356323441679E-6-3.435041802387482E-11i,0.0071796781617210845-1.7175209011937997E-7i
94.80384757729337,29.000000000000014,2,1.4359356323441679E-6-3.435041802387482E-11i,0.0071796781617210845-1.7175209011937997E-7i
91.33974596215563,33.00000000000003,2,1.4359356323441679E-6-3.435041802387482E-11i,0.007179678161721084-1.7175209011937995E-7i
91.3397459621556,31.00000000000003,2,1.4359356323441679E-6-3.435041802387482E-11i,0.007179678161721085-1.7175209011938E-7i
89.60769515458674,32.00000000000004,2,1.4359356323441679E-6-3.435041802387482E-11i,0.0071796781617210845-1.7175209011937997E-7i
89.60769515458676,34.00000000000004,2,1.4359356323441679E-6-3.435041802387482E-11i,0.0071796781617210845-1.7175209011937997E-7i
93.07179676972447,28,2,1.4359356323441679E-6-3.435041802387482E-11i,0.0071796781617210845-1.7175209011937997E-7i
93.0717967697245,26,2,1.4359356323441679E-6-3.435041802387482E-11i,0.0071796781617210845-1.7175209011937997E-7i
91.3397459621556,26.999999999999986,2,1.4359356323441679E-6-3.435041802387482E-11i,0.007179678161721085-1.7175209011938E-7i
93.0717967697245,30.00000000000003,2,1.4359356323441679E-6-3.435041802387482E-11i,0.007179678161721084-1.7175209011937997E-7i
91.33974596215559,29.000000000000043,2,1.4359356323441679E-6-3.435041802387482E-11i,0.007179678161721084-1.7175209011937995E-7i
89.60769515458671,28,2,1.4359356323441679E-6-3.435041802387482E-11i,0.007179678161721084-1.7175209011937997E-7i
89.60769515458674,30.000000000000057,2,1.4359356323441679E-6-3.435041802387482E-11i,0.0071796781617210845-1.7175209011937997E-7i
96.53589838486224,22,2,1.4359356323441679E-6-3.435041802387482E-11i,0.0071796781617210845-1.7175209011937997E-7i
94.80384757729337,22.999999999999986,2,1.4359356323441679E-6-3.435041802387482E-11i,0.0071796781617210845-1.7175209011937997E-7i
98.26794919243113,21,2,1.4359356323441679E-6-3.435041802387482E-11i,0.0071796781617210845-1.7175209011937997E-7i
93.07179676972447,24.000000000000014,2,1.4359356323441679E-6-3.435041802387482E-11i,0.0071796781617210845-1.7175209011937997E-7i
93.0717967697245,21.99999999999997,2,1.4359356323441679E-6-3.435041802387482E-11i,0.0071796781617210845-1.7175209011937997E-7i
100,20,2,1.4359356323441679E-6-3.435041802387482E-11i,0.007179678161721084-1.7175209011937995E-7i
96.53589838486225,20,2,1.4359356323441679E-6-3.435041802387482E-11i,0.007179678161721084-1.7175209011937997E-7i
96.53589838486225,18,2,1.4359356323441679E-6-3.435041802387482E-11i,0.0071796781617210845-1.7175209011937997E-7i
94.80384757729337,19,2,1.4359356323441679E-6-3.435041802387482E-11i,0.0071796781617210845-1.7175209011937997E-7i
98.26794919243113,19,2,1.4359356323441679E-6-3.435041802387482E-11i,0.0071796781617210845-1.7175209011937997E-7i
100,18,2,1.4359356323441679E-6-3.435041802387482E-11i,0.007179678161721084-1.7175209011937995E-7i
98.26794919243113,17,2,1.4359356323441679E-6-3.435041802387482E-11i,0.0071796781617210845-1.7175209011937997E-7i
100,16,2,1.4359356323441679E-6-3.435041802387482E-11i,0.007179678161721084-1.7175209011937995E-7i
98.26794919243113,15,2,1.4359356323441679E-6-3.435041802387482E-11i,0.0071796781617210845-1.7175209011937997E-7i
100,14,2,1.4359356323441679E-6-3.435041802387482E-11i,0.007179678161721084-1.7175209011937995E-7i
100,12.000000000000002,1.9999999999999998,1.4359356323441679E-6-3.435041802387482E-11i,0.007179678161721084-1.7175209011937995E-7i
98.26794919243113,13,2,1.4359356323441679E-6-3.435041802387482E-11i,0.0071796781617210845-1.7175209011937997E-7i
98.26794919243112,11,2,1.4359356323441679E-6-3.435041802387482E-11i,0.0071796781617210845-1.7175209011937997E-7i
100,10,2,1.4359356323441679E-6-3.435041802387482E-11i,0.007179678161721084-1.7175209011937995E-7i
0,100,2,1.4359356323441679E-6-3.435041802387482E-11i,0.007179678161721084-1.7175209011937995E-7i
1.4481192983392077,98.72200185749948,2,1.4359356323441679E-6-3.435041802387482E-11i,0.007179678161721084-1.7175209011937997E-7i
0,98.00000000000001,2,1.4359356323441679E-6-3.435041802387482E-11i,0.007179678161721084-1.7175209011937995E-7i
1.9999999999999996,100,2,1.4359356323441679E-6-3.435041802387482E-11i,0.007179678161721084-1.7175209011937995E-7i
5.999999999999998,100,2,1.4359356323441679E-6-3.435041802387482E-11i,0.007179678161721084-1.7175209011937995E-7i
5.020393780307714,98.33008514591141,2,1.4359356323441679E-6-3.435041802387482E-11i,0.0071796781617210845-1.7175209011937997E-7i
3.999999999999999,100,2,1.4359356323441679E-6-3.435041802387482E-11i,0.007179678161721084-1.7175209011937995E-7i
7,98.26794919243112,2,1.4359356323441679E-6-3.435041802387482E-11i,0.007179678161721085-1.7175209011938E-7i
7.999999999999997,100,1.9999999999999998,1.4359356323441679E-6-3.435041802387482E-11i,0.007179678161721084-1.7175209011937995E-7i
9,98.26794919243113,2,1.4359356323441679E-6-3.435041802387482E-11i,0.0071796781617210845-1.7175209011937997E-7i
10,96.53589838486225,2,1.4359356323441679E-6-3.435041802387482E-11i,0.0071796781617210845-1.7175209011937997E-7i
12,96.53589838486225,2,1.4359356323441679E-6-3.435041802387482E-11i,0.0071796781617210845-1.7175209011937997E-7i
11,94.80384757729338,2,1.4359356323441679E-6-3.435041802387482E-11i,0.0071796781617210845-1.7175209011937997E-7i
17,98.26794919243112,2,1.4359356323441679E-6-3.435041802387482E-11i,0.0071796781617210845-1.7175209011937997E-7i
16,96.53589838486225,2,1.4359356323441679E-6-3.435041802387482E-11i,0.0071796781617210845-1.7175209011937997E-7i
18,96.53589838486225,2,1.4359356323441679E-6-3.435041802387482E-11i,0.0071796781617210845-1.7175209011937997E-7i
19,98.26794919243113,2,1.4359356323441679E-6-3.435041802387482E-11i,0.0071796781617210845-1.7175209011937997E-7i
15,98.26794919243113,2,1.4359356323441679E-6-3.435041802387482E-11i,0.0071796781617210845-1.7175209011937997E-7i
17,94.80384757729337,2,1.4359356323441679E-6-3.435041802387482E-11i,0.0071796781617210845-1.7175209011937997E-7i
14.000000000000028,96.53589838486224,2,1.4359356323441679E-6-3.435041802387482E-11i,0.007179678161721084-1.7175209011937997E-7i
15.000000000000014,94.80384757729338,2,1.4359356323441679E-6-3.435041802387482E-11i,0.0071796781617210845-1.7175209011937997E-7i
18,100,2,1.4359356323441679E-6-3.435041802387482E-11i,0.007179678161721084-1.7175209011937995E-7i
20,100,2,1.4359356323441679E-6-3.435041802387482E-11i,0.007179678161721084-1.7175209011937995E-7i
16.000000000000004,100.00000000000003,2.0000000000000004,1.4359356323441679E-6-3.435041802387482E-11i,0.007179678161721084-1.7175209011937995E-7i
30.99999999999997,91.3397459621556,2,1.4359356323441679E-6-3.435041802387482E-11i,0.007179678161721084-1.7175209011937997E-7i
32,89.60769515458671,2,1.4359356323441679E-6-3.435041802387482E-11i,0.0071796781617210845-1.7175209011937997E-7i
29.999999999999986,93.0717967697245,2,1.4359356323441679E-6-3.435041802387482E-11i,0.0071796781617210845-1.7175209011937997E-7i
29.99999999999997,89.60769515458675,2,1.4359356323441679E-6-3.435041802387482E-11i,0.0071796781617210845-1.7175209011937997E-7i
20,96.53589838486225,2,1.4359356323441679E-6-3.435041802387482E-11i,0.0071796781617210845-1.7175209011937997E-7i
21,98.26794919243112,2,1.4359356323441679E-6-3.435041802387482E-11i,0.0071796781617210845-1.7175209011937997E-7i
22,96.53589838486225,2,1.4359356323441679E-6-3.435041802387482E-11i,0.0071796781617210845-1.7175209011937997E-7i
28,96.53589838486225,2,1.4359356323441679E-6-3.435041802387482E-11i,0.0071796781617210845-1.7175209011937997E-7i
27,98.26794919243112,2,1.4359356323441679E-6-3.435041802387482E-11i,0.0071796781617210845-1.7175209011937997E-7i
29,94.80384757729338,2,1.4359356323441679E-6-3.435041802387482E-11i,0.0071796781617210845-1.7175209011937997E-7i
25,94.80384757729337,2,1.4359356323441679E-6-3.435041802387482E-11i,0.0071796781617210845-1.7175209011937997E-7i
23.999999999999986,93.0717967697245,2,1.4359356323441679E-6-3.435041802387482E-11i,0.007179678161721085-1.7175209011938E-7i
22.999999999999986,94.80384757729337,2,1.4359356323441679E-6-3.435041802387482E-11i,0.0071796781617210845-1.7175209011937997E-7i
24,96.53589838486224,2,1.4359356323441679E-6-3.435041802387482E-11i,0.0071796781617210845-1.7175209011937997E-7i
26.00000000000003,93.0717967697245,2,1.4359356323441679E-6-3.435041802387482E-11i,0.0071796781617210845-1.7175209011937997E-7i
27.000000000000014,94.80384757729337,2,1.4359356323441679E-6-3.435041802387482E-11i,0.007179678161721084-1.7175209011937995E-7i
28.000000000000014,93.0717967697245,2,1.4359356323441679E-6-3.435041802387482E-11i,0.007179678161721085-1.7175209011938E-7i
26,96.53589838486224,2,1.4359356323441679E-6-3.435041802387482E-11i,0.007179678161721084-1.7175209011937997E-7i
29,91.33974596215563,2,1.4359356323441679E-6-3.435041802387482E-11i,0.007179678161721084-1.7175209011937995E-7i
27.00000000000003,91.3397459621556,2,1.4359356323441679E-6-3.435041802387482E-11i,0.0071796781617210845-1.7175209011937997E-7i
28.00000000000003,89.60769515458676,2,1.4359356323441679E-6-3.435041802387482E-11i,0.0071796781617210845-1.7175209011937997E-7i
25,91.3397459621556,2,1.4359356323441679E-6-3.435041802387482E-11i,0.0071796781617210845-1.7175209011937997E-7i
26.00000000000003,89.60769515458672,2,1.4359356323441679E-6-3.435041802387482E-11i,0.0071796781617210845-1.7175209011937997E-7i
25,98.26794919243112,2,1.4359356323441679E-6-3.435041802387482E-11i,0.0071796781617210845-1.7175209011937997E-7i
26,100,2,1.4359356323441679E-6-3.435041802387482E-11i,0.007179678161721084-1.7175209011937995E-7i
23,98.26794919243112,2,1.4359356323441679E-6-3.435041802387482E-11i,0.0071796781617210845-1.7175209011937997E-7i
22.000000000000014,100,2,1.4359356323441679E-6-3.435041802387482E-11i,0.007179678161721084-1.7175209011937995E-7i
24,100,2,1.4359356323441679E-6-3.435041802387482E-11i,0.007179678161721084-1.7175209011937995E-7i
70.69815753168194,68.99614575874574,2,1.4359356323441679E-6-3.435041802387482E-11i,0.007179678161721084-1.7175209011937995E-7i
70.64936410296522,67.0133875850806,2,1.4359356323441679E-6-3.435041802387482E-11i,0.0071796781617210845-1.7175209011937997E-7i
69.03859922111752,70.2858133659938,2,1.435935632344168E-6-3.435041802387482E-11i,0.0071796781617210845-1.7175209011938E-7i
69.0157993154016,68.08462838448784,2,1.4359356323441679E-6-3.435041802387482E-11i,0.0071796781617210845-1.7175209011937997E-7i
72.28718707889846,64.00000000000134,2,1.4359356323441679E-6-3.435041802387482E-11i,0.007179678161721084-1.7175209011937995E-7i
70.55513627133043,65.00000000000009,2,1.4359356323441679E-6-3.435041802387482E-11i,0.0071796781617210845-1.7175209011937997E-7i
70.55513627132855,63.000000000001634,2,1.4359356323441679E-6-3.435041802387482E-11i,0.0071796781617210845-1.7175209011937997E-7i
68.89110592316966,66.00234595795395,2,1.4359356323441679E-6-3.435041802387482E-11i,0.0071796781617210845-1.7175209011937997E-7i
67.54118571833371,69.00216945243017,2,1.4359356323441679E-6-3.435041802387482E-11i,0.007179678161721084-1.7175209011937997E-7i
67.05224429662651,67.04207907122068,2,1.435935632344168E-6-3.435041802387482E-11i,0.0071796781617210845-1.7175209011938E-7i
67.20682758139816,64.99947870595746,2,1.4359356323441679E-6-3.435041802387482E-11i,0.0071796781617210845-1.7175209011937997E-7i
69.91643095937376,72.25795410797706,2,1.4359356323441679E-6-3.435041802387482E-11i,0.007179678161721084-1.7175209011937995E-7i
68.91211884807825,74.05077230509696,2,1.4359356323441679E-6-3.435041802387482E-11i,0.0071796781617210845-1.7175209011937997E-7i
67.9898667609626,72.17277223725155,2,1.4359356323441679E-6-3.435041802387482E-11i,0.0071796781617210845-1.7175209011937997E-7i
66.92086066146373,70.52711812231934,2,1.4359356323441679E-6-3.435041802387482E-11i,0.0071796781617210845-1.7175209011937997E-7i
65.90717736440688,68.84984402934828,2,1.4359356323441679E-6-3.435041802387482E-11i,0.0071796781617210845-1.7175209011937997E-7i
65.96508984543719,72.25767123209532,2,1.4359356323441679E-6-3.435041802387482E-11i,0.007179678161721084-1.7175209011937997E-7i
63.99999999999865,72.28718707889712,2,1.4359356323441679E-6-3.435041802387482E-11i,0.007179678161721085-1.7175209011938E-7i
70.55513627132896,60.99999999999855,2,1.4359356323441679E-6-3.435041802387482E-11i,0.007179678161721084-1.7175209011937995E-7i
70.55513627133001,59.00000000000158,2,1.4359356323441679E-6-3.435041802387482E-11i,0.0071796781617210845-1.7175209011937997E-7i
68.82308546375896,61.99999999999973,2,1.4359356323441679E-6-3.435041802387482E-11i,0.0071796781617210845-1.7175209011937997E-7i
68.82308546376153,59.99999999999916,2,1.4359356323441679E-6-3.435041802387482E-11i,0.0071796781617210845-1.7175209011937997E-7i
58.000000000000625,79.21539030917333,2,1.4359356323441679E-6-3.435041802387482E-11i,0.0071796781617210845-1.7175209011937997E-7i
57.00000000000016,80.94744111674211,2,1.4359356323441679E-6-3.435041802387482E-11i,0.0071796781617210845-1.7175209011937997E-7i
59.00000000000048,80.94744111674247,2,1.4359356323441679E-6-3.435041802387482E-11i,0.0071796781617210845-1.7175209011937997E-7i
55.99999999999985,79.21539030917323,2,1.4359356323441679E-6-3.435041802387482E-11i,0.007179678161721084-1.7175209011937995E-7i
54.99999999999986,80.9474411167423,2,1.4359356323441679E-6-3.435041802387482E-11i,0.0071796781617210845-1.7175209011937997E-7i
53.99999999999996,79.21539030917346,2,1.4359356323441679E-6-3.435041802387482E-11i,0.007179678161721084-1.7175209011937997E-7i
57.00000000000032,77.48333950160415,2,1.4359356323441679E-6-3.435041802387482E-11i,0.0071796781617210845-1.7175209011937997E-7i
54.9999999999997,77.48333950160449,2,1.4359356323441679E-6-3.435041802387482E-11i,0.0071796781617210845-1.7175209011937997E-7i
59.00000000000092,77.4833395016048,2,1.4359356323441679E-6-3.435041802387482E-11i,0.0071796781617210845-1.7175209011937997E-7i
53.00000000000003,80.94744111674228,2,1.4359356323441679E-6-3.435041802387482E-11i,0.0071796781617210845-1.7175209011937997E-7i
58.00000000000033,82.67949192431115,2,1.4359356323441679E-6-3.435041802387482E-11i,0.007179678161721084-1.7175209011937995E-7i
50.999999999999815,80.94744111674228,2,1.4359356323441679E-6-3.435041802387482E-11i,0.0071796781617210845-1.7175209011937997E-7i
48.99999999999984,80.94744111674243,2,1.4359356323441679E-6-3.435041802387482E-11i,0.007179678161721085-1.7175209011938E-7i
51.99999999999994,82.67949192431115,2,1.4359356323441679E-6-3.435041802387482E-11i,0.007179678161721084-1.7175209011937995E-7i
51.99999999999992,79.21539030917333,2,1.4359356323441679E-6-3.435041802387482E-11i,0.007179678161721084-1.7175209011937997E-7i
53.00000000000005,77.4833395016045,2,1.4359356323441679E-6-3.435041802387482E-11i,0.0071796781617210845-1.7175209011937997E-7i
53.999999999999865,75.75128869403572,2,1.4359356323441679E-6-3.435041802387482E-11i,0.007179678161721084-1.7175209011937995E-7i
55.99999999999972,75.75128869403525,2,1.4359356323441679E-6-3.435041802387482E-11i,0.007179678161721084-1.7175209011937997E-7i
51.99999999999989,75.7512886940355,2,1.4359356323441679E-6-3.435041802387482E-11i,0.007179678161721084-1.7175209011937997E-7i
54.99999999999938,74.01923788646664,2,1.4359356323441679E-6-3.435041802387482E-11i,0.0071796781617210845-1.7175209011937997E-7i
53.00000000000007,74.01923788646674,2,1.4359356323441679E-6-3.435041802387482E-11i,0.0071796781617210845-1.7175209011937997E-7i
61.99999999999803,72.28718707889868,2,1.4359356323441679E-6-3.435041802387482E-11i,0.0071796781617210845-1.7175209011937997E-7i
59.00000000000176,74.01923788646721,2,1.4359356323441679E-6-3.435041802387482E-11i,0.007179678161721084-1.7175209011937997E-7i
60.00000000000118,72.28718707889931,2,1.4359356323441679E-6-3.435041802387482E-11i,0.0071796781617210845-1.7175209011937997E-7i
58.000000000002224,72.28718707889736,2,1.4359356323441679E-6-3.435041802387482E-11i,0.0071796781617210845-1.7175209011937997E-7i
57.00000000000059,74.019237886466,2,1.4359356323441679E-6-3.435041802387482E-11i,0.0071796781617210845-1.7175209011937997E-7i
58.00000000000118,75.75128869403541,2,1.4359356323441679E-6-3.435041802387482E-11i,0.007179678161721084-1.7175209011937995E-7i
50.99999999999969,77.48333950160446,2,1.4359356323441679E-6-3.435041802387482E-11i,0.007179678161721085-1.7175209011938E-7i
47.999999999999964,82.67949192431132,2,1.4359356323441679E-6-3.435041802387482E-11i,0.007179678161721084-1.7175209011937995E-7i
46.00000000000021,82.67949192431132,2,1.4359356323441679E-6-3.435041802387482E-11i,0.007179678161721084-1.7175209011937997E-7i
47.00000000000008,80.94744111674251,2,1.4359356323441679E-6-3.435041802387482E-11i,0.0071796781617210845-1.7175209011937997E-7i
39.00000000000004,87.87564434701784,2,1.4359356323441679E-6-3.435041802387482E-11i,0.0071796781617210845-1.7175209011937997E-7i
36.99999999999997,87.87564434701781,2,1.4359356323441679E-6-3.435041802387482E-11i,0.007179678161721085-1.7175209011938E-7i
40.99999999999996,87.87564434701785,2,1.4359356323441679E-6-3.435041802387482E-11i,0.007179678161721085-1.7175209011938E-7i
41.999999999999844,82.67949192431112,2,1.4359356323441679E-6-3.435041802387482E-11i,0.0071796781617210845-1.7175209011937997E-7i
40.9999999999999,84.4115427318801,2,1.4359356323441679E-6-3.435041802387482E-11i,0.007179678161721085-1.7175209011938E-7i
40.00000000000002,82.67949192431126,2,1.4359356323441679E-6-3.435041802387482E-11i,0.0071796781617210845-1.7175209011937997E-7i
41.99999999999992,86.14359353944891,2,1.4359356323441679E-6-3.435041802387482E-11i,0.007179678161721084-1.7175209011937997E-7i
40.00000000000001,86.143593539449,2,1.4359356323441679E-6-3.435041802387482E-11i,0.007179678161721084-1.7175209011937995E-7i
39.000000000000085,84.41154273188008,2,1.4359356323441679E-6-3.435041802387482E-11i,0.0071796781617210845-1.7175209011937997E-7i
38.000000000000036,86.14359353944893,2,1.4359356323441679E-6-3.435041802387482E-11i,0.007179678161721084-1.7175209011937997E-7i
38.00000000000007,82.67949192431112,2,1.4359356323441679E-6-3.435041802387482E-11i,0.007179678161721084-1.7175209011937995E-7i
39.00000000000017,80.94744111674234,2,1.4359356323441679E-6-3.435041802387482E-11i,0.0071796781617210845-1.7175209011937997E-7i
36.9999999999999,80.9474411167422,2,1.4359356323441679E-6-3.435041802387482E-11i,0.0071796781617210845-1.7175209011937997E-7i
36.99999999999995,84.41154273188002,2,1.4359356323441679E-6-3.435041802387482E-11i,0.0071796781617210845-1.7175209011937997E-7i
35.99999999999983,82.67949192431118,2,1.4359356323441679E-6-3.435041802387482E-11i,0.0071796781617210845-1.7175209011937997E-7i
35.9999999999999,86.14359353944894,2,1.4359356323441679E-6-3.435041802387482E-11i,0.007179678161721084-1.7175209011937997E-7i
34.9999999999999,84.41154273188013,2,1.4359356323441679E-6-3.435041802387482E-11i,0.0071796781617210845-1.7175209011937997E-7i
34.99999999999994,87.87564434701787,2,1.4359356323441679E-6-3.435041802387482E-11i,0.0071796781617210845-1.7175209011937997E-7i
33.00000000000003,87.87564434701784,2,1.4359356323441679E-6-3.435041802387482E-11i,0.0071796781617210845-1.7175209011937997E-7i
30.999999999999957,87.87564434701784,2,1.4359356323441679E-6-3.435041802387482E-11i,0.0071796781617210845-1.7175209011937997E-7i
34.000000000000014,86.143593539449,2,1.4359356323441679E-6-3.435041802387482E-11i,0.0071796781617210845-1.7175209011937997E-7i
32,86.14359353944894,2,1.4359356323441679E-6-3.435041802387482E-11i,0.007179678161721084-1.7175209011937995E-7i
30.9999999999999,84.41154273188008,2,1.4359356323441679E-6-3.435041802387482E-11i,0.0071796781617210845-1.7175209011937997E-7i
29.999999999999915,86.143593539449,2,1.4359356323441679E-6-3.435041802387482E-11i,0.0071796781617210845-1.7175209011937997E-7i
33.00000000000007,84.41154273188008,2,1.4359356323441679E-6-3.435041802387482E-11i,0.0071796781617210845-1.7175209011937997E-7i
27.000000000000057,87.87564434701787,2,1.4359356323441679E-6-3.435041802387482E-11i,0.007179678161721084-1.7175209011937995E-7i
25,87.87564434701784,2,1.4359356323441679E-6-3.435041802387482E-11i,0.0071796781617210845-1.7175209011937997E-7i
26.00000000000007,86.14359353944897,2,1.4359356323441679E-6-3.435041802387482E-11i,0.0071796781617210845-1.7175209011937997E-7i
28.000000000000057,86.14359353944903,2,1.4359356323441679E-6-3.435041802387482E-11i,0.007179678161721084-1.7175209011937997E-7i
29,87.8756443470179,2,1.4359356323441679E-6-3.435041802387482E-11i,0.0071796781617210845-1.7175209011937997E-7i
27.000000000000114,84.41154273188012,2,1.4359356323441679E-6-3.435041802387482E-11i,0.0071796781617210845-1.7175209011937997E-7i
28.99999999999997,84.41154273188017,2,1.4359356323441679E-6-3.435041802387482E-11i,0.0071796781617210845-1.7175209011937997E-7i
34.00000000000003,82.67949192431128,2,1.4359356323441679E-6-3.435041802387482E-11i,0.0071796781617210845-1.7175209011937997E-7i
34.999999999999844,80.94744111674243,2,1.4359356323441679E-6-3.435041802387482E-11i,0.0071796781617210845-1.7175209011937997E-7i
45.00000000000044,80.94744111674234,2,1.4359356323441679E-6-3.435041802387482E-11i,0.007179678161721085-1.7175209011938E-7i
47.999999999999886,79.21539030917367,2,1.4359356323441679E-6-3.435041802387482E-11i,0.0071796781617210845-1.7175209011937997E-7i
46.000000000000405,79.21539030917366,2,1.4359356323441679E-6-3.435041802387482E-11i,0.0071796781617210845-1.7175209011937997E-7i
47.00000000000015,77.48333950160495,2,1.4359356323441679E-6-3.435041802387482E-11i,0.0071796781617210845-1.7175209011937997E-7i
44.00000000000045,79.21539030917322,2,1.4359356323441679E-6-3.435041802387482E-11i,0.007179678161721084-1.7175209011937995E-7i
45.00000000000081,77.48333950160458,2,1.4359356323441679E-6-3.435041802387482E-11i,0.007179678161721084-1.7175209011937997E-7i
43.00000000000003,80.9474411167421,2,1.4359356323441679E-6-3.435041802387482E-11i,0.007179678161721084-1.7175209011937997E-7i
41.99999999999969,79.21539030917329,2,1.4359356323441679E-6-3.435041802387482E-11i,0.007179678161721085-1.7175209011938E-7i
43,77.48333950160415,2,1.4359356323441679E-6-3.435041802387482E-11i,0.0071796781617210845-1.7175209011937997E-7i
40.9999999999998,80.94744111674237,2,1.4359356323441679E-6-3.435041802387482E-11i,0.007179678161721085-1.7175209011938E-7i
40.000000000000014,79.21539030917359,2,1.4359356323441679E-6-3.435041802387482E-11i,0.0071796781617210845-1.7175209011937997E-7i
40.999999999999595,77.48333950160466,2,1.4359356323441679E-6-3.435041802387482E-11i,0.0071796781617210845-1.7175209011937997E-7i
68.82308546375975,58.000000000003915,2,1.4359356323441679E-6-3.435041802387482E-11i,0.007179678161721084-1.7175209011937995E-7i
67.09103465619322,59.00000000000307,2,1.4359356323441679E-6-3.435041802387482E-11i,0.0071796781617210845-1.7175209011937997E-7i
67.09103465618789,57.00000000000327,2,1.4359356323441679E-6-3.435041802387482E-11i,0.0071796781617210845-1.7175209011937997E-7i
70.55513627132729,57.00000000000154,2,1.4359356323441679E-6-3.435041802387482E-11i,0.0071796781617210845-1.7175209011937997E-7i
68.82308546375722,55.999999999998224,2,1.4359356323441679E-6-3.435041802387482E-11i,0.0071796781617210845-1.7175209011937997E-7i
70.55513627132808,54.9999999999963,2,1.4359356323441679E-6-3.435041802387482E-11i,0.0071796781617210845-1.7175209011937997E-7i
75,50,1.0000000000000002,1.4359009945819268E-6-3.434958942015085E-11i,0.007179678161721086-1.7175209011937995E-7i
74.01923788646754,51.000000000001315,2,1.4359356323441679E-6-3.435041802387482E-11i,0.007179678161721085-1.7175209011938E-7i
74.01923788646633,49.00000000000103,2,1.4359356323441679E-6-3.435041802387482E-11i,0.007179678161721085-1.7175209011938E-7i
75,48.289331662787816,1,1.43588892442151E-6-3.434930067806055E-11i,0.007179678161721086-1.7175209011937995E-7i
68.82308546376125,53.99999999999449,2,1.4359356323441679E-6-3.435041802387482E-11i,0.0071796781617210845-1.7175209011937997E-7i
67.09103465618922,54.99999999999287,2,1.4359356323441679E-6-3.435041802387482E-11i,0.007179678161721085-1.7175209011938E-7i
70.55513627133114,52.99999999999798,2,1.4359356323441679E-6-3.435041802387482E-11i,0.0071796781617210845-1.7175209011937997E-7i
72.28718707889854,53.99999999999723,2,1.4359356323441679E-6-3.435041802387482E-11i,0.007179678161721084-1.7175209011937995E-7i
74.01923788646788,52.99999999999899,2,1.4359356323441679E-6-3.435041802387482E-11i,0.007179678161721085-1.7175209011938E-7i
72.28718707889954,52.00000000000046,2,1.4359356323441679E-6-3.435041802387482E-11i,0.0071796781617210845-1.7175209011937997E-7i
72.28718707889797,50.00000000000221,2,1.4359356323441679E-6-3.435041802387482E-11i,0.007179678161721084-1.7175209011937997E-7i
68.82308546376332,52.000000000000966,2,1.4359356323441679E-6-3.435041802387482E-11i,0.0071796781617210845-1.7175209011937997E-7i
70.55513627133041,51.00000000000268,2,1.4359356323441679E-6-3.435041802387482E-11i,0.007179678161721085-1.7175209011938E-7i
68.8230854637601,50.00000000000434,2,1.4359356323441679E-6-3.435041802387482E-11i,0.0071796781617210845-1.7175209011937997E-7i
74.01923788646658,46.99999999999949,2,1.4359356323441679E-6-3.435041802387482E-11i,0.007179678161721085-1.7175209011938E-7i
75.00000000000001,46.710668337212184,1.0000000000000002,1.4358740648522132E-6-3.434894520779753E-11i,0.007179678161721086-1.7175209011937995E-7i
76.7106683372122,45,1.0000000000000002,1.4358527185422096E-6-3.4348434561877595E-11i,0.007179678161721086-1.7175209011937995E-7i
75.75128869403555,44.00000000000058,2,1.4359356323441679E-6-3.435041802387482E-11i,0.0071796781617210845-1.7175209011937997E-7i
76.12498631562607,46.2239591437424,1.0000000000000002,1.4358686719865275E-6-3.43488161997929E-11i,0.007179678161721084-1.7175209011937997E-7i
74.01923788646705,45.00000000000043,2,1.4359356323441679E-6-3.435041802387482E-11i,0.007179678161721085-1.7175209011938E-7i
75,45,1.0000000000000002,1.4358526564437617E-6-3.434843307636E-11i,0.007179678161721086-1.7175209011937995E-7i
74.01923788646623,43.000000000000355,2,1.4359356323441679E-6-3.435041802387482E-11i,0.0071796781617210845-1.7175209011937997E-7i
75.75128869403527,41.999999999999616,2,1.4359356323441679E-6-3.435041802387482E-11i,0.007179678161721084-1.7175209011937995E-7i
74.01923788646658,40.999999999999034,2,1.4359356323441679E-6-3.435041802387482E-11i,0.0071796781617210845-1.7175209011937997E-7i
77.48333950160446,40.99999999999946,2,1.4359356323441679E-6-3.435041802387482E-11i,0.0071796781617210845-1.7175209011937997E-7i
75.7512886940358,39.99999999999938,2,1.4359356323441679E-6-3.435041802387482E-11i,0.0071796781617210845-1.7175209011937997E-7i
89.60769515458676,35.999999999999986,2,1.4359356323441679E-6-3.435041802387482E-11i,0.007179678161721084-1.7175209011937995E-7i
87.8756443470179,35.000000000000014,2,1.4359356323441679E-6-3.435041802387482E-11i,0.0071796781617210845-1.7175209011937997E-7i
87.8756443470179,36.99999999999996,2,1.4359356323441679E-6-3.435041802387482E-11i,0.0071796781617210845-1.7175209011937997E-7i
86.14359353944891,41.9999999999999,2,1.4359356323441679E-6-3.435041802387482E-11i,0.007179678161721084-1.7175209011937995E-7i
86.143593539449,39.999999999999915,2,1.4359356323441679E-6-3.435041802387482E-11i,0.007179678161721084-1.7175209011937997E-7i
84.41154273188008,40.99999999999983,2,1.4359356323441679E-6-3.435041802387482E-11i,0.0071796781617210845-1.7175209011937997E-7i
87.87564434701787,38.99999999999996,2,1.4359356323441679E-6-3.435041802387482E-11i,0.0071796781617210845-1.7175209011937997E-7i
86.143593539449,37.99999999999993,2,1.4359356323441679E-6-3.435041802387482E-11i,0.0071796781617210845-1.7175209011937997E-7i
84.41154273188013,38.999999999999915,2,1.4359356323441679E-6-3.435041802387482E-11i,0.0071796781617210845-1.7175209011937997E-7i
82.67949192431126,39.99999999999984,2,1.4359356323441679E-6-3.435041802387482E-11i,0.0071796781617210845-1.7175209011937997E-7i
84.41154273188016,36.99999999999993,2,1.4359356323441679E-6-3.435041802387482E-11i,0.007179678161721085-1.7175209011938E-7i
79.21539030917322,41.99999999999975,2,1.4359356323441679E-6-3.435041802387482E-11i,0.007179678161721085-1.7175209011938E-7i
79.21539030917351,39.99999999999967,2,1.4359356323441679E-6-3.435041802387482E-11i,0.0071796781617210845-1.7175209011937997E-7i
77.48333950160472,38.99999999999973,2,1.4359356323441679E-6-3.435041802387482E-11i,0.0071796781617210845-1.7175209011937997E-7i
80.94744111674228,40.9999999999997,2,1.4359356323441679E-6-3.435041802387482E-11i,0.007179678161721084-1.7175209011937995E-7i
80.94744111674241,38.99999999999986,2,1.4359356323441679E-6-3.435041802387482E-11i,0.0071796781617210845-1.7175209011937997E-7i
82.67949192431126,37.9999999999999,2,1.4359356323441679E-6-3.435041802387482E-11i,0.007179678161721084-1.7175209011937997E-7i
80.94744111674244,36.99999999999989,2,1.4359356323441679E-6-3.435041802387482E-11i,0.0071796781617210845-1.7175209011937997E-7i
86.14359353944903,35.999999999999986,2,1.4359356323441679E-6-3.435041802387482E-11i,0.007179678161721084-1.7175209011937995E-7i
84.41154273188017,35.00000000000004,2,1.4359356323441679E-6-3.435041802387482E-11i,0.007179678161721085-1.7175209011938E-7i
86.14359353944903,34.00000000000006,2,1.4359356323441679E-6-3.435041802387482E-11i,0.0071796781617210845-1.7175209011937997E-7i
87.87564434701787,33.00000000000006,2,1.4359356323441679E-6-3.435041802387482E-11i,0.007179678161721084-1.7175209011937997E-7i
87.87564434701787,31.00000000000007,2,1.4359356323441679E-6-3.435041802387482E-11i,0.0071796781617210845-1.7175209011937997E-7i
86.143593539449,32.00000000000007,2,1.4359356323441679E-6-3.435041802387482E-11i,0.007179678161721084-1.7175209011937995E-7i
84.4115427318801,31.000000000000114,2,1.4359356323441679E-6-3.435041802387482E-11i,0.0071796781617210845-1.7175209011937997E-7i
86.14359353944894,30.0000000000001,2,1.4359356323441679E-6-3.435041802387482E-11i,0.0071796781617210845-1.7175209011937997E-7i
84.41154273188013,33.0000000000001,2,1.4359356323441679E-6-3.435041802387482E-11i,0.007179678161721084-1.7175209011937997E-7i
91.3397459621556,25.000000000000014,2,1.4359356323441679E-6-3.435041802387482E-11i,0.007179678161721084-1.7175209011937995E-7i
91.33974596215559,22.999999999999986,2,1.4359356323441679E-6-3.435041802387482E-11i,0.0071796781617210845-1.7175209011937997E-7i
89.60769515458674,26,2,1.4359356323441679E-6-3.435041802387482E-11i,0.0071796781617210845-1.7175209011937997E-7i
89.60769515458671,24.00000000000003,2,1.4359356323441679E-6-3.435041802387482E-11i,0.0071796781617210845-1.7175209011937997E-7i
94.80384757729337,20.999999999999986,2,1.4359356323441679E-6-3.435041802387482E-11i,0.007179678161721084-1.7175209011937995E-7i
93.0717967697245,20,2,1.4359356323441679E-6-3.435041802387482E-11i,0.007179678161721085-1.7175209011938E-7i
91.33974596215563,20.99999999999997,2,1.4359356323441679E-6-3.435041802387482E-11i,0.0071796781617210845-1.7175209011937997E-7i
86.14359353944893,27.999999999999986,2,1.4359356323441679E-6-3.435041802387482E-11i,0.0071796781617210845-1.7175209011937997E-7i
87.87564434701781,29.000000000000057,2,1.4359356323441679E-6-3.435041802387482E-11i,0.0071796781617210845-1.7175209011937997E-7i
84.41154273188003,29.000000000000057,2,1.4359356323441679E-6-3.435041802387482E-11i,0.007179678161721084-1.7175209011937997E-7i
84.41154273188008,26.99999999999993,2,1.4359356323441679E-6-3.435041802387482E-11i,0.0071796781617210845-1.7175209011937997E-7i
82.67949192431118,30.000000000000142,2,1.4359356323441679E-6-3.435041802387482E-11i,0.007179678161721085-1.7175209011938E-7i
87.87564434701784,26.99999999999997,2,1.4359356323441679E-6-3.435041802387482E-11i,0.007179678161721084-1.7175209011937997E-7i
86.143593539449,25.999999999999986,2,1.4359356323441679E-6-3.435041802387482E-11i,0.0071796781617210845-1.7175209011937997E-7i
87.87564434701785,25.00000000000003,2,1.4359356323441679E-6-3.435041802387482E-11i,0.007179678161721084-1.7175209011937995E-7i
86.14359353944894,24.000000000000043,2,1.4359356323441679E-6-3.435041802387482E-11i,0.0071796781617210845-1.7175209011937997E-7i
87.87564434701781,22.999999999999986,2,1.4359356323441679E-6-3.435041802387482E-11i,0.0071796781617210845-1.7175209011937997E-7i
91.3397459621556,18.999999999999986,2,1.4359356323441679E-6-3.435041802387482E-11i,0.0071796781617210845-1.7175209011937997E-7i
93.0717967697245,17.999999999999986,2,1.4359356323441679E-6-3.435041802387482E-11i,0.0071796781617210845-1.7175209011937997E-7i
89.60769515458675,19.999999999999986,2,1.4359356323441679E-6-3.435041802387482E-11i,0.0071796781617210845-1.7175209011937997E-7i
94.80384757729338,17,2,1.4359356323441679E-6-3.435041802387482E-11i,0.0071796781617210845-1.7175209011937997E-7i
93.07179676972451,16,2,1.4359356323441679E-6-3.435041802387482E-11i,0.007179678161721085-1.7175209011938E-7i
91.33974596215563,16.99999999999997,2,1.4359356323441679E-6-3.435041802387482E-11i,0.007179678161721084-1.7175209011937995E-7i
89.58003242401202,16.0358041413577,2,1.4359356323441679E-6-3.435041802387482E-11i,0.0071796781617210845-1.7175209011937997E-7i
89.60769515458674,17.999999999999957,2,1.4359356323441679E-6-3.435041802387482E-11i,0.007179678161721084-1.7175209011937997E-7i
91.3395233552018,15.029119026040249,2,1.4359356323441679E-6-3.435041802387482E-11i,0.0071796781617210845-1.7175209011937997E-7i
96.53589838486225,14,2,1.4359356323441679E-6-3.435041802387482E-11i,0.007179678161721084-1.7175209011937997E-7i
96.53589838486225,16,2,1.4359356323441679E-6-3.435041802387482E-11i,0.0071796781617210845-1.7175209011937997E-7i
96.53589838486225,12,2,1.4359356323441679E-6-3.435041802387482E-11i,0.0071796781617210845-1.7175209011937997E-7i
94.80384757729338,13,2,1.4359356323441679E-6-3.435041802387482E-11i,0.0071796781617210845-1.7175209011937997E-7i
96.59290931035261,10.05015914914651,2,1.4359356323441679E-6-3.435041802387482E-11i,0.0071796781617210845-1.7175209011937997E-7i
98.26794919243112,9,2,1.4359356323441679E-6-3.435041802387482E-11i,0.0071796781617210845-1.7175209011937997E-7i
94.84260141278716,11.152950180686844,2,1.4359356323441679E-6-3.435041802387482E-11i,0.0071796781617210845-1.7175209011937997E-7i
100.00000000000003,8,2,1.4359356323441679E-6-3.435041802387482E-11i,0.007179678161721084-1.7175209011937995E-7i
94.80384757729338,15,2,1.4359356323441679E-6-3.435041802387482E-11i,0.007179678161721084-1.7175209011937995E-7i
93.07179676972451,14,2,1.4359356323441679E-6-3.435041802387482E-11i,0.0071796781617210845-1.7175209011937997E-7i
93.11497914155302,12.14204523771977,2,1.4359356323441679E-6-3.435041802387482E-11i,0.0071796781617210845-1.7175209011937997E-7i
93.15904938595304,10.26624008089101,2,1.4359356323441679E-6-3.435041802387482E-11i,0.0071796781617210845-1.7175209011937997E-7i
98.33985931661151,7.069202245176342,2,1.4359356323441679E-6-3.435041802387482E-11i,0.007179678161721085-1.7175209011938E-7i
97.01345190181156,1.4408613007869349,2,1.4359356323441679E-6-3.435041802387482E-11i,0.0071796781617210845-1.7175209011937997E-7i
98.15630313815984,3.0878295801144304,2,1.435935632344168E-6-3.435041802387482E-11i,0.0071796781617210845-1.7175209011938E-7i
95.99582444244126,3.2714293320600376,2,1.4359356323441679E-6-3.435041802387482E-11i,0.007179678161721085-1.7175209011938E-7i
98.5568406762813,1.2812172080441258,2,1.4359356323441679E-6-3.435041802387482E-11i,0.007179678161721084-1.7175209011937997E-7i
98,0,2,1.4359356323441679E-6-3.435041802387482E-11i,0.007179678161721084-1.7175209011937995E-7i
100,2,2,1.4359356323441679E-6-3.435041802387482E-11i,0.007179678161721084-1.7175209011937995E-7i
100.00000000000003,4.000000000000001,2.0000000000000004,1.4359356323441679E-6-3.435041802387482E-11i,0.007179678161721084-1.7175209011937995E-7i
98.35903955398749,5.263525495989683,2,1.4359356323441679E-6-3.435041802387482E-11i,0.0071796781617210845-1.7175209011937997E-7i
100,0,2,1.4359356323441679E-6-3.435041802387482E-11i,0.007179678161721084-1.7175209011937995E-7i
92.94386739102387,8.193273889917052,2,1.435935632344168E-6-3.435041802387482E-11i,0.0071796781617210845-1.7175209011938E-7i
91.64584485753431,9.588082572915397,2,1.4359356323441679E-6-3.435041802387482E-11i,0.007179678161721084-1.7175209011937997E-7i
94.86320728454851,9.19340953391307,2,1.4359356323441679E-6-3.435041802387482E-11i,0.007179678161721084-1.7175209011937995E-7i
94.91940437027736,7.3528982727879395,2,1.4359356323441679E-6-3.435041802387482E-11i,0.007179678161721084-1.7175209011937997E-7i
96.63436503327293,8.201305382372055,2,1.4359356323441679E-6-3.435041802387482E-11i,0.0071796781617210845-1.7175209011937997E-7i
96.69949535910263,6.177868468639588,2,1.4359356323441679E-6-3.435041802387482E-11i,0.0071796781617210845-1.7175209011937997E-7i
100,6,2,1.4359356323441679E-6-3.435041802387482E-11i,0.007179678161721084-1.7175209011937995E-7i
8.031991612255837,96.60060592524411,2,1.4359356323441679E-6-3.435041802387482E-11i,0.007179678161721084-1.7175209011937997E-7i
6.100985166401017,96.65942681882588,2,1.4359356323441679E-6-3.435041802387482E-11i,0.0071796781617210845-1.7175209011937997E-7i
7.141308052344343,95.1187616430535,2,1.4359356323441679E-6-3.435041802387482E-11i,0.0071796781617210845-1.7175209011937997E-7i
3.079801719255954,98.57326437346634,2,1.4359356323441679E-6-3.435041802387482E-11i,0.0071796781617210845-1.7175209011937997E-7i
1.8462299805994746,96.89974923566399,2,1.435935632344168E-6-3.435041802387482E-11i,0.0071796781617210845-1.7175209011938E-7i
4.042623369591226,96.73777725854927,2,1.4359356323441679E-6-3.435041802387482E-11i,0.0071796781617210845-1.7175209011937997E-7i
0,96.00000000000003,2.0000000000000004,1.4359356323441679E-6-3.435041802387482E-11i,0.007179678161721084-1.7175209011937995E-7i
5.053100566034743,94.83031083006946,2,1.435935632344168E-6-3.435041802387482E-11i,0.0071796781617210845-1.7175209011938E-7i
6.5218869619855155,93.57487186646894,2,1.4359356323441679E-6-3.435041802387482E-11i,0.0071796781617210845-1.7175209011937995E-7i
8.11783779129128,93.49883989584694,2,1.4359356323441679E-6-3.435041802387482E-11i,0.0071796781617210845-1.7175209011937997E-7i
7.035417677621595,91.88193898657141,2,1.435935632344168E-6-3.435041802387482E-11i,0.0071796781617210845-1.7175209011938E-7i
5.233028416630333,92.79100652392279,2,1.4359356323441679E-6-3.435041802387482E-11i,0.0071796781617210845-1.7175209011937997E-7i
3.2857697237235612,93.85283628673247,2,1.4359356323441679E-6-3.435041802387482E-11i,0.0071796781617210845-1.7175209011937997E-7i
9.144154333776058,91.69748824912281,2,1.4359356323441679E-6-3.435041802387482E-11i,0.0071796781617210845-1.7175209011937997E-7i
5.183768681037236,90.88197874225429,2,1.4359356323441679E-6-3.435041802387482E-11i,0.007179678161721084-1.7175209011937997E-7i
3.180450400699783,95.3465806335756,2,1.4359356323441679E-6-3.435041802387482E-11i,0.0071796781617210845-1.7175209011937995E-7i
1.7670082411015784,94.83901859425322,2,1.4359356323441679E-6-3.435041802387482E-11i,0.007179678161721084-1.7175209011937997E-7i
1.7320508075688679,93,2,1.4359356323441679E-6-3.435041802387482E-11i,0.0071796781617210845-1.7175209011937997E-7i
0,93.99999999999997,2,1.4359356323441679E-6-3.435041802387482E-11i,0.007179678161721084-1.7175209011937995E-7i
0,92.00000000000001,2,1.4359356323441679E-6-3.435041802387482E-11i,0.007179678161721084-1.7175209011937995E-7i
11.999999999999986,93.0717967697245,2,1.4359356323441679E-6-3.435041802387482E-11i,0.0071796781617210845-1.7175209011937997E-7i
10.098565293407361,93.1919250741477,2,1.4359356323441679E-6-3.435041802387482E-11i,0.0071796781617210845-1.7175209011937997E-7i
13,94.80384757729337,2,1.4359356323441679E-6-3.435041802387482E-11i,0.007179678161721084-1.7175209011937995E-7i
14.000000000000028,93.0717967697245,2,1.4359356323441679E-6-3.435041802387482E-11i,0.0071796781617210845-1.7175209011937997E-7i
9.09785207458981,94.93750303754098,2,1.4359356323441679E-6-3.435041802387482E-11i,0.007179678161721084-1.7175209011937995E-7i
16,93.0717967697245,2,1.4359356323441679E-6-3.435041802387482E-11i,0.0071796781617210845-1.7175209011937997E-7i
18,93.0717967697245,2,1.4359356323441679E-6-3.435041802387482E-11i,0.007179678161721085-1.7175209011938E-7i
13.000000000000028,91.3397459621556,2,1.4359356323441679E-6-3.435041802387482E-11i,0.0071796781617210845-1.7175209011937997E-7i
15.000000000000028,91.33974596215563,2,1.4359356323441679E-6-3.435041802387482E-11i,0.0071796781617210845-1.7175209011937997E-7i
14.034174759035452,89.6273034870676,2,1.4359356323441679E-6-3.435041802387482E-11i,0.007179678161721084-1.7175209011937997E-7i
19,94.80384757729338,2,1.4359356323441679E-6-3.435041802387482E-11i,0.007179678161721084-1.7175209011937995E-7i
20,93.0717967697245,2,1.4359356323441679E-6-3.435041802387482E-11i,0.0071796781617210845-1.7175209011937997E-7i
21,94.80384757729337,2,1.4359356323441679E-6-3.435041802387482E-11i,0.007179678161721084-1.7175209011937997E-7i
22,93.0717967697245,2,1.4359356323441679E-6-3.435041802387482E-11i,0.0071796781617210845-1.7175209011937997E-7i
19.000000000000014,91.33974596215563,2,1.4359356323441679E-6-3.435041802387482E-11i,0.007179678161721084-1.7175209011937997E-7i
18,89.60769515458674,2,1.4359356323441679E-6-3.435041802387482E-11i,0.007179678161721084-1.7175209011937997E-7i
20.000000000000014,89.60769515458676,2,1.4359356323441679E-6-3.435041802387482E-11i,0.007179678161721085-1.7175209011938E-7i
16.99999999999997,91.33974596215563,2,1.4359356323441679E-6-3.435041802387482E-11i,0.007179678161721084-1.7175209011937995E-7i
15.999999999999972,89.60769515458676,2,1.4359356323441679E-6-3.435041802387482E-11i,0.0071796781617210845-1.7175209011937997E-7i
21,87.87564434701788,2,1.4359356323441679E-6-3.435041802387482E-11i,0.007179678161721084-1.7175209011937995E-7i
21.999999999999986,89.60769515458675,2,1.4359356323441679E-6-3.435041802387482E-11i,0.0071796781617210845-1.7175209011937997E-7i
19.000000000000043,87.87564434701785,2,1.4359356323441679E-6-3.435041802387482E-11i,0.0071796781617210845-1.7175209011937997E-7i
20.000000000000043,86.143593539449,2,1.4359356323441679E-6-3.435041802387482E-11i,0.0071796781617210845-1.7175209011937997E-7i
22.999999999999957,87.87564434701787,2,1.4359356323441679E-6-3.435041802387482E-11i,0.0071796781617210845-1.7175209011937997E-7i
21.999999999999957,86.143593539449,2,1.4359356323441679E-6-3.435041802387482E-11i,0.0071796781617210845-1.7175209011937997E-7i
21,91.33974596215563,2,1.4359356323441679E-6-3.435041802387482E-11i,0.0071796781617210845-1.7175209011937997E-7i
22.99999999999997,91.33974596215563,2,1.4359356323441679E-6-3.435041802387482E-11i,0.007179678161721084-1.7175209011937995E-7i
23.999999999999986,89.60769515458672,2,1.4359356323441679E-6-3.435041802387482E-11i,0.007179678161721084-1.7175209011937997E-7i
13.08922979797023,86.27933526556151,1.1111111111110876,1.4359355917933077E-6-3.435041705381805E-11i,0.007179678161721085-1.7175209011937997E-7i
12.092484632784675,86.55715443568056,2,1.4359356323441679E-6-3.435041802387482E-11i,0.007179678161721084-1.7175209011937997E-7i
12.151423770164513,84.92129442903126,2,1.4359356323441679E-6-3.435041802387482E-11i,0.007179678161721084-1.7175209011937997E-7i
13.903935546030965,86.01175092091418,2,1.435935632344168E-6-3.435041802387482E-11i,0.0071796781617210845-1.7175209011938E-7i
13.053328907037496,87.93013726117144,2,1.4359356323441679E-6-3.435041802387482E-11i,0.0071796781617210845-1.7175209011937997E-7i
11.05220331562468,91.492977838825,2,1.4359356323441679E-6-3.435041802387482E-11i,0.007179678161721084-1.7175209011937995E-7i
12.016928911391204,89.72839343682148,2,1.4359356323441679E-6-3.435041802387482E-11i,0.0071796781617210845-1.7175209011937997E-7i
9.943685270382815,89.685476590906,2,1.435935632344168E-6-3.435041802387482E-11i,0.0071796781617210845-1.7175209011938E-7i
21,84.41154273188015,2,1.4359356323441679E-6-3.435041802387482E-11i,0.0071796781617210845-1.7175209011937997E-7i
22.99999999999993,84.4115427318801,2,1.4359356323441679E-6-3.435041802387482E-11i,0.0071796781617210845-1.7175209011937997E-7i
22.045845409557003,82.74950405030361,2,1.4359356323441679E-6-3.435041802387482E-11i,0.0071796781617210845-1.7175209011937997E-7i
20.073319364857582,82.7327379548336,2,1.4359356323441679E-6-3.435041802387482E-11i,0.0071796781617210845-1.7175209011937997E-7i
13.961032102602644,83.8798558335312,2,1.4359356323441679E-6-3.435041802387482E-11i,0.007179678161721085-1.7175209011938E-7i
64.879169654198,67.05164759764297,2,1.4359356323441679E-6-3.435041802387482E-11i,0.0071796781617210845-1.7175209011937997E-7i
63.93351225799865,68.83828084378939,2,1.4359356323441679E-6-3.435041802387482E-11i,0.0071796781617210845-1.7175209011937997E-7i
62.999586936191584,67.04452905556533,2,1.4359356323441679E-6-3.435041802387482E-11i,0.0071796781617210845-1.7175209011937997E-7i
64.9625368728546,70.54267775350209,2,1.4359356323441679E-6-3.435041802387482E-11i,0.007179678161721084-1.7175209011937995E-7i
62.99999999999699,70.55513627132882,2,1.4359356323441679E-6-3.435041802387482E-11i,0.0071796781617210845-1.7175209011937997E-7i
61.99999999999608,68.8230854637617,2,1.4359356323441679E-6-3.435041802387482E-11i,0.007179678161721084-1.7175209011937995E-7i
60.99999999999906,70.55513627133107,2,1.4359356323441679E-6-3.435041802387482E-11i,0.0071796781617210845-1.7175209011937997E-7i
60.00000000000235,68.82308546376285,2,1.4359356323441679E-6-3.435041802387482E-11i,0.0071796781617210845-1.7175209011937997E-7i
60.9741869374382,67.08957828832075,2,1.4359356323441679E-6-3.435041802387482E-11i,0.0071796781617210845-1.7175209011937997E-7i
67.0910346561912,60.99999999999721,2,1.4359356323441679E-6-3.435041802387482E-11i,0.007179678161721084-1.7175209011937995E-7i
67.14586641851079,63.03545331984375,2,1.4359356323441679E-6-3.435041802387482E-11i,0.0071796781617210845-1.7175209011937997E-7i
65.42460097809348,61.98886550143534,2,1.4359356323441679E-6-3.435041802387482E-11i,0.0071796781617210845-1.7175209011937997E-7i
65.35898384862512,59.999999999998394,2,1.4359356323441679E-6-3.435041802387482E-11i,0.0071796781617210845-1.7175209011937997E-7i
65.63240036531774,63.97024690736305,2,1.4359356323441679E-6-3.435041802387482E-11i,0.0071796781617210845-1.7175209011937997E-7i
68.83825523809995,64.01748537672033,2,1.4359356323441679E-6-3.435041802387482E-11i,0.007179678161721084-1.7175209011937995E-7i
65.75420381505438,65.6103557869973,2,1.4359356323441679E-6-3.435041802387482E-11i,0.0071796781617210845-1.7175209011937995E-7i
63.94775966866561,65.11702894908217,2,1.435935632344168E-6-3.435041802387482E-11i,0.0071796781617210845-1.7175209011938E-7i
59.000000000003396,70.55513627132977,2,1.4359356323441679E-6-3.435041802387482E-11i,0.007179678161721084-1.7175209011937995E-7i
57.00000000000107,70.5551362713275,2,1.4359356323441679E-6-3.435041802387482E-11i,0.0071796781617210845-1.7175209011937997E-7i
58.000000000004206,68.82308546375906,2,1.4359356323441679E-6-3.435041802387482E-11i,0.0071796781617210845-1.7175209011937997E-7i
61.89015638041107,65.36315937881963,2,1.4359356323441679E-6-3.435041802387482E-11i,0.0071796781617210845-1.7175209011937997E-7i
62.442582787273714,63.875867253266605,2,1.435935632344168E-6-3.435041802387482E-11i,0.0071796781617210845-1.7175209011938E-7i
59.000000000006565,67.09103465619263,2,1.4359356323441679E-6-3.435041802387482E-11i,0.0071796781617210845-1.7175209011937997E-7i
59.98233829189451,65.38712273658666,2,1.4359356323441679E-6-3.435041802387482E-11i,0.0071796781617210845-1.7175209011937997E-7i
65.35898384861653,55.99999999999691,2,1.4359356323441679E-6-3.435041802387482E-11i,0.007179678161721084-1.7175209011937997E-7i
65.35898384862173,58.00000000000779,2,1.4359356323441679E-6-3.435041802387482E-11i,0.0071796781617210845-1.7175209011937997E-7i
63.816355758817636,62.966195979694184,2,1.4359356323441679E-6-3.435041802387482E-11i,0.0071796781617210845-1.7175209011937997E-7i
63.67058884895014,59.005905984165054,2,1.4359356323441679E-6-3.435041802387482E-11i,0.0071796781617210845-1.7175209011937997E-7i
63.62693304104697,57.000000000006864,2,1.4359356323441679E-6-3.435041802387482E-11i,0.0071796781617210845-1.7175209011937997E-7i
63.70055861201372,60.96428215692091,2,1.4359356323441679E-6-3.435041802387482E-11i,0.007179678161721084-1.7175209011937997E-7i
62.08058883805633,59.94796993753702,2,1.4359356323441679E-6-3.435041802387482E-11i,0.007179678161721085-1.7175209011938E-7i
61.886555202388024,61.99484830177815,2,1.4359356323441679E-6-3.435041802387482E-11i,0.007179678161721084-1.7175209011937997E-7i
60.60279964805475,60.5486782707725,2,1.4359356323441679E-6-3.435041802387482E-11i,0.007179678161721084-1.7175209011937997E-7i
59.72573732215336,61.9490528499427,2,1.4359356323441679E-6-3.435041802387482E-11i,0.007179678161721085-1.7175209011938E-7i
53.999999999999176,68.82308546376044,2,1.4359356323441679E-6-3.435041802387482E-11i,0.007179678161721084-1.7175209011937995E-7i
53.9699948464378,69.03692388414537,1.329091416951087,1.4359348122421394E-6-3.435039840541356E-11i,0.007179678161721086-1.7175209011937992E-7i
55.99999999999882,68.82308546375853,2,1.4359356323441679E-6-3.435041802387482E-11i,0.007179678161721084-1.7175209011937997E-7i
54.99999999999734,67.09103465619071,2,1.4359356323441677E-6-3.435041802387482E-11i,0.007179678161721085-1.7175209011937997E-7i
53.0000000000003,67.0910346561914,2,1.4359356323441679E-6-3.435041802387482E-11i,0.0071796781617210845-1.7175209011937997E-7i
52,68.82308546375963,2,1.4359356323441679E-6-3.435041802387482E-11i,0.0071796781617210845-1.7175209011937997E-7i
53.00000000000013,70.55513627132902,2,1.4359356323441679E-6-3.435041802387482E-11i,0.0071796781617210845-1.7175209011937997E-7i
54.99999999999872,70.55513627132873,2,1.4359356323441679E-6-3.435041802387482E-11i,0.0071796781617210845-1.7175209011937997E-7i
51.73191465797218,70.20803709121549,1.1180661577767914,1.4359347454543991E-6-3.435039680771894E-11i,0.007179678161721086-1.7175209011937995E-7i
50.999999999999105,70.55513627132858,2,1.4359356323441679E-6-3.435041802387482E-11i,0.0071796781617210845-1.7175209011937997E-7i
51.9999999999999,72.2871870788976,2,1.4359356323441679E-6-3.435041802387482E-11i,0.007179678161721085-1.7175209011938E-7i
49.99999999999781,68.82308546376002,2,1.4359356323441679E-6-3.435041802387482E-11i,0.007179678161721085-1.7175209011938E-7i
49.9999999999997,79.21539030917349,2,1.4359356323441679E-6-3.435041802387482E-11i,0.007179678161721084-1.7175209011937995E-7i
48.99999999999964,77.48333950160475,2,1.4359356323441679E-6-3.435041802387482E-11i,0.007179678161721084-1.7175209011937997E-7i
50.99999999999947,74.01923788646658,2,1.4359356323441679E-6-3.435041802387482E-11i,0.0071796781617210845-1.7175209011937997E-7i
49.99999999999942,75.75128869403572,2,1.4359356323441679E-6-3.435041802387482E-11i,0.007179678161721084-1.7175209011937997E-7i
48.999999999999226,74.01923788646715,2,1.4359356323441679E-6-3.435041802387482E-11i,0.0071796781617210845-1.7175209011937997E-7i
53.99999999999964,72.28718707889801,2,1.4359356323441679E-6-3.435041802387482E-11i,0.007179678161721084-1.7175209011937995E-7i
55.99999999999943,72.28718707889708,2,1.4359356323441679E-6-3.435041802387482E-11i,0.007179678161721084-1.7175209011937995E-7i
53.999999999998224,65.35898384862307,2,1.4359356323441679E-6-3.435041802387482E-11i,0.007179678161721084-1.7175209011937997E-7i
52.72590693919981,65.86523259128148,1.3201199494949616,1.4359341672959227E-6-3.435038297702552E-11i,0.007179678161721086-1.7175209011937995E-7i
52.000000000000405,65.35898384862143,2,1.4359356323441679E-6-3.435041802387482E-11i,0.0071796781617210845-1.7175209011937997E-7i
50.99999999999856,67.09103465619027,2,1.4359356323441679E-6-3.435041802387482E-11i,0.0071796781617210845-1.7175209011937997E-7i
53.00000000000074,63.62693304105404,2,1.4359356323441679E-6-3.435041802387482E-11i,0.007179678161721085-1.7175209011938E-7i
57.00000000000197,67.09103465618827,2,1.4359356323441679E-6-3.435041802387482E-11i,0.007179678161721084-1.7175209011937997E-7i
55.99999999999755,65.35898384861922,2,1.4359356323441679E-6-3.435041802387482E-11i,0.0071796781617210845-1.7175209011937997E-7i
54.99999999999454,63.626933041052474,2,1.4359356323441679E-6-3.435041802387482E-11i,0.0071796781617210845-1.7175209011937997E-7i
56.97169703478956,63.722599184063206,2,1.4359356323441679E-6-3.435041802387482E-11i,0.0071796781617210845-1.7175209011937997E-7i
50.18649632061857,66.52138896194897,1.2011994949495013,1.4359340944537152E-6-3.4350381234496026E-11i,0.007179678161721086-1.7175209011937995E-7i
48.99999999999666,67.09103465619236,2,1.4359356323441679E-6-3.435041802387482E-11i,0.0071796781617210845-1.7175209011937997E-7i
49.99999999999581,65.35898384862186,2,1.4359356323441679E-6-3.435041802387482E-11i,0.0071796781617210845-1.7175209011937997E-7i
47.99999999999973,75.75128869403612,2,1.4359356323441679E-6-3.435041802387482E-11i,0.007179678161721084-1.7175209011937995E-7i
46.000000000000796,75.75128869403608,2,1.4359356323441679E-6-3.435041802387482E-11i,0.007179678161721085-1.7175209011938E-7i
47.0000000000003,74.01923788646755,2,1.4359356323441679E-6-3.435041802387482E-11i,0.0071796781617210845-1.7175209011937997E-7i
47.9999999999994,72.2871870788988,2,1.4359356323441679E-6-3.435041802387482E-11i,0.0071796781617210845-1.7175209011937997E-7i
49.999999999998856,72.28718707889792,2,1.4359356323441679E-6-3.435041802387482E-11i,0.007179678161721084-1.7175209011937997E-7i
48.99999999999837,70.55513627132966,2,1.4359356323441679E-6-3.435041802387482E-11i,0.0071796781617210845-1.7175209011937997E-7i
44.000000000000774,75.75128869403524,2,1.4359356323441679E-6-3.435041802387482E-11i,0.0071796781617210845-1.7175209011937997E-7i
41.99999999999936,75.75128869403541,2,1.4359356323441679E-6-3.435041802387482E-11i,0.0071796781617210845-1.7175209011937997E-7i
40,75.75128869403598,2,1.4359356323441679E-6-3.435041802387482E-11i,0.007179678161721085-1.7175209011938E-7i
45.00000000000152,74.01923788646678,2,1.4359356323441679E-6-3.435041802387482E-11i,0.007179678161721084-1.7175209011937997E-7i
42.99999999999993,74.01923788646602,2,1.4359356323441679E-6-3.435041802387482E-11i,0.007179678161721084-1.7175209011937997E-7i
44.00000000000139,72.28718707889703,2,1.4359356323441679E-6-3.435041802387482E-11i,0.0071796781617210845-1.7175209011937997E-7i
41.99999999999869,72.2871870788974,2,1.4359356323441679E-6-3.435041802387482E-11i,0.0071796781617210845-1.7175209011937997E-7i
46.000000000001585,72.28718707889867,2,1.4359356323441679E-6-3.435041802387482E-11i,0.0071796781617210845-1.7175209011937997E-7i
47.00000000000061,70.55513627133051,2,1.4359356323441679E-6-3.435041802387482E-11i,0.007179678161721085-1.7175209011938E-7i
35.99999999999969,79.21539030917342,2,1.4359356323441679E-6-3.435041802387482E-11i,0.007179678161721084-1.7175209011937995E-7i
36.99999999999983,77.48333950160435,2,1.4359356323441679E-6-3.435041802387482E-11i,0.0071796781617210845-1.7175209011937997E-7i
34.999999999999744,77.48333950160473,2,1.4359356323441679E-6-3.435041802387482E-11i,0.0071796781617210845-1.7175209011937997E-7i
34.00000000000006,79.21539030917359,2,1.4359356323441679E-6-3.435041802387482E-11i,0.007179678161721084-1.7175209011937997E-7i
38.000000000000156,79.21539030917332,2,1.4359356323441679E-6-3.435041802387482E-11i,0.0071796781617210845-1.7175209011937997E-7i
32,82.67949192431115,2,1.4359356323441679E-6-3.435041802387482E-11i,0.007179678161721084-1.7175209011937995E-7i
29.999999999999844,82.67949192431126,2,1.4359356323441679E-6-3.435041802387482E-11i,0.007179678161721084-1.7175209011937997E-7i
30.99999999999983,80.94744111674228,2,1.4359356323441679E-6-3.435041802387482E-11i,0.0071796781617210845-1.7175209011937997E-7i
33.00000000000013,80.94744111674233,2,1.4359356323441679E-6-3.435041802387482E-11i,0.007179678161721084-1.7175209011937997E-7i
28.999999999999915,80.94744111674248,2,1.4359356323441679E-6-3.435041802387482E-11i,0.0071796781617210845-1.7175209011937997E-7i
23.99999999999993,82.67949192431118,2,1.4359356323441679E-6-3.435041802387482E-11i,0.007179678161721084-1.7175209011937995E-7i
25.00000000000003,80.94744111674224,2,1.4359356323441679E-6-3.435041802387482E-11i,0.0071796781617210845-1.7175209011937997E-7i
26.000000000000114,82.67949192431118,2,1.4359356323441679E-6-3.435041802387482E-11i,0.007179678161721084-1.7175209011937997E-7i
23.098698231640896,81.06697575917556,2,1.4359356323441679E-6-3.435041802387482E-11i,0.007179678161721084-1.7175209011937997E-7i
24.044128874512978,79.25592000861852,2,1.4359356323441679E-6-3.435041802387482E-11i,0.0071796781617210845-1.7175209011937997E-7i
21.098153749183496,81.13202295919956,2,1.4359356323441679E-6-3.435041802387482E-11i,0.0071796781617210845-1.7175209011937997E-7i
25.000000000000014,84.41154273188006,2,1.4359356323441679E-6-3.435041802387482E-11i,0.0071796781617210845-1.7175209011937997E-7i
23.999999999999957,86.14359353944896,2,1.4359356323441679E-6-3.435041802387482E-11i,0.007179678161721084-1.7175209011937995E-7i
28.000000000000085,82.67949192431132,2,1.4359356323441679E-6-3.435041802387482E-11i,0.007179678161721084-1.7175209011937995E-7i
27.000000000000227,80.94744111674238,2,1.4359356323441679E-6-3.435041802387482E-11i,0.0071796781617210845-1.7175209011937997E-7i
32.000000000000014,79.21539030917334,2,1.4359356323441679E-6-3.435041802387482E-11i,0.0071796781617210845-1.7175209011937997E-7i
33.000000000000256,77.48333950160456,2,1.4359356323441679E-6-3.435041802387482E-11i,0.0071796781617210845-1.7175209011937997E-7i
39.00000000000032,77.48333950160462,2,1.4359356323441679E-6-3.435041802387482E-11i,0.007179678161721084-1.7175209011937995E-7i
38.00000000000031,75.75128869403545,2,1.4359356323441679E-6-3.435041802387482E-11i,0.0071796781617210845-1.7175209011937997E-7i
35.999999999999446,75.75128869403562,2,1.4359356323441679E-6-3.435041802387482E-11i,0.007179678161721084-1.7175209011937997E-7i
34.00000000000014,75.75128869403592,2,1.4359356323441679E-6-3.435041802387482E-11i,0.0071796781617210845-1.7175209011937997E-7i
34.999999999999545,74.01923788646711,2,1.4359356323441679E-6-3.435041802387482E-11i,0.007179678161721085-1.7175209011938E-7i
40.99999999999918,74.01923788646701,2,1.4359356323441679E-6-3.435041802387482E-11i,0.007179678161721084-1.7175209011937995E-7i
39.000000000000604,74.01923788646693,2,1.4359356323441679E-6-3.435041802387482E-11i,0.007179678161721084-1.7175209011937997E-7i
39.999999999999964,72.28718707889851,2,1.4359356323441679E-6-3.435041802387482E-11i,0.007179678161721085-1.7175209011938E-7i
36.99999999999973,74.0192378864664,2,1.4359356323441679E-6-3.435041802387482E-11i,0.007179678161721084-1.7175209011937997E-7i
38.000000000000625,72.28718707889752,2,1.4359356323441679E-6-3.435041802387482E-11i,0.007179678161721084-1.7175209011937997E-7i
35.99999999999902,72.28718707889782,2,1.4359356323441679E-6-3.435041802387482E-11i,0.0071796781617210845-1.7175209011937997E-7i
63.62693304104919,54.99999999998623,2,1.4359356323441679E-6-3.435041802387482E-11i,0.0071796781617210845-1.7175209011937997E-7i
61.894882233472956,55.99999999999462,2,1.4359356323441679E-6-3.435041802387482E-11i,0.0071796781617210845-1.7175209011937997E-7i
65.35898384862435,53.99999999998908,2,1.4359356323441679E-6-3.435041802387482E-11i,0.0071796781617210845-1.7175209011937997E-7i
67.09103465619536,52.99999999999593,2,1.4359356323441679E-6-3.435041802387482E-11i,0.007179678161721084-1.7175209011937997E-7i
65.35898384862863,52.000000000002004,2,1.4359356323441679E-6-3.435041802387482E-11i,0.0071796781617210845-1.7175209011937997E-7i
72.28718707889712,48.00000000000004,2,1.4359356323441679E-6-3.435041802387482E-11i,0.0071796781617210845-1.7175209011937997E-7i
70.55513627132801,49.00000000000187,2,1.4359356323441679E-6-3.435041802387482E-11i,0.0071796781617210845-1.7175209011937997E-7i
72.28718707889823,45.99999999999956,2,1.4359356323441679E-6-3.435041802387482E-11i,0.007179678161721085-1.7175209011938E-7i
67.09103465619386,51.00000000000546,2,1.4359356323441679E-6-3.435041802387482E-11i,0.007179678161721084-1.7175209011937995E-7i
67.09103465618907,49.0000000000034,2,1.4359356323441679E-6-3.435041802387482E-11i,0.0071796781617210845-1.7175209011937997E-7i
65.35898384862197,50.000000000008576,2,1.4359356323441679E-6-3.435041802387482E-11i,0.0071796781617210845-1.7175209011937997E-7i
65.35898384861915,47.999999999999105,2,1.4359356323441679E-6-3.435041802387482E-11i,0.007179678161721085-1.7175209011938E-7i
68.82308546375855,47.9999999999998,2,1.4359356323441679E-6-3.435041802387482E-11i,0.007179678161721084-1.7175209011937997E-7i
70.55513627132865,46.99999999999884,2,1.4359356323441679E-6-3.435041802387482E-11i,0.0071796781617210845-1.7175209011937997E-7i
68.82308546376083,45.99999999999899,2,1.4359356323441679E-6-3.435041802387482E-11i,0.0071796781617210845-1.7175209011937997E-7i
67.09103465619057,46.99999999999742,2,1.4359356323441679E-6-3.435041802387482E-11i,0.007179678161721084-1.7175209011937995E-7i
65.35898384862384,45.99999999999774,2,1.4359356323441679E-6-3.435041802387482E-11i,0.0071796781617210845-1.7175209011937997E-7i
67.09103465619246,45.00000000000132,2,1.4359356323441679E-6-3.435041802387482E-11i,0.0071796781617210845-1.7175209011937997E-7i
72.28718707889774,44.00000000000111,2,1.4359356323441679E-6-3.435041802387482E-11i,0.0071796781617210845-1.7175209011937997E-7i
70.55513627132959,45.00000000000075,2,1.4359356323441679E-6-3.435041802387482E-11i,0.0071796781617210845-1.7175209011937997E-7i
70.55513627132804,43.00000000000079,2,1.4359356323441679E-6-3.435041802387482E-11i,0.0071796781617210845-1.7175209011937997E-7i
68.82308546375995,44.00000000000211,2,1.4359356323441679E-6-3.435041802387482E-11i,0.007179678161721085-1.7175209011938E-7i
67.0910346561895,43.000000000001705,2,1.4359356323441679E-6-3.435041802387482E-11i,0.0071796781617210845-1.7175209011937997E-7i
72.28718707889712,41.99999999999939,2,1.4359356323441679E-6-3.435041802387482E-11i,0.0071796781617210845-1.7175209011937997E-7i
74.01923788646708,38.9999999999995,2,1.4359356323441679E-6-3.435041802387482E-11i,0.0071796781617210845-1.7175209011937997E-7i
72.28718707889809,39.99999999999884,2,1.4359356323441679E-6-3.435041802387482E-11i,0.007179678161721084-1.7175209011937995E-7i
70.55513627132856,40.99999999999828,2,1.4359356323441679E-6-3.435041802387482E-11i,0.0071796781617210845-1.7175209011937997E-7i
72.2871870788983,37.999999999999616,2,1.4359356323441679E-6-3.435041802387482E-11i,0.0071796781617210845-1.7175209011937997E-7i
70.55513627132956,38.99999999999905,2,1.4359356323441679E-6-3.435041802387482E-11i,0.0071796781617210845-1.7175209011937997E-7i
75.75128869403588,37.999999999999766,2,1.4359356323441679E-6-3.435041802387482E-11i,0.0071796781617210845-1.7175209011937997E-7i
77.48333950160475,36.999999999999844,2,1.4359356323441679E-6-3.435041802387482E-11i,0.0071796781617210845-1.7175209011937997E-7i
82.67949192431132,35.99999999999997,2,1.4359356323441679E-6-3.435041802387482E-11i,0.007179678161721084-1.7175209011937995E-7i
80.94744111674247,35.00000000000007,2,1.4359356323441679E-6-3.435041802387482E-11i,0.0071796781617210845-1.7175209011937997E-7i
82.6794919243113,34.000000000000114,2,1.4359356323441679E-6-3.435041802387482E-11i,0.007179678161721084-1.7175209011937997E-7i
79.21539030917363,35.99999999999996,2,1.4359356323441679E-6-3.435041802387482E-11i,0.007179678161721085-1.7175209011938E-7i
79.21539030917356,37.99999999999986,2,1.4359356323441679E-6-3.435041802387482E-11i,0.007179678161721084-1.7175209011937997E-7i
74.0192378864671,36.99999999999977,2,1.4359356323441679E-6-3.435041802387482E-11i,0.007179678161721084-1.7175209011937995E-7i
72.28718707889837,35.9999999999999,2,1.4359356323441679E-6-3.435041802387482E-11i,0.0071796781617210845-1.7175209011937997E-7i
75.75128869403596,35.99999999999993,2,1.4359356323441679E-6-3.435041802387482E-11i,0.0071796781617210845-1.7175209011937997E-7i
74.01923788646718,35.00000000000017,2,1.4359356323441679E-6-3.435041802387482E-11i,0.0071796781617210845-1.7175209011937997E-7i
77.4833395016048,35.000000000000114,2,1.4359356323441679E-6-3.435041802387482E-11i,0.0071796781617210845-1.7175209011937997E-7i
79.21539030917359,34.000000000000185,2,1.4359356323441679E-6-3.435041802387482E-11i,0.007179678161721084-1.7175209011937997E-7i
79.21539030917349,32.00000000000024,2,1.4359356323441679E-6-3.435041802387482E-11i,0.0071796781617210845-1.7175209011937997E-7i
77.48333950160469,33.0000000000003,2,1.4359356323441679E-6-3.435041802387482E-11i,0.0071796781617210845-1.7175209011937997E-7i
80.9474411167424,33.00000000000017,2,1.4359356323441679E-6-3.435041802387482E-11i,0.0071796781617210845-1.7175209011937997E-7i
80.94744111674233,31.0000000000002,2,1.4359356323441679E-6-3.435041802387482E-11i,0.007179678161721084-1.7175209011937997E-7i
82.67949192431124,32.00000000000014,2,1.4359356323441679E-6-3.435041802387482E-11i,0.007179678161721084-1.7175209011937997E-7i
76.87665454546072,27.221027519430375,1.1111111111111105,1.434290842357385E-6-3.431107139695448E-11i,0.007179678161721085-1.7175209011937997E-7i
77.57492965711438,27.144263698196724,2,1.4359356323441679E-6-3.435041802387482E-11i,0.007179678161721084-1.7175209011937997E-7i
77.48333950160438,29.00000000000007,2,1.4359356323441679E-6-3.435041802387482E-11i,0.0071796781617210845-1.7175209011937997E-7i
75.87501415470368,28.104554506556667,2,1.4359356323441679E-6-3.435041802387482E-11i,0.0071796781617210845-1.7175209011937997E-7i
77.69366466793441,25.190065920307717,2,1.4359356323441679E-6-3.435041802387482E-11i,0.007179678161721085-1.7175209011938E-7i
76.09061044087908,26.21050564977139,2,1.4359356323441679E-6-3.435041802387482E-11i,0.0071796781617210845-1.7175209011937997E-7i
84.4115427318801,25.00000000000007,2,1.4359356323441679E-6-3.435041802387482E-11i,0.0071796781617210845-1.7175209011937997E-7i
82.67949192431125,25.999999999999986,2,1.4359356323441679E-6-3.435041802387482E-11i,0.0071796781617210845-1.7175209011937997E-7i
79.29512989165585,26.092589624850433,2,1.4359356323441679E-6-3.435041802387482E-11i,0.007179678161721084-1.7175209011937995E-7i
80.94744111674234,26.999999999999872,2,1.4359356323441679E-6-3.435041802387482E-11i,0.0071796781617210845-1.7175209011937997E-7i
81.00162242901206,25.111375148865704,2,1.4359356323441679E-6-3.435041802387482E-11i,0.0071796781617210845-1.7175209011937997E-7i
79.37146820546337,24.23265801364657,2,1.4359356323441679E-6-3.435041802387482E-11i,0.007179678161721084-1.7175209011937997E-7i
79.21539030917334,27.999999999999886,2,1.4359356323441679E-6-3.435041802387482E-11i,0.0071796781617210845-1.7175209011937997E-7i
80.94744111674223,29.00000000000007,2,1.4359356323441679E-6-3.435041802387482E-11i,0.0071796781617210845-1.7175209011937997E-7i
79.21539030917336,30.000000000000213,2,1.4359356323441679E-6-3.435041802387482E-11i,0.007179678161721084-1.7175209011937997E-7i
82.67949192431114,27.999999999999957,2,1.4359356323441679E-6-3.435041802387482E-11i,0.007179678161721084-1.7175209011937995E-7i
82.67949192431117,24.000000000000085,2,1.4359356323441679E-6-3.435041802387482E-11i,0.007179678161721084-1.7175209011937997E-7i
84.41154273188002,22.99999999999997,2,1.4359356323441679E-6-3.435041802387482E-11i,0.0071796781617210845-1.7175209011937997E-7i
80.95541095861111,23.10166239563415,2,1.4359356323441679E-6-3.435041802387482E-11i,0.0071796781617210845-1.7175209011937997E-7i
89.60769515458672,21.999999999999943,2,1.4359356323441679E-6-3.435041802387482E-11i,0.007179678161721084-1.7175209011937995E-7i
87.87564434701787,20.999999999999943,2,1.4359356323441679E-6-3.435041802387482E-11i,0.0071796781617210845-1.7175209011937997E-7i
86.14359353944894,21.999999999999915,2,1.4359356323441679E-6-3.435041802387482E-11i,0.0071796781617210845-1.7175209011937997E-7i
84.39265792193281,21.088912994381985,2,1.4359356323441679E-6-3.435041802387482E-11i,0.007179678161721085-1.7175209011938E-7i
87.87564434701785,18.99999999999997,2,1.4359356323441679E-6-3.435041802387482E-11i,0.007179678161721084-1.7175209011937997E-7i
87.86743341777992,17.132319319902706,2,1.4359356323441679E-6-3.435041802387482E-11i,0.0071796781617210845-1.7175209011937997E-7i
86.08778096724969,18.06135444856629,2,1.4359356323441679E-6-3.435041802387482E-11i,0.0071796781617210845-1.7175209011937997E-7i
86.1278934265263,20.07254445861362,2,1.4359356323441679E-6-3.435041802387482E-11i,0.007179678161721084-1.7175209011937995E-7i
84.38672893640361,19.152234745858564,2,1.4359356323441679E-6-3.435041802387482E-11i,0.0071796781617210845-1.7175209011937997E-7i
86.14831667511334,16.192051212361804,2,1.4359356323441679E-6-3.435041802387482E-11i,0.0071796781617210845-1.7175209011937997E-7i
84.13814124568714,17.06135474454817,2,1.435935632344168E-6-3.435041802387482E-11i,0.0071796781617210845-1.7175209011938E-7i
84.62602092793897,15.25907777732391,2,1.4359356323441679E-6-3.435041802387482E-11i,0.007179678161721084-1.7175209011937997E-7i
86.11948062857695,13.95386861663269,2,1.435935632344168E-6-3.435041802387482E-11i,0.0071796781617210845-1.7175209011938E-7i
82.98891830186024,15.362097044259315,2,1.4359356323441679E-6-3.435041802387482E-11i,0.0071796781617210845-1.7175209011937997E-7i
81.98955100980871,17.138625872626307,2,1.4359356323441679E-6-3.435041802387482E-11i,0.007179678161721084-1.7175209011937997E-7i
81.01423836086094,15.532020677024036,2,1.4359356323441679E-6-3.435041802387482E-11i,0.007179678161721084-1.7175209011937997E-7i
79.94807901112893,17.255203851802875,2,1.4359356323441679E-6-3.435041802387482E-11i,0.0071796781617210845-1.7175209011937997E-7i
80.96759763852911,19.067463292671675,2,1.435935632344168E-6-3.435041802387482E-11i,0.0071796781617210845-1.7175209011938E-7i
82.75105048378342,20.138110786711394,2,1.4359356323441679E-6-3.435041802387482E-11i,0.0071796781617210845-1.7175209011937997E-7i
82.88543011112262,18.563738977944496,2,1.4359356323441679E-6-3.435041802387482E-11i,0.0071796781617210845-1.7175209011937995E-7i
89.64158351591098,14.045081531595088,2,1.4359356323441679E-6-3.435041802387482E-11i,0.0071796781617210845-1.7175209011937997E-7i
87.91953958057047,15.083786086859647,2,1.4359356323441679E-6-3.435041802387482E-11i,0.007179678161721084-1.7175209011937997E-7i
88.01536130174411,13.433911603678837,2,1.4359356323441679E-6-3.435041802387482E-11i,0.007179678161721084-1.7175209011937997E-7i
91.30281791646966,13.021402541642459,2,1.4359356323441679E-6-3.435041802387482E-11i,0.007179678161721084-1.7175209011937997E-7i
91.46038575216939,11.164527439756256,2,1.4359356323441679E-6-3.435041802387482E-11i,0.0071796781617210845-1.7175209011937997E-7i
90.0702816884986,9.870960494639135,2,1.4359356323441679E-6-3.435041802387482E-11i,0.0071796781617210845-1.7175209011937997E-7i
90.96436126751581,8.268909075953957,2,1.4359356323441679E-6-3.435041802387482E-11i,0.0071796781617210845-1.7175209011937997E-7i
89.21096839893137,11.905459692440985,2,1.435935632344168E-6-3.435041802387482E-11i,0.0071796781617210845-1.7175209011938E-7i
87.10539165369278,12.083744236155695,2,1.4359356323441679E-6-3.435041802387482E-11i,0.007179678161721085-1.7175209011938E-7i
91.96544223349537,6.524016450889633,2,1.4359356323441679E-6-3.435041802387482E-11i,0.007179678161721084-1.7175209011937997E-7i
93.4990955728985,6.4618487963630855,2,1.4359356323441679E-6-3.435041802387482E-11i,0.007179678161721084-1.7175209011937997E-7i
92.97009095398454,5.0702920986700235,2,1.4359356323441679E-6-3.435041802387482E-11i,0.0071796781617210845-1.7175209011937997E-7i
90.02400748327706,6.825642746015546,2,1.4359356323441679E-6-3.435041802387482E-11i,0.0071796781617210845-1.7175209011937997E-7i
94.95787469550754,5.14457632883412,2,1.435935632344168E-6-3.435041802387482E-11i,0.0071796781617210845-1.7175209011938E-7i
96.82760345564006,4.660104620566642,2,1.4359356323441679E-6-3.435041802387482E-11i,0.0071796781617210845-1.7175209011937995E-7i
93.98342117337987,3.3667499008641926,2,1.4359356323441679E-6-3.435041802387482E-11i,0.0071796781617210845-1.7175209011937997E-7i
91.99683951781361,3.441966992761891,2,1.4359356323441679E-6-3.435041802387482E-11i,0.0071796781617210845-1.7175209011937997E-7i
95.01541390224563,1.69934472445442,2,1.4359356323441679E-6-3.435041802387482E-11i,0.007179678161721084-1.7175209011937997E-7i
96,0,2,1.4359356323441679E-6-3.435041802387482E-11i,0.007179678161721084-1.7175209011937995E-7i
93,1.732050807568882,2,1.4359356323441679E-6-3.435041802387482E-11i,0.0071796781617210845-1.7175209011937997E-7i
94,0,2,1.4359356323441679E-6-3.435041802387482E-11i,0.007179678161721084-1.7175209011937995E-7i
92,0,1.9999999999999998,1.4359356323441679E-6-3.435041802387482E-11i,0.007179678161721084-1.7175209011937995E-7i
8.179787745492263,90.43783794403284,2,1.4359356323441679E-6-3.435041802387482E-11i,0.0071796781617210845-1.7175209011937995E-7i
6.701140352156401,89.83919426585251,2,1.4359356323441679E-6-3.435041802387482E-11i,0.007179678161721084-1.7175209011937997E-7i
8.075179099445677,89.10408464228993,2,1.4359356323441679E-6-3.435041802387482E-11i,0.007179678161721084-1.7175209011937997E-7i
7.007478857466197,87.98087239772576,2,1.4359356323441679E-6-3.435041802387482E-11i,0.0071796781617210845-1.7175209011937997E-7i
9.031439914094989,87.44551958496805,2,1.435935632344168E-6-3.435041802387482E-11i,0.0071796781617210845-1.7175209011938E-7i
5.286533630089522,88.93122333850658,2,1.4359356323441679E-6-3.435041802387482E-11i,0.0071796781617210845-1.7175209011937997E-7i
11.087341472921906,87.87168862527356,2,1.4359356323441679E-6-3.435041802387482E-11i,0.007179678161721084-1.7175209011937995E-7i
10.495561331829762,85.98453508494077,2,1.4359356323441679E-6-3.435041802387482E-11i,0.0071796781617210845-1.7175209011937997E-7i
8.739185186277297,85.16325205174206,2,1.4359356323441679E-6-3.435041802387482E-11i,0.007179678161721084-1.7175209011937997E-7i
7.17065185485292,86.07962614169466,2,1.4359356323441679E-6-3.435041802387482E-11i,0.0071796781617210845-1.7175209011937997E-7i
7.0389277641082515,84.0753907113874,2,1.4359356323441679E-6-3.435041802387482E-11i,0.007179678161721085-1.7175209011938E-7i
10.426095413073654,84.01674983851449,2,1.4359356323441679E-6-3.435041802387482E-11i,0.007179678161721085-1.7175209011938E-7i
3.46410161513775,90,2,1.4359356323441679E-6-3.435041802387482E-11i,0.0071796781617210845-1.7175209011937997E-7i
3.46410161513775,88,2,1.4359356323441679E-6-3.435041802387482E-11i,0.007179678161721085-1.7175209011938E-7i
3.3785192395536683,91.83979678639051,2,1.4359356323441679E-6-3.435041802387482E-11i,0.007179678161721084-1.7175209011937997E-7i
1.732050807568882,91,2,1.4359356323441679E-6-3.435041802387482E-11i,0.0071796781617210845-1.7175209011937997E-7i
5.277696091029185,86.98514444660984,2,1.4359356323441679E-6-3.435041802387482E-11i,0.007179678161721084-1.7175209011937997E-7i
3.464101615137764,86,2,1.4359356323441679E-6-3.435041802387482E-11i,0.0071796781617210845-1.7175209011937997E-7i
1.7320508075688679,89,2,1.4359356323441679E-6-3.435041802387482E-11i,0.0071796781617210845-1.7175209011937997E-7i
1.7320508075688679,87,2,1.4359356323441679E-6-3.435041802387482E-11i,0.0071796781617210845-1.7175209011937997E-7i
0,90,2,1.4359356323441679E-6-3.435041802387482E-11i,0.007179678161721084-1.7175209011937995E-7i
0,88,1.9999999999999998,1.4359356323441679E-6-3.435041802387482E-11i,0.007179678161721084-1.7175209011937995E-7i
0,86,2,1.4359356323441679E-6-3.435041802387482E-11i,0.007179678161721084-1.7175209011937995E-7i
19.02565902951271,84.49227564060455,2,1.4359356323441679E-6-3.435041802387482E-11i,0.007179678161721084-1.7175209011937997E-7i
18.03207356699788,82.89368548401546,2,1.4359356323441679E-6-3.435041802387482E-11i,0.0071796781617210845-1.7175209011937997E-7i
17.055605794365604,84.6338723417372,2,1.4359356323441679E-6-3.435041802387482E-11i,0.007179678161721085-1.7175209011938E-7i
14.959845895616496,87.88097220434695,2,1.4359356323441679E-6-3.435041802387482E-11i,0.0071796781617210845-1.7175209011937997E-7i
16.015539450903134,86.3155980643732,2,1.4359356323441679E-6-3.435041802387482E-11i,0.007179678161721084-1.7175209011937997E-7i
18.03108911195008,86.24234475251652,2,1.4359356323441679E-6-3.435041802387482E-11i,0.0071796781617210845-1.7175209011937997E-7i
15.38146991727578,84.75213768819467,2,1.4359356323441679E-6-3.435041802387482E-11i,0.007179678161721084-1.7175209011937997E-7i
15.862593704972312,82.93134447343215,2,1.435935632344168E-6-3.435041802387482E-11i,0.0071796781617210845-1.7175209011938E-7i
16.951603361284185,87.98345141445807,2,1.4359356323441679E-6-3.435041802387482E-11i,0.007179678161721084-1.7175209011937995E-7i
12.167901577123217,82.93294551109406,2,1.4359356323441679E-6-3.435041802387482E-11i,0.0071796781617210845-1.7175209011937997E-7i
17.113173795969516,81.45328238968915,2,1.4359356323441679E-6-3.435041802387482E-11i,0.007179678161721084-1.7175209011937997E-7i
19.026377089666,80.93732107555655,2,1.4359356323441677E-6-3.435041802387482E-11i,0.007179678161721085-1.7175209011937997E-7i
20.482350340455326,79.63394880972898,2,1.4359356323441679E-6-3.435041802387482E-11i,0.007179678161721084-1.7175209011937997E-7i
17.237628500905714,79.87043484536505,2,1.4359356323441679E-6-3.435041802387482E-11i,0.0071796781617210845-1.7175209011937997E-7i
15.636635731569129,80.8789633783635,2,1.4359356323441679E-6-3.435041802387482E-11i,0.0071796781617210845-1.7175209011937997E-7i
15.598239724776107,78.95116943125002,2,1.4359356323441679E-6-3.435041802387482E-11i,0.0071796781617210845-1.7175209011937997E-7i
13.977251088040745,81.9450374476169,2,1.4359356323441679E-6-3.435041802387482E-11i,0.0071796781617210845-1.7175209011937997E-7i
12.12435565298216,80.99999999999997,2,1.4359356323441679E-6-3.435041802387482E-11i,0.0071796781617210845-1.7175209011937997E-7i
10.392304845413264,82,2,1.4359356323441679E-6-3.435041802387482E-11i,0.0071796781617210845-1.7175209011937997E-7i
10.392304845413264,79.99999999999997,2,1.4359356323441679E-6-3.435041802387482E-11i,0.0071796781617210845-1.7175209011937997E-7i
13.912084883508726,79.95466186396149,2,1.4359356323441679E-6-3.435041802387482E-11i,0.007179678161721084-1.7175209011937995E-7i
12.124355652982103,78.99999999999997,2,1.4359356323441679E-6-3.435041802387482E-11i,0.007179678161721084-1.7175209011937997E-7i
13.856406460550971,78.00000000000003,2,1.4359356323441679E-6-3.435041802387482E-11i,0.007179678161721085-1.7175209011938E-7i
17.276065766399682,77.8853543378916,2,1.4359356323441679E-6-3.435041802387482E-11i,0.0071796781617210845-1.7175209011937997E-7i
15.588457268119868,77.00000000000014,2,1.4359356323441679E-6-3.435041802387482E-11i,0.0071796781617210845-1.7175209011937997E-7i
22.074192407295243,79.51194388386506,2,1.4359356323441679E-6-3.435041802387482E-11i,0.007179678161721084-1.7175209011937995E-7i
20.94383263795038,77.86546535919489,2,1.435935632344168E-6-3.435041802387482E-11i,0.0071796781617210845-1.7175209011938E-7i
23.095973273870342,77.75661685807846,2,1.4359356323441679E-6-3.435041802387482E-11i,0.007179678161721084-1.7175209011937997E-7i
25.067628882270412,77.60821960640851,2,1.4359356323441679E-6-3.435041802387482E-11i,0.0071796781617210845-1.7175209011937997E-7i
22.199722729286492,76.39443333394895,2,1.4359356323441679E-6-3.435041802387482E-11i,0.007179678161721084-1.7175209011937997E-7i
26.00000000000024,79.21539030917337,2,1.4359356323441679E-6-3.435041802387482E-11i,0.007179678161721084-1.7175209011937995E-7i
28.000000000000156,79.21539030917364,2,1.4359356323441679E-6-3.435041802387482E-11i,0.0071796781617210845-1.7175209011937997E-7i
27.06951111964429,77.53557265564817,2,1.4359356323441679E-6-3.435041802387482E-11i,0.0071796781617210845-1.7175209011937997E-7i
26.14232577579878,75.97861454608034,2,1.4359356323441679E-6-3.435041802387482E-11i,0.0071796781617210845-1.7175209011937997E-7i
24.019724500453492,75.83317435269399,2,1.4359356323441679E-6-3.435041802387482E-11i,0.007179678161721084-1.7175209011937997E-7i
25.42144861679813,74.46312881878973,2,1.4359356323441679E-6-3.435041802387482E-11i,0.007179678161721084-1.7175209011937997E-7i
22.274977003038373,74.86034994038698,2,1.4359356323441679E-6-3.435041802387482E-11i,0.0071796781617210845-1.7175209011937997E-7i
24.023454314013634,73.79626844014548,2,1.4359356323441679E-6-3.435041802387482E-11i,0.0071796781617210845-1.7175209011937997E-7i
60.84895835659595,63.787603069666254,2,1.4359356323441679E-6-3.435041802387482E-11i,0.007179678161721084-1.7175209011937995E-7i
58.82265132601369,63.73531958712064,2,1.4359356323441679E-6-3.435041802387482E-11i,0.0071796781617210845-1.7175209011937997E-7i
58.00000000000804,65.35898384862018,2,1.4359356323441679E-6-3.435041802387482E-11i,0.007179678161721084-1.7175209011937995E-7i
57.91113105631719,61.919251089155246,2,1.4359356323441679E-6-3.435041802387482E-11i,0.007179678161721084-1.7175209011937997E-7i
55.95754454619923,61.931564661748595,2,1.4359356323441679E-6-3.435041802387482E-11i,0.0071796781617210845-1.7175209011937997E-7i
56.874549323307306,60.24134554906346,2,1.4359356323441679E-6-3.435041802387482E-11i,0.0071796781617210845-1.7175209011937997E-7i
61.97120893595564,58.000378634815355,2,1.4359356323441679E-6-3.435041802387482E-11i,0.007179678161721084-1.7175209011937995E-7i
60.50335946356701,58.95747167561544,2,1.4359356323441679E-6-3.435041802387482E-11i,0.0071796781617210845-1.7175209011937997E-7i
60.24790371517419,56.99811012397796,2,1.4359356323441679E-6-3.435041802387482E-11i,0.0071796781617210845-1.7175209011937997E-7i
58.85331121493963,60.03660918684121,2,1.435935632344168E-6-3.435041802387482E-11i,0.0071796781617210845-1.7175209011938E-7i
55.91599222540288,58.68441894266742,2,1.4359356323441679E-6-3.435041802387482E-11i,0.007179678161721084-1.7175209011937997E-7i
54.975223268364026,60.211980328964245,2,1.4359356323441679E-6-3.435041802387482E-11i,0.0071796781617210845-1.7175209011937997E-7i
57.45650022624403,58.795512342829895,2,1.4359356323441679E-6-3.435041802387482E-11i,0.007179678161721084-1.7175209011937997E-7i
57.10824649746944,57.2604709025749,2,1.4359356323441679E-6-3.435041802387482E-11i,0.0071796781617210845-1.7175209011937997E-7i
54.02147093595541,58.55303557131365,2,1.4359356323441679E-6-3.435041802387482E-11i,0.0071796781617210845-1.7175209011937997E-7i
45.000000000002906,70.5551362713289,2,1.4359356323441679E-6-3.435041802387482E-11i,0.0071796781617210845-1.7175209011937997E-7i
47.99999999999874,68.82308546376188,2,1.4359356323441679E-6-3.435041802387482E-11i,0.007179678161721084-1.7175209011937995E-7i
47.00000000000125,67.09103465619417,2,1.4359356323441679E-6-3.435041802387482E-11i,0.0071796781617210845-1.7175209011937997E-7i
46.00000000000315,68.82308546376153,2,1.4359356323441679E-6-3.435041802387482E-11i,0.0071796781617210845-1.7175209011937997E-7i
50.99999999999773,63.62693304105137,2,1.4359356323441679E-6-3.435041802387482E-11i,0.007179678161721084-1.7175209011937995E-7i
48.99999999999321,63.62693304105542,2,1.4359356323441679E-6-3.435041802387482E-11i,0.0071796781617210845-1.7175209011937997E-7i
52.000000000001535,61.89488223348292,2,1.4359356323441679E-6-3.435041802387482E-11i,0.0071796781617210845-1.7175209011937997E-7i
49.999999999991964,61.89488223348315,2,1.4359356323441679E-6-3.435041802387482E-11i,0.0071796781617210845-1.7175209011937997E-7i
53.99999999999629,61.89488223348626,2,1.4359356323441679E-6-3.435041802387482E-11i,0.007179678161721084-1.7175209011937995E-7i
53.000000000001805,60.162831425917304,2,1.4359356323441679E-6-3.435041802387482E-11i,0.0071796781617210845-1.7175209011937997E-7i
47.99999999999739,65.35898384862578,2,1.4359356323441679E-6-3.435041802387482E-11i,0.0071796781617210845-1.7175209011937997E-7i
47.000000000002544,63.626933041059175,2,1.4359356323441679E-6-3.435041802387482E-11i,0.0071796781617210845-1.7175209011937997E-7i
45.00000000000557,67.09103465619089,2,1.4359356323441679E-6-3.435041802387482E-11i,0.0071796781617210845-1.7175209011937997E-7i
46.00000000000626,65.35898384862494,2,1.4359356323441679E-6-3.435041802387482E-11i,0.007179678161721084-1.7175209011937997E-7i
44.0000000000046,65.3589838486188,2,1.4359356323441679E-6-3.435041802387482E-11i,0.0071796781617210845-1.7175209011937997E-7i
42.99999999999972,70.55513627132751,2,1.4359356323441679E-6-3.435041802387482E-11i,0.007179678161721084-1.7175209011937995E-7i
40.999999999998366,70.55513627132947,2,1.4359356323441679E-6-3.435041802387482E-11i,0.007179678161721084-1.7175209011937997E-7i
44.00000000000252,68.82308546375836,2,1.4359356323441679E-6-3.435041802387482E-11i,0.0071796781617210845-1.7175209011937997E-7i
41.99999999999735,68.8230854637592,2,1.4359356323441679E-6-3.435041802387482E-11i,0.0071796781617210845-1.7175209011937997E-7i
39.99999999999987,68.82308546376137,2,1.4359356323441679E-6-3.435041802387482E-11i,0.0071796781617210845-1.7175209011937997E-7i
39.00000000000116,70.55513627132933,2,1.4359356323441679E-6-3.435041802387482E-11i,0.007179678161721084-1.7175209011937995E-7i
36.99999999999957,70.55513627132831,2,1.4359356323441679E-6-3.435041802387482E-11i,0.0071796781617210845-1.7175209011937997E-7i
38.00000000000126,68.82308546375945,2,1.4359356323441679E-6-3.435041802387482E-11i,0.0071796781617210845-1.7175209011937997E-7i
41.99999999999466,65.35898384862062,2,1.4359356323441679E-6-3.435041802387482E-11i,0.0071796781617210845-1.7175209011937997E-7i
42.99999999999805,63.62693304104783,2,1.4359356323441679E-6-3.435041802387482E-11i,0.0071796781617210845-1.7175209011937997E-7i
42.99999999999922,67.09103465618834,2,1.4359356323441679E-6-3.435041802387482E-11i,0.007179678161721084-1.7175209011937995E-7i
40.99999999999673,67.09103465619216,2,1.4359356323441679E-6-3.435041802387482E-11i,0.007179678161721084-1.7175209011937997E-7i
29.999999999999687,79.21539030917353,2,1.4359356323441679E-6-3.435041802387482E-11i,0.007179678161721084-1.7175209011937995E-7i
28.99999999999983,77.48333950160485,2,1.4359356323441679E-6-3.435041802387482E-11i,0.0071796781617210845-1.7175209011937997E-7i
30.999999999999687,77.48333950160446,2,1.4359356323441679E-6-3.435041802387482E-11i,0.007179678161721084-1.7175209011937997E-7i
32.00000000000006,75.75128869403547,2,1.4359356323441679E-6-3.435041802387482E-11i,0.007179678161721084-1.7175209011937997E-7i
29.99999999999943,75.75128869403582,2,1.4359356323441679E-6-3.435041802387482E-11i,0.0071796781617210845-1.7175209011937997E-7i
30.919833025319775,74.10602782445126,2,1.4359356323441679E-6-3.435041802387482E-11i,0.0071796781617210845-1.7175209011937997E-7i
33.00000000000048,74.01923788646678,2,1.4359356323441679E-6-3.435041802387482E-11i,0.007179678161721084-1.7175209011937995E-7i
34.000000000000284,72.28718707889836,2,1.4359356323441679E-6-3.435041802387482E-11i,0.007179678161721084-1.7175209011937997E-7i
32.00218221329553,72.32093443652397,2,1.4359356323441679E-6-3.435041802387482E-11i,0.007179678161721085-1.7175209011938E-7i
28.04383073251141,75.86694666484513,2,1.4359356323441679E-6-3.435041802387482E-11i,0.007179678161721084-1.7175209011937995E-7i
28.903073528409607,74.05529331575015,2,1.4359356323441679E-6-3.435041802387482E-11i,0.0071796781617210845-1.7175209011937997E-7i
26.99941345038941,74.23195343047234,2,1.4359356323441679E-6-3.435041802387482E-11i,0.007179678161721084-1.7175209011937997E-7i
25.655407061299968,72.97509813802654,2,1.4359356323441679E-6-3.435041802387482E-11i,0.0071796781617210845-1.7175209011937997E-7i
27.77929952489407,72.1146712117041,2,1.435935632344168E-6-3.435041802387482E-11i,0.0071796781617210845-1.7175209011938E-7i
25.92115335228715,70.93507131851862,2,1.4359356323441679E-6-3.435041802387482E-11i,0.0071796781617210845-1.7175209011937997E-7i
35.39594345818557,66.02830972131495,1.2499999999999836,1.435934061226207E-6-3.435038043962838E-11i,0.007179678161721085-1.7175209011938E-7i
34.4275993378712,65.7464858657039,2,1.4359356323441679E-6-3.435041802387482E-11i,0.007179678161721084-1.7175209011937997E-7i
36.075059659658194,65.60652821744803,2,1.4359356323441679E-6-3.435041802387482E-11i,0.007179678161721084-1.7175209011937997E-7i
35.058677628243075,67.24125657897801,2,1.4359356323441679E-6-3.435041802387482E-11i,0.0071796781617210845-1.7175209011937997E-7i
37.03758562825939,67.18800214235011,2,1.4359356323441679E-6-3.435041802387482E-11i,0.007179678161721085-1.7175209011938E-7i
34.99999999999919,70.55513627132959,2,1.4359356323441679E-6-3.435041802387482E-11i,0.0071796781617210845-1.7175209011937997E-7i
33.003588874674236,70.64896578626143,2,1.4359356323441679E-6-3.435041802387482E-11i,0.007179678161721084-1.7175209011937997E-7i
39.00000000000222,67.09103465619195,2,1.4359356323441679E-6-3.435041802387482E-11i,0.007179678161721084-1.7175209011937995E-7i
39.999999999999666,65.35898384862485,2,1.4359356323441679E-6-3.435041802387482E-11i,0.0071796781617210845-1.7175209011937997E-7i
38.03555627925244,65.45928240623346,2,1.4359356323441679E-6-3.435041802387482E-11i,0.007179678161721084-1.7175209011937997E-7i
34.0457723505489,68.86272331073252,2,1.4359356323441679E-6-3.435041802387482E-11i,0.007179678161721084-1.7175209011937997E-7i
32.98680233190274,67.03588440489104,2,1.435935632344168E-6-3.435041802387482E-11i,0.0071796781617210845-1.7175209011938E-7i
36.00604271114871,68.88773254311353,2,1.4359356323441679E-6-3.435041802387482E-11i,0.007179678161721084-1.7175209011937995E-7i
29.96551282709254,72.46647243970122,2,1.4359356323441679E-6-3.435041802387482E-11i,0.007179678161721084-1.7175209011937995E-7i
29.286831896328422,70.82423476363114,2,1.4359356323441679E-6-3.435041802387482E-11i,0.007179678161721084-1.7175209011937997E-7i
31.02453455436195,70.69104218580682,2,1.4359356323441679E-6-3.435041802387482E-11i,0.0071796781617210845-1.7175209011937997E-7i
58.43078061832363,55.999999999990564,2,1.4359356323441679E-6-3.435041802387482E-11i,0.0071796781617210845-1.7175209011937997E-7i
60.16283142590676,54.99999999997329,2,1.4359356323441679E-6-3.435041802387482E-11i,0.0071796781617210845-1.7175209011937997E-7i
58.77370965347689,58.04017886609414,2,1.4359356323441679E-6-3.435041802387482E-11i,0.007179678161721084-1.7175209011937995E-7i
61.89488223348818,53.99999999997834,2,1.4359356323441679E-6-3.435041802387482E-11i,0.007179678161721084-1.7175209011937997E-7i
60.1628314259315,52.99999999998367,2,1.4359356323441679E-6-3.435041802387482E-11i,0.0071796781617210845-1.7175209011937997E-7i
61.89488223349692,52.00000000000414,2,1.4359356323441679E-6-3.435041802387482E-11i,0.0071796781617210845-1.7175209011937997E-7i
63.626933041061534,52.999999999991836,2,1.4359356323441679E-6-3.435041802387482E-11i,0.007179678161721084-1.7175209011937995E-7i
63.626933041058415,51.000000000011056,2,1.4359356323441679E-6-3.435041802387482E-11i,0.0071796781617210845-1.7175209011937997E-7i
63.626933041048815,49.000000000006295,2,1.4359356323441679E-6-3.435041802387482E-11i,0.007179678161721084-1.7175209011937995E-7i
61.894882233483294,50.00000000001699,2,1.4359356323441679E-6-3.435041802387482E-11i,0.0071796781617210845-1.7175209011937997E-7i
63.6269330410522,46.999999999994365,2,1.4359356323441679E-6-3.435041802387482E-11i,0.007179678161721084-1.7175209011937997E-7i
61.894882233478015,47.9999999999974,2,1.4359356323441679E-6-3.435041802387482E-11i,0.0071796781617210845-1.7175209011937997E-7i
63.62693304105607,45.00000000000229,2,1.4359356323441679E-6-3.435041802387482E-11i,0.0071796781617210845-1.7175209011937997E-7i
61.894882233487664,45.99999999999497,2,1.4359356323441679E-6-3.435041802387482E-11i,0.0071796781617210845-1.7175209011937997E-7i
60.16283142592513,51.00000000002237,2,1.4359356323441679E-6-3.435041802387482E-11i,0.007179678161721084-1.7175209011937995E-7i
60.162831425905836,49.00000000001177,2,1.4359356323441679E-6-3.435041802387482E-11i,0.0071796781617210845-1.7175209011937997E-7i
58.43078061837116,52.00000000000854,2,1.4359356323441679E-6-3.435041802387482E-11i,0.0071796781617210845-1.7175209011937997E-7i
58.430780618343384,50.00000000003377,2,1.4359356323441679E-6-3.435041802387482E-11i,0.007179678161721084-1.7175209011937997E-7i
60.162831425913225,46.99999999998783,2,1.4359356323441679E-6-3.435041802387482E-11i,0.007179678161721084-1.7175209011937997E-7i
58.45315368322724,47.99863012440435,2,1.4359356323441679E-6-3.435041802387482E-11i,0.0071796781617210845-1.7175209011937997E-7i
60.29321885929256,45.06792544805478,2,1.4359356323441679E-6-3.435041802387482E-11i,0.0071796781617210845-1.7175209011937997E-7i
65.35898384862223,44.000000000004064,2,1.4359356323441679E-6-3.435041802387482E-11i,0.007179678161721084-1.7175209011937995E-7i
63.719439668583256,43.04755959634239,2,1.4359356323441679E-6-3.435041802387482E-11i,0.0071796781617210845-1.7175209011937997E-7i
65.35898384861957,41.99999999999866,2,1.4359356323441679E-6-3.435041802387482E-11i,0.0071796781617210845-1.7175209011937997E-7i
68.82308546375866,41.999999999999076,2,1.4359356323441679E-6-3.435041802387482E-11i,0.0071796781617210845-1.7175209011937997E-7i
68.8230854637604,39.99999999999781,2,1.4359356323441679E-6-3.435041802387482E-11i,0.007179678161721084-1.7175209011937995E-7i
68.82308546376086,37.99999999999938,2,1.4359356323441679E-6-3.435041802387482E-11i,0.007179678161721084-1.7175209011937997E-7i
70.55513627132954,36.9999999999997,2,1.4359356323441679E-6-3.435041802387482E-11i,0.0071796781617210845-1.7175209011937997E-7i
67.09103465619027,40.99999999999693,2,1.4359356323441679E-6-3.435041802387482E-11i,0.0071796781617210845-1.7175209011937997E-7i
67.09211622944936,39.10940725703131,2,1.4359356323441679E-6-3.435041802387482E-11i,0.0071796781617210845-1.7175209011937997E-7i
65.3577108934087,40.06931237782595,2,1.4359356323441679E-6-3.435041802387482E-11i,0.0071796781617210845-1.7175209011937997E-7i
65.5515093265864,34.27905249692198,2,1.4359356323441679E-6-3.435041802387482E-11i,0.007179678161721084-1.7175209011937997E-7i
64.74329593890275,34.83701022550586,1.289149058948847,1.4355868761995261E-6-3.434207508768257E-11i,0.007179678161721086-1.7175209011937995E-7i
65.09897104199634,36.05789276744584,2,1.435935632344168E-6-3.435041802387482E-11i,0.0071796781617210845-1.7175209011938E-7i
67.11935235719592,35.18672706125412,2,1.4359356323441679E-6-3.435041802387482E-11i,0.007179678161721085-1.7175209011938E-7i
64.96104175311038,32.831837703084034,2,1.4359356323441679E-6-3.435041802387482E-11i,0.0071796781617210845-1.7175209011937997E-7i
63.98955109712991,34.40825625385877,2,1.4359356323441679E-6-3.435041802387482E-11i,0.007179678161721084-1.7175209011937997E-7i
62.974333039162296,36.20325162959439,2,1.4359356323441679E-6-3.435041802387482E-11i,0.0071796781617210845-1.7175209011937997E-7i
70.52606798965664,35.023806642677584,2,1.4359356323441679E-6-3.435041802387482E-11i,0.0071796781617210845-1.7175209011937997E-7i
68.81715511946919,36.1305565252521,2,1.4359356323441679E-6-3.435041802387482E-11i,0.0071796781617210845-1.7175209011937997E-7i
67.03579710282223,37.10233970854131,2,1.4359356323441679E-6-3.435041802387482E-11i,0.0071796781617210845-1.7175209011937997E-7i
68.8398356592897,34.09445542513281,2,1.4359356323441679E-6-3.435041802387482E-11i,0.007179678161721084-1.7175209011937995E-7i
70.52380741271207,33.10977497552588,2,1.4359356323441679E-6-3.435041802387482E-11i,0.0071796781617210845-1.7175209011937997E-7i
68.99474531869953,32.486529255182205,2,1.4359356323441679E-6-3.435041802387482E-11i,0.007179678161721084-1.7175209011937997E-7i
67.02275207831406,32.96821889404394,2,1.435935632344168E-6-3.435041802387482E-11i,0.0071796781617210845-1.7175209011938E-7i
72.27123733566906,34.05502803913987,2,1.4359356323441679E-6-3.435041802387482E-11i,0.007179678161721084-1.7175209011937995E-7i
72.20887056456733,32.019561888284855,2,1.4359356323441679E-6-3.435041802387482E-11i,0.0071796781617210845-1.7175209011937997E-7i
74.019237886467,33.000000000000526,2,1.4359356323441679E-6-3.435041802387482E-11i,0.0071796781617210845-1.7175209011937997E-7i
77.48333950160455,31.00000000000034,2,1.4359356323441679E-6-3.435041802387482E-11i,0.007179678161721084-1.7175209011937995E-7i
75.75128869403575,32.00000000000044,2,1.4359356323441679E-6-3.435041802387482E-11i,0.0071796781617210845-1.7175209011937997E-7i
75.75128869403551,30.00000000000034,2,1.4359356323441679E-6-3.435041802387482E-11i,0.0071796781617210845-1.7175209011937997E-7i
75.75128869403592,34.0000000000003,2,1.4359356323441679E-6-3.435041802387482E-11i,0.007179678161721084-1.7175209011937995E-7i
70.27222512689015,30.986305880976914,2,1.4359356323441679E-6-3.435041802387482E-11i,0.007179678161721084-1.7175209011937997E-7i
72.28037205747914,30.0995164094887,2,1.4359356323441679E-6-3.435041802387482E-11i,0.0071796781617210845-1.7175209011937997E-7i
70.74559402607733,29.170762640278966,2,1.4359356323441679E-6-3.435041802387482E-11i,0.007179678161721084-1.7175209011937997E-7i
68.1062175250661,31.058533190619045,2,1.4359356323441679E-6-3.435041802387482E-11i,0.0071796781617210845-1.7175209011937997E-7i
69.0096314087747,29.289894180851803,2,1.4359356323441679E-6-3.435041802387482E-11i,0.0071796781617210845-1.7175209011937997E-7i
74.04657925326245,31.093087427175107,2,1.4359356323441679E-6-3.435041802387482E-11i,0.007179678161721084-1.7175209011937995E-7i
74.12199417639918,29.080414121291952,2,1.4359356323441679E-6-3.435041802387482E-11i,0.0071796781617210845-1.7175209011937997E-7i
74.35304549645342,27.052558739806813,2,1.4359356323441679E-6-3.435041802387482E-11i,0.007179678161721084-1.7175209011937997E-7i
72.23481129916412,27.860730336053265,2,1.435935632344168E-6-3.435041802387482E-11i,0.0071796781617210845-1.7175209011938E-7i
74.59059865212711,25.465545402516213,2,1.4359356323441679E-6-3.435041802387482E-11i,0.007179678161721084-1.7175209011937997E-7i
78.99999999999986,15.588457268119868,2,1.4359356323441679E-6-3.435041802387482E-11i,0.007179678161721085-1.7175209011938E-7i
77.78951335307954,23.62320229673321,2,1.4359356323441679E-6-3.435041802387482E-11i,0.007179678161721084-1.7175209011937997E-7i
79.01180368167246,22.1152403423618,2,1.4359356323441679E-6-3.435041802387482E-11i,0.007179678161721084-1.7175209011937997E-7i
76.96851619922437,22.366089626932194,2,1.4359356323441679E-6-3.435041802387482E-11i,0.0071796781617210845-1.7175209011937997E-7i
81.01763974019234,21.261275969001815,2,1.4359356323441679E-6-3.435041802387482E-11i,0.0071796781617210845-1.7175209011937997E-7i
79.54254738262377,20.360293432680166,2,1.4359356323441679E-6-3.435041802387482E-11i,0.007179678161721084-1.7175209011937997E-7i
77.96353588723852,20.456155799560648,2,1.4359356323441679E-6-3.435041802387482E-11i,0.0071796781617210845-1.7175209011937997E-7i
82.70889670191883,22.146771101793476,2,1.4359356323441679E-6-3.435041802387482E-11i,0.007179678161721084-1.7175209011937995E-7i
78.95073318599312,18.928833821411047,2,1.4359356323441679E-6-3.435041802387482E-11i,0.0071796781617210845-1.7175209011937997E-7i
75.97527390352451,24.125191373732747,2,1.4359356323441679E-6-3.435041802387482E-11i,0.007179678161721084-1.7175209011937997E-7i
73.96201843098143,24.097421011859694,2,1.4359356323441679E-6-3.435041802387482E-11i,0.0071796781617210845-1.7175209011937997E-7i
74.96568223815197,22.415984375761667,2,1.4359356323441679E-6-3.435041802387482E-11i,0.0071796781617210845-1.7175209011937997E-7i
75.97559528531129,20.691742344565228,2,1.4359356323441679E-6-3.435041802387482E-11i,0.007179678161721084-1.7175209011937995E-7i
77.02593669415089,18.991623551412445,2,1.4359356323441679E-6-3.435041802387482E-11i,0.0071796781617210845-1.7175209011937997E-7i
75,19.052558883257703,2,1.4359356323441679E-6-3.435041802387482E-11i,0.0071796781617210845-1.7175209011937997E-7i
73.99999999999993,20.78460969082657,2,1.4359356323441679E-6-3.435041802387482E-11i,0.0071796781617210845-1.7175209011937997E-7i
77.98332314299756,17.29125337143566,2,1.4359356323441679E-6-3.435041802387482E-11i,0.007179678161721084-1.7175209011937995E-7i
76.00000000000007,17.320508075688792,2,1.4359356323441679E-6-3.435041802387482E-11i,0.007179678161721084-1.7175209011937997E-7i
77.00000000000006,15.588457268119882,2,1.4359356323441679E-6-3.435041802387482E-11i,0.0071796781617210845-1.7175209011937997E-7i
82.06367154313818,13.826439908927796,2,1.4359356323441679E-6-3.435041802387482E-11i,0.007179678161721085-1.7175209011938E-7i
85.0768533348512,12.125126017287158,2,1.4359356323441679E-6-3.435041802387482E-11i,0.0071796781617210845-1.7175209011937997E-7i
84.03080081920419,13.768651277339899,2,1.4359356323441679E-6-3.435041802387482E-11i,0.007179678161721084-1.7175209011937995E-7i
83.0736971794079,12.098568598701931,2,1.4359356323441679E-6-3.435041802387482E-11i,0.0071796781617210845-1.7175209011937997E-7i
79.99999999999986,13.856406460551057,2,1.4359356323441679E-6-3.435041802387482E-11i,0.007179678161721084-1.7175209011937995E-7i
77.99999999999997,13.856406460551,2,1.4359356323441679E-6-3.435041802387482E-11i,0.0071796781617210845-1.7175209011937997E-7i
78.99999999999991,12.124355652982132,2,1.4359356323441679E-6-3.435041802387482E-11i,0.0071796781617210845-1.7175209011937997E-7i
80.99999999999994,12.124355652982217,2,1.4359356323441679E-6-3.435041802387482E-11i,0.007179678161721084-1.7175209011937997E-7i
88.07515558138209,10.276128958704845,2,1.4359356323441679E-6-3.435041802387482E-11i,0.007179678161721084-1.7175209011937995E-7i
87.05779781601396,8.64999193849809,2,1.4359356323441679E-6-3.435041802387482E-11i,0.0071796781617210845-1.7175209011937997E-7i
89.04477884153066,8.488706087195993,2,1.4359356323441679E-6-3.435041802387482E-11i,0.007179678161721084-1.7175209011937997E-7i
86.05164820699716,10.394858801385453,2,1.4359356323441679E-6-3.435041802387482E-11i,0.0071796781617210845-1.7175209011937997E-7i
88.00000000000001,6.9282032302755,2,1.4359356323441679E-6-3.435041802387482E-11i,0.0071796781617210845-1.7175209011937997E-7i
89,5.196152422706632,2,1.4359356323441679E-6-3.435041802387482E-11i,0.007179678161721085-1.7175209011938E-7i
84.00000000000009,10.392304845413264,2,1.4359356323441679E-6-3.435041802387482E-11i,0.0071796781617210845-1.7175209011937997E-7i
85.00000000000003,8.660254037844368,2,1.4359356323441679E-6-3.435041802387482E-11i,0.0071796781617210845-1.7175209011937997E-7i
86,6.9282032302755,2,1.4359356323441679E-6-3.435041802387482E-11i,0.0071796781617210845-1.7175209011937997E-7i
84.00000000000006,6.9282032302755,2,1.4359356323441679E-6-3.435041802387482E-11i,0.007179678161721085-1.7175209011938E-7i
91.06250033323218,5.125012514320559,2,1.4359356323441679E-6-3.435041802387482E-11i,0.007179678161721084-1.7175209011937995E-7i
89.99999999999999,3.464101615137764,2,1.4359356323441679E-6-3.435041802387482E-11i,0.0071796781617210845-1.7175209011937997E-7i
91,1.7320508075688963,2,1.4359356323441679E-6-3.435041802387482E-11i,0.0071796781617210845-1.7175209011937997E-7i
87.00000000000001,5.196152422706632,2,1.4359356323441679E-6-3.435041802387482E-11i,0.0071796781617210845-1.7175209011937997E-7i
88.00000000000001,3.46410161513775,2,1.4359356323441679E-6-3.435041802387482E-11i,0.0071796781617210845-1.7175209011937997E-7i
89,1.7320508075688679,2,1.4359356323441679E-6-3.435041802387482E-11i,0.0071796781617210845-1.7175209011937997E-7i
87,1.732050807568882,2,1.4359356323441679E-6-3.435041802387482E-11i,0.0071796781617210845-1.7175209011937997E-7i
90,0,2,1.4359356323441679E-6-3.435041802387482E-11i,0.007179678161721084-1.7175209011937995E-7i
88.00000000000001,0,2,1.4359356323441679E-6-3.435041802387482E-11i,0.007179678161721084-1.7175209011937995E-7i
86,0,2,1.4359356323441679E-6-3.435041802387482E-11i,0.007179678161721084-1.7175209011937995E-7i
8.684778924211614,83.07169058868192,2,1.4359356323441679E-6-3.435041802387482E-11i,0.007179678161721084-1.7175209011937995E-7i
6.9282032302755,82,2,1.4359356323441679E-6-3.435041802387482E-11i,0.0071796781617210845-1.7175209011937997E-7i
8.660254037844396,80.99999999999999,2,1.4359356323441679E-6-3.435041802387482E-11i,0.007179678161721084-1.7175209011937997E-7i
5.319367185124904,85.06303133029621,2,1.4359356323441679E-6-3.435041802387482E-11i,0.007179678161721084-1.7175209011937995E-7i
5.196152422706618,83,2,1.4359356323441679E-6-3.435041802387482E-11i,0.0071796781617210845-1.7175209011937997E-7i
3.46410161513775,83.99999999999999,2,1.4359356323441679E-6-3.435041802387482E-11i,0.0071796781617210845-1.7175209011937997E-7i
5.196152422706632,81,2,1.4359356323441679E-6-3.435041802387482E-11i,0.007179678161721084-1.7175209011937997E-7i
3.46410161513775,82,2,1.4359356323441679E-6-3.435041802387482E-11i,0.0071796781617210845-1.7175209011937997E-7i
3.46410161513775,80,2,1.4359356323441679E-6-3.435041802387482E-11i,0.0071796781617210845-1.7175209011937997E-7i
6.9282032302755,80,2,1.4359356323441679E-6-3.435041802387482E-11i,0.0071796781617210845-1.7175209011937997E-7i
1.732050807568882,85,2,1.4359356323441679E-6-3.435041802387482E-11i,0.0071796781617210845-1.7175209011937997E-7i
1.7320508075688679,83,2,1.4359356323441679E-6-3.435041802387482E-11i,0.0071796781617210845-1.7175209011937997E-7i
1.7320508075688679,81,2,1.4359356323441679E-6-3.435041802387482E-11i,0.0071796781617210845-1.7175209011937997E-7i
0,84,2,1.4359356323441679E-6-3.435041802387482E-11i,0.007179678161721084-1.7175209011937995E-7i
0,82,2,1.4359356323441679E-6-3.435041802387482E-11i,0.007179678161721084-1.7175209011937995E-7i
0,80,2,1.4359356323441679E-6-3.435041802387482E-11i,0.007179678161721084-1.7175209011937995E-7i
1.7320508075688679,79,2,1.4359356323441679E-6-3.435041802387482E-11i,0.0071796781617210845-1.7175209011937997E-7i
3.46410161513775,78.00000000000001,2,1.4359356323441679E-6-3.435041802387482E-11i,0.0071796781617210845-1.7175209011937997E-7i
8.660254037844368,78.99999999999999,2,1.4359356323441679E-6-3.435041802387482E-11i,0.0071796781617210845-1.7175209011937997E-7i
6.9282032302755,78.00000000000001,2,1.4359356323441679E-6-3.435041802387482E-11i,0.007179678161721085-1.7175209011938E-7i
5.196152422706618,79,2,1.4359356323441679E-6-3.435041802387482E-11i,0.007179678161721084-1.7175209011937995E-7i
5.196152422706618,77.00000000000003,2,1.4359356323441679E-6-3.435041802387482E-11i,0.0071796781617210845-1.7175209011937997E-7i
19.05335970935633,78.78637176135723,2,1.4359356323441679E-6-3.435041802387482E-11i,0.007179678161721084-1.7175209011937995E-7i
19.078911639497306,76.90187480818827,2,1.4359356323441679E-6-3.435041802387482E-11i,0.0071796781617210845-1.7175209011937997E-7i
10.392304845413236,78.00000000000001,2,1.4359356323441679E-6-3.435041802387482E-11i,0.0071796781617210845-1.7175209011937997E-7i
12.124355652982132,77.00000000000007,2,1.4359356323441679E-6-3.435041802387482E-11i,0.0071796781617210845-1.7175209011937997E-7i
13.856406460551057,76.0000000000001,2,1.4359356323441679E-6-3.435041802387482E-11i,0.007179678161721084-1.7175209011937997E-7i
17.32050807568882,76.00000000000017,2,1.4359356323441679E-6-3.435041802387482E-11i,0.007179678161721084-1.7175209011937995E-7i
19.044326758999787,74.94175736520607,2,1.4359356323441679E-6-3.435041802387482E-11i,0.0071796781617210845-1.7175209011937997E-7i
15.588457268119953,75.00000000000004,2,1.4359356323441679E-6-3.435041802387482E-11i,0.007179678161721085-1.7175209011938E-7i
17.32050807568885,73.99999999999994,2,1.4359356323441679E-6-3.435041802387482E-11i,0.0071796781617210845-1.7175209011937997E-7i
12.124355652982189,75.00000000000004,2,1.4359356323441679E-6-3.435041802387482E-11i,0.007179678161721085-1.7175209011938E-7i
8.660254037844368,77.00000000000004,2,1.4359356323441679E-6-3.435041802387482E-11i,0.007179678161721084-1.7175209011937995E-7i
6.9282032302755,76.00000000000006,2,1.4359356323441679E-6-3.435041802387482E-11i,0.0071796781617210845-1.7175209011937997E-7i
10.392304845413264,76.00000000000007,2,1.4359356323441679E-6-3.435041802387482E-11i,0.007179678161721084-1.7175209011937997E-7i
8.66025403784441,75.00000000000003,2,1.4359356323441679E-6-3.435041802387482E-11i,0.0071796781617210845-1.7175209011937997E-7i
10.392304845413292,73.99999999999999,2,1.4359356323441679E-6-3.435041802387482E-11i,0.0071796781617210845-1.7175209011937997E-7i
22.45139488357674,72.87463323479952,2,1.4359356323441679E-6-3.435041802387482E-11i,0.007179678161721084-1.7175209011937995E-7i
24.145458045726144,71.97223363989278,2,1.4359356323441679E-6-3.435041802387482E-11i,0.007179678161721084-1.7175209011937997E-7i
22.468292452570722,71.00092580746161,2,1.4359356323441679E-6-3.435041802387482E-11i,0.0071796781617210845-1.7175209011937997E-7i
20.793341774366212,71.95841342686008,2,1.4359356323441679E-6-3.435041802387482E-11i,0.0071796781617210845-1.7175209011937997E-7i
20.779075218009467,73.95217065565808,2,1.4359356323441679E-6-3.435041802387482E-11i,0.0071796781617210845-1.7175209011937997E-7i
20.77969250025329,75.86713737539718,2,1.4359356323441679E-6-3.435041802387482E-11i,0.007179678161721084-1.7175209011937995E-7i
19.05255888325766,72.99999999999987,2,1.4359356323441679E-6-3.435041802387482E-11i,0.007179678161721084-1.7175209011937995E-7i
19.052558883257632,71.00000000000017,2,1.4359356323441679E-6-3.435041802387482E-11i,0.0071796781617210845-1.7175209011937997E-7i
17.320508075688736,72,2,1.4359356323441679E-6-3.435041802387482E-11i,0.0071796781617210845-1.7175209011937997E-7i
20.784609690826656,70.00000000000031,2,1.4359356323441679E-6-3.435041802387482E-11i,0.007179678161721085-1.7175209011938E-7i
19.052558883257845,69.00000000000007,2,1.4359356323441679E-6-3.435041802387482E-11i,0.007179678161721084-1.7175209011937997E-7i
19.052558883257717,66.99999999999967,2,1.4359356323441679E-6-3.435041802387482E-11i,0.0071796781617210845-1.7175209011937997E-7i
17.320508075688906,67.99999999999987,2,1.4359356323441679E-6-3.435041802387482E-11i,0.0071796781617210845-1.7175209011937997E-7i
20.784609690826784,67.99999999999974,2,1.4359356323441679E-6-3.435041802387482E-11i,0.0071796781617210845-1.7175209011937997E-7i
22.51666049839578,69.00000000000014,2,1.4359356323441679E-6-3.435041802387482E-11i,0.007179678161721084-1.7175209011937997E-7i
24.216809933964882,69.95686619668055,2,1.4359356323441679E-6-3.435041802387482E-11i,0.0071796781617210845-1.7175209011937997E-7i
22.516660498395524,66.99999999999937,2,1.4359356323441679E-6-3.435041802387482E-11i,0.0071796781617210845-1.7175209011937997E-7i
24.248711305964775,67.99999999999953,2,1.4359356323441679E-6-3.435041802387482E-11i,0.0071796781617210845-1.7175209011937997E-7i
24.248711305964022,65.99999999999929,2,1.4359356323441679E-6-3.435041802387482E-11i,0.0071796781617210845-1.7175209011937997E-7i
58.3517639791884,54.07740297364101,2,1.4359356323441679E-6-3.435041802387482E-11i,0.007179678161721084-1.7175209011937995E-7i
56.708241527293545,53.02384834504948,2,1.4359356323441679E-6-3.435041802387482E-11i,0.007179678161721084-1.7175209011937997E-7i
56.28781977996948,55.21415952279794,2,1.435935632344168E-6-3.435041802387482E-11i,0.0071796781617210845-1.7175209011938E-7i
56.69872981079603,51.000000000045205,2,1.4359356323441679E-6-3.435041802387482E-11i,0.0071796781617210845-1.7175209011937997E-7i
55.04512355241193,53.658813715890865,2,1.4359356323441679E-6-3.435041802387482E-11i,0.007179678161721084-1.7175209011937997E-7i
54.10668977208758,55.08349701771341,2,1.4359356323441679E-6-3.435041802387482E-11i,0.0071796781617210845-1.7175209011937997E-7i
53.15229394663228,53.16014098878886,2,1.435935632344168E-6-3.435041802387482E-11i,0.0071796781617210845-1.7175209011938E-7i
52.05633706962264,55.02438967857124,2,1.4359356323441679E-6-3.435041802387482E-11i,0.007179678161721085-1.7175209011938E-7i
55.09727927377342,56.90841717634949,2,1.4359356323441679E-6-3.435041802387482E-11i,0.007179678161721084-1.7175209011937995E-7i
53.054343547019585,56.78691824846935,2,1.4359356323441679E-6-3.435041802387482E-11i,0.0071796781617210845-1.7175209011937997E-7i
52.05097522633357,58.4614161513644,2,1.4359356323441679E-6-3.435041802387482E-11i,0.007179678161721085-1.7175209011938E-7i
50.99999999999655,60.16283142591126,2,1.4359356323441679E-6-3.435041802387482E-11i,0.007179678161721084-1.7175209011937997E-7i
48.99999999998628,60.16283142591914,2,1.4359356323441679E-6-3.435041802387482E-11i,0.007179678161721085-1.7175209011938E-7i
47.894013835192695,59.521219293391894,1.2666666666666597,1.4359308416893832E-6-3.4350303421945066E-11i,0.007179678161721086-1.7175209011937995E-7i
47.96563856676444,58.46194367760166,2,1.4359356323441679E-6-3.435041802387482E-11i,0.0071796781617210845-1.7175209011937997E-7i
47.01177887786024,60.13270516817717,2,1.4359356323441679E-6-3.435041802387482E-11i,0.0071796781617210845-1.7175209011937997E-7i
45.861005379544764,58.369170483428086,2,1.4359356323441679E-6-3.435041802387482E-11i,0.0071796781617210845-1.7175209011937997E-7i
49.99999999998459,58.430780618343206,2,1.4359356323441679E-6-3.435041802387482E-11i,0.007179678161721084-1.7175209011937997E-7i
47.99999999999463,61.89488223349125,2,1.4359356323441679E-6-3.435041802387482E-11i,0.007179678161721084-1.7175209011937997E-7i
51.024476660585286,56.7295401951099,2,1.4359356323441679E-6-3.435041802387482E-11i,0.0071796781617210845-1.7175209011937997E-7i
49.987710423536164,54.985358621779376,2,1.4359356323441679E-6-3.435041802387482E-11i,0.0071796781617210845-1.7175209011937997E-7i
46.000000000012434,61.89488223348945,2,1.4359356323441679E-6-3.435041802387482E-11i,0.0071796781617210845-1.7175209011937997E-7i
48.99999999997239,56.69872981078398,2,1.4359356323441679E-6-3.435041802387482E-11i,0.0071796781617210845-1.7175209011937997E-7i
41.0835427455562,60.46802749432925,2,1.4359356323441679E-6-3.435041802387482E-11i,0.007179678161721084-1.7175209011937997E-7i
40.82513993600221,61.04813059759031,1.1766748366013158,1.435931504881893E-6-3.43503192868205E-11i,0.007179678161721085-1.7175209011937997E-7i
42.06668074884657,61.98341209809742,2,1.4359356323441679E-6-3.435041802387482E-11i,0.0071796781617210845-1.7175209011937997E-7i
43.11208629209276,60.23272865035071,2,1.4359356323441679E-6-3.435041802387482E-11i,0.0071796781617210845-1.7175209011937997E-7i
40.115864968697935,62.09780818100922,2,1.4359356323441679E-6-3.435041802387482E-11i,0.0071796781617210845-1.7175209011937997E-7i
39.48386266384227,60.593504989673114,2,1.4359356323441679E-6-3.435041802387482E-11i,0.007179678161721084-1.7175209011937997E-7i
45.00000000001075,63.626933041052496,2,1.4359356323441679E-6-3.435041802387482E-11i,0.007179678161721084-1.7175209011937995E-7i
44.00000000000845,61.89488223347744,2,1.4359356323441679E-6-3.435041802387482E-11i,0.0071796781617210845-1.7175209011937997E-7i
44.98682397485073,60.14686275583176,2,1.4359356323441679E-6-3.435041802387482E-11i,0.007179678161721084-1.7175209011937995E-7i
43.894552683909374,58.40135267180304,2,1.4359356323441679E-6-3.435041802387482E-11i,0.0071796781617210845-1.7175209011937997E-7i
42.08809956948941,58.70708091202613,2,1.4359356323441679E-6-3.435041802387482E-11i,0.0071796781617210845-1.7175209011937997E-7i
40.562378551883405,56.72557170180741,1.1318346932584293,1.4359263607015366E-6-3.435019622786047E-11i,0.007179678161721085-1.7175209011938E-7i
40.84364898905647,56.15801673081633,2,1.4359356323441679E-6-3.435041802387482E-11i,0.007179678161721084-1.7175209011937997E-7i
41.019555399982536,57.41684800549591,2,1.4359356323441679E-6-3.435041802387482E-11i,0.007179678161721084-1.7175209011937997E-7i
39.48596620715147,56.875700778328614,2,1.4359356323441679E-6-3.435041802387482E-11i,0.007179678161721085-1.7175209011938E-7i
39.94289728643531,58.848378471843915,2,1.4359356323441679E-6-3.435041802387482E-11i,0.007179678161721084-1.7175209011937997E-7i
41.02135340313069,63.66018759974412,2,1.4359356323441679E-6-3.435041802387482E-11i,0.007179678161721084-1.7175209011937995E-7i
39.057767030867645,63.725794097375925,2,1.4359356323441679E-6-3.435041802387482E-11i,0.007179678161721084-1.7175209011937997E-7i
38.00651293551257,61.907538337585514,2,1.435935632344168E-6-3.435041802387482E-11i,0.0071796781617210845-1.7175209011938E-7i
34.88954544110929,63.91757062421056,2,1.4359356323441674E-6-3.435041802387482E-11i,0.007179678161721086-1.7175209011937995E-7i
35.419581150741536,61.89149843897089,1.316239316239311,1.4359326480887489E-6-3.4350346634587713E-11i,0.007179678161721085-1.7175209011937997E-7i
34.69192847800551,61.8932355697201,2,1.4359356323441679E-6-3.435041802387482E-11i,0.007179678161721084-1.7175209011937997E-7i
36.143021081045845,62.44404814863019,2,1.4359356323441679E-6-3.435041802387482E-11i,0.007179678161721084-1.7175209011937997E-7i
34.63280264845139,59.98520394046199,2,1.4359356323441679E-6-3.435041802387482E-11i,0.0071796781617210845-1.7175209011937997E-7i
36.24250406009891,60.86559036949632,2,1.4359356323441679E-6-3.435041802387482E-11i,0.0071796781617210845-1.7175209011937997E-7i
31.949284315273715,69.02191528959689,2,1.4359356323441679E-6-3.435041802387482E-11i,0.007179678161721084-1.7175209011937995E-7i
29.736453418225054,68.99401422804229,2,1.435935632344168E-6-3.435041802387482E-11i,0.0071796781617210845-1.7175209011938E-7i
31.031640967370336,67.52097663632577,2,1.4359356323441679E-6-3.435041802387482E-11i,0.007179678161721084-1.7175209011937997E-7i
29.53931917775084,66.91161031911878,2,1.4359356323441679E-6-3.435041802387482E-11i,0.007179678161721084-1.7175209011937995E-7i
27.772868037351913,65.96617617076284,2,1.4359356323441679E-6-3.435041802387482E-11i,0.0071796781617210845-1.7175209011937997E-7i
27.836192796481058,67.96692161776532,2,1.4359356323441679E-6-3.435041802387482E-11i,0.0071796781617210845-1.7175209011937997E-7i
29.481034839084003,64.9492422599133,2,1.4359356323441679E-6-3.435041802387482E-11i,0.0071796781617210845-1.7175209011937997E-7i
31.17328294008753,65.90604172916727,2,1.4359356323441679E-6-3.435041802387482E-11i,0.007179678161721084-1.7175209011937997E-7i
31.175195965977693,63.93276389297695,2,1.4359356323441679E-6-3.435041802387482E-11i,0.0071796781617210845-1.7175209011937997E-7i
25.98179248862128,68.93329775714106,2,1.4359356323441679E-6-3.435041802387482E-11i,0.0071796781617210845-1.7175209011937997E-7i
27.782501949527756,69.91912819646619,2,1.4359356323441679E-6-3.435041802387482E-11i,0.007179678161721084-1.7175209011937995E-7i
25.98076211353336,66.99999999999876,2,1.4359356323441679E-6-3.435041802387482E-11i,0.007179678161721084-1.7175209011937995E-7i
25.980762113532535,64.9999999999998,2,1.4359356323441679E-6-3.435041802387482E-11i,0.0071796781617210845-1.7175209011937997E-7i
37.05166549078558,63.85215957486067,2,1.4359356323441679E-6-3.435041802387482E-11i,0.007179678161721084-1.7175209011937995E-7i
32.9911540164604,64.89582839344735,2,1.4359356323441679E-6-3.435041802387482E-11i,0.007179678161721084-1.7175209011937995E-7i
32.983569673584384,62.95936702709953,2,1.4359356323441679E-6-3.435041802387482E-11i,0.0071796781617210845-1.7175209011937997E-7i
54.938073240162794,51.99845523900291,2,1.4359356323441679E-6-3.435041802387482E-11i,0.007179678161721084-1.7175209011937995E-7i
53.39374080008685,51.076109954067995,2,1.4359356323441679E-6-3.435041802387482E-11i,0.007179678161721085-1.7175209011938E-7i
55.090429335377046,49.98057246442828,2,1.4359356323441679E-6-3.435041802387482E-11i,0.0071796781617210845-1.7175209011937997E-7i
50.95801603684971,53.24638855521091,2,1.4359356323441679E-6-3.435041802387482E-11i,0.0071796781617210845-1.7175209011937997E-7i
51.85065154655986,51.71890394974625,2,1.4359356323441679E-6-3.435041802387482E-11i,0.007179678161721084-1.7175209011937997E-7i
56.75134677135718,49.01322384898511,2,1.4359356323441679E-6-3.435041802387482E-11i,0.007179678161721084-1.7175209011937995E-7i
56.812252808059924,46.989245509314955,2,1.4359356323441679E-6-3.435041802387482E-11i,0.0071796781617210845-1.7175209011937997E-7i
55.04990847211423,47.95141379331098,2,1.4359356323441679E-6-3.435041802387482E-11i,0.007179678161721085-1.7175209011938E-7i
51.7182682739826,50.016697688660685,2,1.4359356323441679E-6-3.435041802387482E-11i,0.007179678161721084-1.7175209011937997E-7i
53.468035037249685,49.00004447331214,2,1.4359356323441679E-6-3.435041802387482E-11i,0.0071796781617210845-1.7175209011937997E-7i
51.836441522959156,48.31071009046145,2,1.4359356323441679E-6-3.435041802387482E-11i,0.007179678161721084-1.7175209011937997E-7i
50.00764013334205,48.73190422981134,2,1.435935632344168E-6-3.435041802387482E-11i,0.0071796781617210845-1.7175209011938E-7i
55.093744396911475,45.87530612075032,2,1.4359356323441679E-6-3.435041802387482E-11i,0.007179678161721084-1.7175209011937997E-7i
53.683324010981536,44.949486322192946,2,1.4359356323441679E-6-3.435041802387482E-11i,0.007179678161721084-1.7175209011937997E-7i
53.179179828760816,46.84895538041969,2,1.435935632344168E-6-3.435041802387482E-11i,0.0071796781617210845-1.7175209011938E-7i
56.8900650515473,44.95799589401689,2,1.4359356323441679E-6-3.435041802387482E-11i,0.0071796781617210845-1.7175209011937997E-7i
50.96034054233767,46.767620195261046,2,1.4359356323441679E-6-3.435041802387482E-11i,0.007179678161721085-1.7175209011938E-7i
58.576904626390146,46.02257214878725,2,1.4359356323441679E-6-3.435041802387482E-11i,0.007179678161721084-1.7175209011937995E-7i
58.68499585051373,44.093788842984765,2,1.4359356323441679E-6-3.435041802387482E-11i,0.007179678161721084-1.7175209011937997E-7i
57.17702431306746,42.92635629451676,2,1.4359356323441679E-6-3.435041802387482E-11i,0.0071796781617210845-1.7175209011937997E-7i
58.80306475057706,42.55041516893348,2,1.4359356323441679E-6-3.435041802387482E-11i,0.007179678161721084-1.7175209011937997E-7i
60.37634367040022,43.214370775124195,2,1.4359356323441679E-6-3.435041802387482E-11i,0.0071796781617210845-1.7175209011937997E-7i
61.95852998516131,44.07085144164921,2,1.4359356323441679E-6-3.435041802387482E-11i,0.007179678161721084-1.7175209011937995E-7i
61.905064102778674,42.123058349115276,2,1.4359356323441679E-6-3.435041802387482E-11i,0.0071796781617210845-1.7175209011937997E-7i
60.0355471999571,41.142431255130376,2,1.4359356323441679E-6-3.435041802387482E-11i,0.007179678161721084-1.7175209011937997E-7i
61.952187184235804,40.29089505455403,2,1.4359356323441679E-6-3.435041802387482E-11i,0.007179678161721085-1.7175209011938E-7i
58.02913669277997,41.23063993876441,2,1.4359356323441679E-6-3.435041802387482E-11i,0.0071796781617210845-1.7175209011937997E-7i
63.71009129137956,41.188809701457984,2,1.4359356323441679E-6-3.435041802387482E-11i,0.007179678161721084-1.7175209011937995E-7i
63.747239870246055,39.15589732100424,2,1.4359356323441679E-6-3.435041802387482E-11i,0.0071796781617210845-1.7175209011937997E-7i
65.42052414495649,38.18091120292789,2,1.4359356323441679E-6-3.435041802387482E-11i,0.007179678161721084-1.7175209011937997E-7i
63.85143908260851,37.56560947309141,2,1.4359356323441679E-6-3.435041802387482E-11i,0.007179678161721084-1.7175209011937997E-7i
60.518747625557054,39.41748834587409,2,1.4359356323441679E-6-3.435041802387482E-11i,0.0071796781617210845-1.7175209011937995E-7i
58.95686935097122,39.50041629321653,2,1.4359356323441679E-6-3.435041802387482E-11i,0.0071796781617210845-1.7175209011937997E-7i
59.97131588732006,37.99194856770353,2,1.4359356323441679E-6-3.435041802387482E-11i,0.0071796781617210845-1.7175209011937997E-7i
61.99226280340053,38.082194845400586,2,1.4359356323441679E-6-3.435041802387482E-11i,0.007179678161721084-1.7175209011937997E-7i
58.026666873891266,38.0814253338255,2,1.4359356323441679E-6-3.435041802387482E-11i,0.0071796781617210845-1.7175209011937997E-7i
56.96289808353885,39.814137593063265,2,1.4359356323441679E-6-3.435041802387482E-11i,0.007179678161721084-1.7175209011937997E-7i
55.968557438359,41.68489260532827,2,1.4359356323441679E-6-3.435041802387482E-11i,0.0071796781617210845-1.7175209011937997E-7i
55.00000000001107,39.837168574087755,2,1.4359356323441679E-6-3.435041802387482E-11i,0.0071796781617210845-1.7175209011937997E-7i
60.97019085459823,36.321032207592886,2,1.4359356323441679E-6-3.435041802387482E-11i,0.007179678161721084-1.7175209011937997E-7i
61.99218252866062,34.59773301095191,2,1.4359356323441679E-6-3.435041802387482E-11i,0.0071796781617210845-1.7175209011937997E-7i
63.02584008735224,32.877270118191845,2,1.4359356323441679E-6-3.435041802387482E-11i,0.007179678161721084-1.7175209011937995E-7i
62.00000000000127,31.176914536240474,2,1.4359356323441679E-6-3.435041802387482E-11i,0.0071796781617210845-1.7175209011937997E-7i
64.01053370686743,31.17629338264115,2,1.4359356323441679E-6-3.435041802387482E-11i,0.0071796781617210845-1.7175209011937997E-7i
60.99999999999978,32.90896534380997,2,1.4359356323441679E-6-3.435041802387482E-11i,0.007179678161721084-1.7175209011937997E-7i
59.99999999999744,34.64101615137838,2,1.4359356323441679E-6-3.435041802387482E-11i,0.0071796781617210845-1.7175209011937997E-7i
59.99999999999878,31.17691453624019,2,1.4359356323441679E-6-3.435041802387482E-11i,0.0071796781617210845-1.7175209011937997E-7i
66.00067691568552,31.143386053004477,2,1.4359356323441679E-6-3.435041802387482E-11i,0.007179678161721084-1.7175209011937997E-7i
64.9999999999997,29.444863728670256,2,1.4359356323441679E-6-3.435041802387482E-11i,0.0071796781617210845-1.7175209011937997E-7i
73.03206470428192,25.68575995868116,2,1.4359356323441679E-6-3.435041802387482E-11i,0.007179678161721084-1.7175209011937995E-7i
72.02029653795933,24.222978872625447,2,1.4359356323441679E-6-3.435041802387482E-11i,0.0071796781617210845-1.7175209011937997E-7i
71.0523453554472,25.99236174602251,2,1.4359356323441679E-6-3.435041802387482E-11i,0.0071796781617210845-1.7175209011937997E-7i
70.00000000000004,24.24871130596435,2,1.4359356323441679E-6-3.435041802387482E-11i,0.0071796781617210845-1.7175209011937997E-7i
70.11286571424031,27.64166349890779,2,1.4359356323441679E-6-3.435041802387482E-11i,0.0071796781617210845-1.7175209011937997E-7i
67.0337602496609,29.37686808951284,2,1.4359356323441679E-6-3.435041802387482E-11i,0.007179678161721084-1.7175209011937995E-7i
68.08713725223943,27.656974567970508,2,1.4359356323441679E-6-3.435041802387482E-11i,0.007179678161721084-1.7175209011937997E-7i
65.99999999999937,27.712812921101843,2,1.4359356323441679E-6-3.435041802387482E-11i,0.0071796781617210845-1.7175209011937997E-7i
66.9999999999996,25.98076211353323,2,1.4359356323441679E-6-3.435041802387482E-11i,0.0071796781617210845-1.7175209011937997E-7i
69.04166063204345,25.9542664689385,2,1.4359356323441679E-6-3.435041802387482E-11i,0.007179678161721084-1.7175209011937995E-7i
67.99999999999987,24.248711305964378,2,1.4359356323441679E-6-3.435041802387482E-11i,0.0071796781617210845-1.7175209011937997E-7i
65.99999999999969,24.24871130596418,2,1.4359356323441679E-6-3.435041802387482E-11i,0.0071796781617210845-1.7175209011937997E-7i
72.9969442830419,22.523987671627154,2,1.4359356323441679E-6-3.435041802387482E-11i,0.007179678161721084-1.7175209011937995E-7i
71.00000000000004,22.51666049839541,2,1.4359356323441679E-6-3.435041802387482E-11i,0.007179678161721084-1.7175209011937997E-7i
72,20.784609690826514,2,1.4359356323441679E-6-3.435041802387482E-11i,0.0071796781617210845-1.7175209011937997E-7i
72.99999999999996,19.052558883257646,2,1.4359356323441679E-6-3.435041802387482E-11i,0.007179678161721084-1.7175209011937995E-7i
71.00000000000001,19.05255888325766,2,1.4359356323441679E-6-3.435041802387482E-11i,0.0071796781617210845-1.7175209011937997E-7i
70,20.784609690826557,2,1.4359356323441679E-6-3.435041802387482E-11i,0.0071796781617210845-1.7175209011937997E-7i
73.99999999999996,17.320508075688792,2,1.4359356323441679E-6-3.435041802387482E-11i,0.0071796781617210845-1.7175209011937997E-7i
72.00000000000001,17.320508075688764,2,1.4359356323441679E-6-3.435041802387482E-11i,0.007179678161721084-1.7175209011937997E-7i
69.77152299207879,14.641766561429602,1.2727272727272687,1.4237967295151863E-6-3.4060031479287163E-11i,0.007179678161721085-1.7175209011937997E-7i
70,13.856406460551028,2,1.4359356323441679E-6-3.435041802387482E-11i,0.0071796781617210845-1.7175209011937997E-7i
71,15.58845726811991,2,1.4359356323441679E-6-3.435041802387482E-11i,0.007179678161721085-1.7175209011938E-7i
69,15.588457268119896,2,1.4359356323441679E-6-3.435041802387482E-11i,0.0071796781617210845-1.7175209011937997E-7i
72.00000000000001,13.856406460551028,2,1.4359356323441679E-6-3.435041802387482E-11i,0.0071796781617210845-1.7175209011937997E-7i
75,15.588457268119924,2,1.4359356323441679E-6-3.435041802387482E-11i,0.0071796781617210845-1.7175209011937997E-7i
73,15.588457268119896,2,1.4359356323441679E-6-3.435041802387482E-11i,0.0071796781617210845-1.7175209011937997E-7i
76.00000000000003,13.856406460551042,2,1.4359356323441679E-6-3.435041802387482E-11i,0.007179678161721084-1.7175209011937997E-7i
77.00000000000003,12.124355652982146,2,1.4359356323441679E-6-3.435041802387482E-11i,0.0071796781617210845-1.7175209011937997E-7i
74.99999999999999,12.12435565298216,2,1.4359356323441679E-6-3.435041802387482E-11i,0.0071796781617210845-1.7175209011937997E-7i
69.99999999999999,17.320508075688792,2,1.4359356323441679E-6-3.435041802387482E-11i,0.0071796781617210845-1.7175209011937997E-7i
73.99999999999997,13.856406460551028,2,1.4359356323441679E-6-3.435041802387482E-11i,0.007179678161721084-1.7175209011937995E-7i
73,12.124355652982146,2,1.4359356323441679E-6-3.435041802387482E-11i,0.007179678161721085-1.7175209011938E-7i
83.00000000000006,8.660254037844425,2,1.4359356323441679E-6-3.435041802387482E-11i,0.007179678161721084-1.7175209011937995E-7i
82,6.928203230275557,2,1.4359356323441679E-6-3.435041802387482E-11i,0.0071796781617210845-1.7175209011937997E-7i
80.99999999999997,8.660254037844425,2,1.4359356323441679E-6-3.435041802387482E-11i,0.0071796781617210845-1.7175209011937997E-7i
82,10.392304845413321,2,1.4359356323441679E-6-3.435041802387482E-11i,0.007179678161721084-1.7175209011937997E-7i
79.99999999999993,10.392304845413292,2,1.4359356323441679E-6-3.435041802387482E-11i,0.0071796781617210845-1.7175209011937997E-7i
79.99999999999997,6.928203230275528,2,1.4359356323441679E-6-3.435041802387482E-11i,0.0071796781617210845-1.7175209011937997E-7i
78.99999999999996,8.660254037844396,2,1.4359356323441679E-6-3.435041802387482E-11i,0.007179678161721084-1.7175209011937997E-7i
77.99999999999999,10.392304845413236,2,1.4359356323441679E-6-3.435041802387482E-11i,0.0071796781617210845-1.7175209011937997E-7i
76,10.392304845413278,2,1.4359356323441679E-6-3.435041802387482E-11i,0.0071796781617210845-1.7175209011937997E-7i
73.99999999999999,10.392304845413278,2,1.4359356323441679E-6-3.435041802387482E-11i,0.0071796781617210845-1.7175209011937997E-7i
74.99999999999999,8.660254037844396,2,1.4359356323441679E-6-3.435041802387482E-11i,0.0071796781617210845-1.7175209011937997E-7i
85,5.196152422706632,2,1.4359356323441679E-6-3.435041802387482E-11i,0.007179678161721084-1.7175209011937995E-7i
83.00000000000003,5.1961524227066604,2,1.4359356323441679E-6-3.435041802387482E-11i,0.0071796781617210845-1.7175209011937997E-7i
84.00000000000004,3.464101615137764,2,1.4359356323441679E-6-3.435041802387482E-11i,0.0071796781617210845-1.7175209011937997E-7i
86,3.464101615137764,2,1.4359356323441679E-6-3.435041802387482E-11i,0.007179678161721084-1.7175209011937997E-7i
80.99999999999999,5.1961524227066604,2,1.4359356323441679E-6-3.435041802387482E-11i,0.0071796781617210845-1.7175209011937997E-7i
82,3.464101615137764,2,1.4359356323441679E-6-3.435041802387482E-11i,0.0071796781617210845-1.7175209011937997E-7i
85.00000000000001,1.7320508075688679,2,1.4359356323441679E-6-3.435041802387482E-11i,0.0071796781617210845-1.7175209011937997E-7i
83.00000000000001,1.7320508075688963,2,1.4359356323441679E-6-3.435041802387482E-11i,0.0071796781617210845-1.7175209011937997E-7i
81,1.7320508075688963,2,1.4359356323441679E-6-3.435041802387482E-11i,0.0071796781617210845-1.7175209011937997E-7i
84.00000000000003,0,2.0000000000000004,1.4359356323441679E-6-3.435041802387482E-11i,0.007179678161721084-1.7175209011937995E-7i
82,0,2,1.4359356323441679E-6-3.435041802387482E-11i,0.007179678161721084-1.7175209011937995E-7i
80,0,2,1.4359356323441679E-6-3.435041802387482E-11i,0.007179678161721084-1.7175209011937995E-7i
78,6.9282032302755,2,1.4359356323441679E-6-3.435041802387482E-11i,0.007179678161721085-1.7175209011938E-7i
80,3.464101615137764,2,1.4359356323441679E-6-3.435041802387482E-11i,0.007179678161721084-1.7175209011937997E-7i
79,1.7320508075688963,2,1.4359356323441679E-6-3.435041802387482E-11i,0.0071796781617210845-1.7175209011937997E-7i
77.99999999999999,3.46410161513775,2,1.4359356323441679E-6-3.435041802387482E-11i,0.0071796781617210845-1.7175209011937997E-7i
78.99999999999999,5.196152422706632,2,1.4359356323441679E-6-3.435041802387482E-11i,0.007179678161721084-1.7175209011937995E-7i
77.00000000000001,5.196152422706632,2,1.4359356323441679E-6-3.435041802387482E-11i,0.0071796781617210845-1.7175209011937997E-7i
77.00000000000001,8.660254037844396,2,1.4359356323441679E-6-3.435041802387482E-11i,0.007179678161721084-1.7175209011937995E-7i
76,6.928203230275528,2,1.4359356323441679E-6-3.435041802387482E-11i,0.0071796781617210845-1.7175209011937997E-7i
6.928203230275528,74,2,1.4359356323441679E-6-3.435041802387482E-11i,0.0071796781617210845-1.7175209011937997E-7i
8.660254037844396,73,2,1.4359356323441679E-6-3.435041802387482E-11i,0.0071796781617210845-1.7175209011937997E-7i
6.9282032302755,72.00000000000001,2,1.4359356323441679E-6-3.435041802387482E-11i,0.007179678161721085-1.7175209011938E-7i
0,78,2,1.4359356323441679E-6-3.435041802387482E-11i,0.007179678161721084-1.7175209011937995E-7i
1.7320508075688679,77.00000000000001,2,1.4359356323441679E-6-3.435041802387482E-11i,0.0071796781617210845-1.7175209011937997E-7i
0,76.00000000000003,2.0000000000000004,1.4359356323441679E-6-3.435041802387482E-11i,0.007179678161721084-1.7175209011937995E-7i
1.7320508075688963,75.00000000000001,2,1.4359356323441679E-6-3.435041802387482E-11i,0.0071796781617210845-1.7175209011937997E-7i
0,74,2,1.4359356323441679E-6-3.435041802387482E-11i,0.007179678161721084-1.7175209011937995E-7i
5.196152422706632,75.00000000000003,2,1.4359356323441679E-6-3.435041802387482E-11i,0.007179678161721084-1.7175209011937997E-7i
3.46410161513775,76.00000000000003,2,1.4359356323441679E-6-3.435041802387482E-11i,0.0071796781617210845-1.7175209011937997E-7i
3.464101615137764,74,2,1.4359356323441679E-6-3.435041802387482E-11i,0.0071796781617210845-1.7175209011937997E-7i
1.7320508075688679,73,2,1.4359356323441679E-6-3.435041802387482E-11i,0.0071796781617210845-1.7175209011937997E-7i
3.46410161513775,72.00000000000001,2,1.4359356323441679E-6-3.435041802387482E-11i,0.0071796781617210845-1.7175209011937997E-7i
0,72.00000000000001,2,1.4359356323441679E-6-3.435041802387482E-11i,0.007179678161721084-1.7175209011937995E-7i
1.732050807568882,71,2,1.4359356323441679E-6-3.435041802387482E-11i,0.0071796781617210845-1.7175209011937997E-7i
13.856406460551057,73.99999999999997,2,1.4359356323441679E-6-3.435041802387482E-11i,0.007179678161721084-1.7175209011937995E-7i
15.588457268119896,72.99999999999994,2,1.4359356323441679E-6-3.435041802387482E-11i,0.007179678161721084-1.7175209011937997E-7i
13.856406460551,72,2,1.4359356323441679E-6-3.435041802387482E-11i,0.0071796781617210845-1.7175209011937997E-7i
12.124355652982146,72.99999999999997,2,1.4359356323441679E-6-3.435041802387482E-11i,0.0071796781617210845-1.7175209011937997E-7i
15.588457268119896,71.00000000000009,2,1.4359356323441679E-6-3.435041802387482E-11i,0.0071796781617210845-1.7175209011937997E-7i
10.392304845413264,72,2,1.4359356323441679E-6-3.435041802387482E-11i,0.0071796781617210845-1.7175209011937997E-7i
12.124355652982132,71.00000000000006,2,1.4359356323441679E-6-3.435041802387482E-11i,0.0071796781617210845-1.7175209011937997E-7i
17.32050807568885,70.00000000000016,2,1.4359356323441679E-6-3.435041802387482E-11i,0.007179678161721084-1.7175209011937995E-7i
15.58845726812001,69.00000000000004,2,1.4359356323441679E-6-3.435041802387482E-11i,0.007179678161721085-1.7175209011938E-7i
13.856406460551057,70.00000000000009,2,1.4359356323441679E-6-3.435041802387482E-11i,0.007179678161721084-1.7175209011937997E-7i
12.124355652982189,69.00000000000001,2,1.4359356323441679E-6-3.435041802387482E-11i,0.0071796781617210845-1.7175209011937997E-7i
10.392304845413292,67.99999999999996,2,1.4359356323441679E-6-3.435041802387482E-11i,0.0071796781617210845-1.7175209011937997E-7i
12.12435565298216,66.99999999999991,2,1.4359356323441679E-6-3.435041802387482E-11i,0.0071796781617210845-1.7175209011937997E-7i
10.392304845413292,70.00000000000004,2,1.4359356323441679E-6-3.435041802387482E-11i,0.007179678161721084-1.7175209011937997E-7i
8.660254037844425,69,2,1.4359356323441679E-6-3.435041802387482E-11i,0.0071796781617210845-1.7175209011937997E-7i
13.856406460551085,67.99999999999993,2,1.4359356323441679E-6-3.435041802387482E-11i,0.007179678161721084-1.7175209011937995E-7i
15.588457268119924,66.99999999999983,2,1.4359356323441679E-6-3.435041802387482E-11i,0.0071796781617210845-1.7175209011937997E-7i
13.856406460551,65.9999999999999,2,1.4359356323441679E-6-3.435041802387482E-11i,0.0071796781617210845-1.7175209011937997E-7i
17.320508075688707,65.99999999999982,2,1.4359356323441679E-6-3.435041802387482E-11i,0.007179678161721084-1.7175209011937995E-7i
19.052558883257518,64.99999999999996,2,1.4359356323441679E-6-3.435041802387482E-11i,0.0071796781617210845-1.7175209011937997E-7i
17.320508075688707,64.00000000000011,2,1.4359356323441679E-6-3.435041802387482E-11i,0.0071796781617210845-1.7175209011937997E-7i
15.588457268119825,64.99999999999997,2,1.4359356323441679E-6-3.435041802387482E-11i,0.007179678161721084-1.7175209011937997E-7i
27.712812921101346,64.00000000000088,2,1.4359356323441679E-6-3.435041802387482E-11i,0.007179678161721084-1.7175209011937995E-7i
27.71281292110254,62.00000000000102,2,1.4359356323441679E-6-3.435041802387482E-11i,0.0071796781617210845-1.7175209011937997E-7i
29.444863728670768,63.00000000000197,2,1.4359356323441679E-6-3.435041802387482E-11i,0.007179678161721084-1.7175209011937997E-7i
25.980762113533103,63.00000000000095,2,1.4359356323441679E-6-3.435041802387482E-11i,0.0071796781617210845-1.7175209011937997E-7i
25.980762113533686,61.0000000000001,2,1.4359356323441679E-6-3.435041802387482E-11i,0.0071796781617210845-1.7175209011937997E-7i
24.248711305963965,64.00000000000043,2,1.4359356323441679E-6-3.435041802387482E-11i,0.007179678161721084-1.7175209011937995E-7i
22.516660498395396,63.000000000000455,2,1.4359356323441679E-6-3.435041802387482E-11i,0.007179678161721084-1.7175209011937997E-7i
24.24871130596452,62.0000000000005,2,1.4359356323441679E-6-3.435041802387482E-11i,0.0071796781617210845-1.7175209011937997E-7i
22.51666049839511,64.99999999999991,2,1.4359356323441679E-6-3.435041802387482E-11i,0.0071796781617210845-1.7175209011937997E-7i
20.784609690826414,65.99999999999964,2,1.4359356323441679E-6-3.435041802387482E-11i,0.007179678161721084-1.7175209011937995E-7i
20.784609690826386,64.00000000000021,2,1.4359356323441679E-6-3.435041802387482E-11i,0.0071796781617210845-1.7175209011937997E-7i
50.004858352355086,51.298268741811754,2,1.4359356323441679E-6-3.435041802387482E-11i,0.007179678161721084-1.7175209011937997E-7i
48.16678607832055,51.710934563870644,2,1.4359356323441679E-6-3.435041802387482E-11i,0.007179678161721084-1.7175209011937997E-7i
48.29383434378434,49.98255649146249,2,1.4359356323441679E-6-3.435041802387482E-11i,0.0071796781617210845-1.7175209011937997E-7i
49.01968222425366,53.22372312961198,2,1.4359356323441679E-6-3.435041802387482E-11i,0.0071796781617210845-1.7175209011937997E-7i
48.04374457682243,54.92192617907979,2,1.4359356323441679E-6-3.435041802387482E-11i,0.007179678161721085-1.7175209011938E-7i
44.84388680498279,56.19870257228832,2,1.435935632344168E-6-3.435041802387482E-11i,0.0071796781617210845-1.7175209011938E-7i
46.96506108137748,56.708700756341166,2,1.4359356323441679E-6-3.435041802387482E-11i,0.0071796781617210845-1.7175209011937997E-7i
46.85000596980384,53.11333204159506,2,1.435935632344168E-6-3.435041802387482E-11i,0.0071796781617210845-1.7175209011938E-7i
46.626279908917944,51.04867152772819,2,1.4359356323441679E-6-3.435041802387482E-11i,0.007179678161721084-1.7175209011937997E-7i
45.02144940644081,52.06024457182868,2,1.4359356323441679E-6-3.435041802387482E-11i,0.0071796781617210845-1.7175209011937997E-7i
46.325176556172124,55.02353535227465,2,1.4359356323441679E-6-3.435041802387482E-11i,0.0071796781617210845-1.7175209011937995E-7i
44.95179553159376,54.10399154562563,2,1.4359356323441679E-6-3.435041802387482E-11i,0.007179678161721084-1.7175209011937997E-7i
43.48404425171489,54.8764313895446,2,1.4359356323441679E-6-3.435041802387482E-11i,0.007179678161721084-1.7175209011937997E-7i
38.0909973871597,59.7635818789064,2,1.4359356323441679E-6-3.435041802387482E-11i,0.0071796781617210845-1.7175209011937997E-7i
36.30448272274004,58.84179985906606,2,1.4359356323441679E-6-3.435041802387482E-11i,0.0071796781617210845-1.7175209011937997E-7i
38.04187419347806,57.89558128081027,2,1.4359356323441679E-6-3.435041802387482E-11i,0.007179678161721084-1.7175209011937997E-7i
42.587021150560275,56.64082553547164,2,1.4359356323441679E-6-3.435041802387482E-11i,0.007179678161721084-1.7175209011937997E-7i
41.73233583959408,54.56113108326997,2,1.435935632344168E-6-3.435041802387482E-11i,0.0071796781617210845-1.7175209011938E-7i
36.51367910774923,55.2780805280655,1.200000000000001,1.4359246477562094E-6-3.4350155250823155E-11i,0.007179678161721086-1.7175209011937995E-7i
36.373066958949394,55.00000000000708,2,1.4359356323441679E-6-3.435041802387482E-11i,0.007179678161721084-1.7175209011937997E-7i
38.09578222002458,55.974650921307635,2,1.4359356323441679E-6-3.435041802387482E-11i,0.0071796781617210845-1.7175209011937997E-7i
36.31512296108413,56.97130065051105,2,1.4359356323441679E-6-3.435041802387482E-11i,0.0071796781617210845-1.7175209011937997E-7i
34.64101615137686,56.00000000000563,2,1.4359356323441679E-6-3.435041802387482E-11i,0.007179678161721084-1.7175209011937997E-7i
38.10157961209092,54.03281649106349,2,1.4359356323441679E-6-3.435041802387482E-11i,0.0071796781617210845-1.7175209011937997E-7i
39.8300836548478,55.08184324115031,2,1.4359356323441679E-6-3.435041802387482E-11i,0.007179678161721084-1.7175209011937995E-7i
39.97187583527389,53.13009408531658,2,1.4359356323441679E-6-3.435041802387482E-11i,0.007179678161721084-1.7175209011937997E-7i
41.554888012943174,52.278989342777024,2,1.4359356323441679E-6-3.435041802387482E-11i,0.0071796781617210845-1.7175209011937997E-7i
34.64101615137484,57.99999999999771,2,1.4359356323441679E-6-3.435041802387482E-11i,0.007179678161721085-1.7175209011938E-7i
32.90896534380671,57.000000000001705,2,1.4359356323441679E-6-3.435041802387482E-11i,0.007179678161721084-1.7175209011937997E-7i
32.353403724942545,57.5466206262851,1.1363636363636405,1.435927616420255E-6-3.435022626713374E-11i,0.007179678161721085-1.7175209011937997E-7i
32.90896534380835,58.99999999999655,2,1.4359356323441679E-6-3.435041802387482E-11i,0.0071796781617210845-1.7175209011937997E-7i
31.176914536238513,57.99999999999888,2,1.4359356323441679E-6-3.435041802387482E-11i,0.0071796781617210845-1.7175209011937997E-7i
31.176914536239522,56.00000000000279,2,1.4359356323441679E-6-3.435041802387482E-11i,0.0071796781617210845-1.7175209011937997E-7i
34.64101615138128,54.00000000000087,2,1.4359356323441679E-6-3.435041802387482E-11i,0.007179678161721085-1.7175209011938E-7i
32.908965343810266,55.000000000003396,2,1.4359356323441679E-6-3.435041802387482E-11i,0.0071796781617210845-1.7175209011937997E-7i
32.93053213427521,60.97969674455587,2,1.4359356323441679E-6-3.435041802387482E-11i,0.0071796781617210845-1.7175209011937997E-7i
31.176914536240815,59.99999999999822,2,1.4359356323441679E-6-3.435041802387482E-11i,0.007179678161721084-1.7175209011937995E-7i
29.44486372867081,58.999999999998344,2,1.4359356323441679E-6-3.435041802387482E-11i,0.0071796781617210845-1.7175209011937997E-7i
29.44486372867199,61.000000000000135,2,1.4359356323441679E-6-3.435041802387482E-11i,0.0071796781617210845-1.7175209011937997E-7i
31.176914536240815,62.0000000000021,2,1.4359356323441679E-6-3.435041802387482E-11i,0.0071796781617210845-1.7175209011937997E-7i
29.444863728669986,57.000000000000846,2,1.4359356323441679E-6-3.435041802387482E-11i,0.0071796781617210845-1.7175209011937997E-7i
27.712812921102568,59.99999999999919,2,1.4359356323441679E-6-3.435041802387482E-11i,0.007179678161721084-1.7175209011937995E-7i
27.712812921101445,57.999999999999446,2,1.4359356323441679E-6-3.435041802387482E-11i,0.0071796781617210845-1.7175209011937997E-7i
25.980762113533146,58.99999999999919,2,1.4359356323441679E-6-3.435041802387482E-11i,0.0071796781617210845-1.7175209011937997E-7i
38.164861330075034,52.08389223604364,2,1.4359356323441679E-6-3.435041802387482E-11i,0.007179678161721085-1.7175209011938E-7i
48.12417611410086,48.30727697600502,2,1.4359356323441679E-6-3.435041802387482E-11i,0.007179678161721084-1.7175209011937997E-7i
49.07685115416259,46.730684966472424,2,1.4359356323441679E-6-3.435041802387482E-11i,0.0071796781617210845-1.7175209011937997E-7i
46.853731262200505,46.87804906113901,2,1.435935632344168E-6-3.435041802387482E-11i,0.0071796781617210845-1.7175209011938E-7i
51.97969094499432,45.06988513090777,2,1.4359356323441679E-6-3.435041802387482E-11i,0.0071796781617210845-1.7175209011937997E-7i
53.03745685102852,43.306256449136136,2,1.4359356323441679E-6-3.435041802387482E-11i,0.0071796781617210845-1.7175209011937997E-7i
50.041984688218676,45.04594299047429,2,1.4359356323441679E-6-3.435041802387482E-11i,0.007179678161721084-1.7175209011937995E-7i
49.00415496825483,43.28085526796671,2,1.4359356323441679E-6-3.435041802387482E-11i,0.0071796781617210845-1.7175209011937997E-7i
50.999999999972324,43.301270189219736,2,1.4359356323441679E-6-3.435041802387482E-11i,0.007179678161721084-1.7175209011937997E-7i
47.97042027728786,44.977829731729784,2,1.4359356323441679E-6-3.435041802387482E-11i,0.0071796781617210845-1.7175209011937997E-7i
55.148354952631834,43.761590568728465,2,1.4359356323441679E-6-3.435041802387482E-11i,0.007179678161721084-1.7175209011937997E-7i
54.13095202864796,41.77470143680173,2,1.4359356323441679E-6-3.435041802387482E-11i,0.0071796781617210845-1.7175209011937997E-7i
51.99999999998213,41.56921938165952,2,1.4359356323441679E-6-3.435041802387482E-11i,0.0071796781617210845-1.7175209011937997E-7i
49.99999999998721,41.56921938164527,2,1.4359356323441679E-6-3.435041802387482E-11i,0.0071796781617210845-1.7175209011937997E-7i
52.9999999999952,39.83716857409242,2,1.4359356323441679E-6-3.435041802387482E-11i,0.007179678161721084-1.7175209011937995E-7i
50.999999999985455,39.83716857408295,2,1.4359356323441679E-6-3.435041802387482E-11i,0.0071796781617210845-1.7175209011937997E-7i
51.999999999990656,38.10511776651863,2,1.4359356323441679E-6-3.435041802387482E-11i,0.0071796781617210845-1.7175209011937997E-7i
54.00000000000338,38.105117766520735,2,1.4359356323441679E-6-3.435041802387482E-11i,0.0071796781617210845-1.7175209011937997E-7i
58.997467606248264,36.368855782410414,2,1.4359356323441679E-6-3.435041802387482E-11i,0.007179678161721084-1.7175209011937995E-7i
57.99999999999952,34.641016151375794,2,1.4359356323441679E-6-3.435041802387482E-11i,0.0071796781617210845-1.7175209011937997E-7i
57.000000000002906,36.37306695894412,2,1.4359356323441679E-6-3.435041802387482E-11i,0.0071796781617210845-1.7175209011937997E-7i
56.00000000000774,38.105117766514375,2,1.4359356323441679E-6-3.435041802387482E-11i,0.007179678161721084-1.7175209011937995E-7i
55.0000000000053,36.37306695894832,2,1.4359356323441679E-6-3.435041802387482E-11i,0.0071796781617210845-1.7175209011937997E-7i
52.999999999997456,36.37306695895064,2,1.4359356323441679E-6-3.435041802387482E-11i,0.007179678161721084-1.7175209011937995E-7i
54.00000000000157,34.6410161513803,2,1.4359356323441679E-6-3.435041802387482E-11i,0.0071796781617210845-1.7175209011937997E-7i
51.9999999999951,34.64101615137929,2,1.4359356323441679E-6-3.435041802387482E-11i,0.0071796781617210845-1.7175209011937997E-7i
50.999999999992305,36.373066958945756,2,1.4359356323441679E-6-3.435041802387482E-11i,0.0071796781617210845-1.7175209011937997E-7i
57.00000000000153,32.908965343807665,2,1.4359356323441679E-6-3.435041802387482E-11i,0.0071796781617210845-1.7175209011937997E-7i
55.00000000000251,32.90896534380968,2,1.4359356323441679E-6-3.435041802387482E-11i,0.0071796781617210845-1.7175209011937997E-7i
56.00000000000181,31.176914536239764,2,1.4359356323441679E-6-3.435041802387482E-11i,0.0071796781617210845-1.7175209011937997E-7i
56.00000000000376,34.64101615137726,2,1.4359356323441679E-6-3.435041802387482E-11i,0.007179678161721084-1.7175209011937995E-7i
58.999999999998295,32.90896534380812,2,1.4359356323441679E-6-3.435041802387482E-11i,0.007179678161721084-1.7175209011937995E-7i
57.99999999999991,31.176914536238982,2,1.4359356323441679E-6-3.435041802387482E-11i,0.0071796781617210845-1.7175209011937997E-7i
57.0000000000008,29.444863728670512,2,1.4359356323441679E-6-3.435041802387482E-11i,0.0071796781617210845-1.7175209011937997E-7i
55.000000000001165,29.444863728671464,2,1.4359356323441679E-6-3.435041802387482E-11i,0.0071796781617210845-1.7175209011937997E-7i
58.99999999999925,29.44486372867064,2,1.4359356323441679E-6-3.435041802387482E-11i,0.007179678161721084-1.7175209011937997E-7i
58.000000000000036,27.712812921101687,2,1.4359356323441679E-6-3.435041802387482E-11i,0.0071796781617210845-1.7175209011937997E-7i
63.00000000000128,29.444863728670796,2,1.4359356323441679E-6-3.435041802387482E-11i,0.007179678161721084-1.7175209011937995E-7i
60.99999999999993,29.444863728671578,2,1.4359356323441679E-6-3.435041802387482E-11i,0.007179678161721084-1.7175209011937997E-7i
64.00000000000048,27.712812921101573,2,1.4359356323441679E-6-3.435041802387482E-11i,0.0071796781617210845-1.7175209011937997E-7i
62.00000000000068,27.712812921102383,2,1.4359356323441679E-6-3.435041802387482E-11i,0.0071796781617210845-1.7175209011937997E-7i
59.999999999999424,27.712812921102227,2,1.4359356323441679E-6-3.435041802387482E-11i,0.0071796781617210845-1.7175209011937997E-7i
64.99999999999983,25.98076211353282,2,1.4359356323441679E-6-3.435041802387482E-11i,0.007179678161721084-1.7175209011937995E-7i
64.00000000000026,24.248711305964036,2,1.4359356323441679E-6-3.435041802387482E-11i,0.0071796781617210845-1.7175209011937997E-7i
63.000000000000675,25.98076211353309,2,1.4359356323441679E-6-3.435041802387482E-11i,0.0071796781617210845-1.7175209011937997E-7i
68.99999999999997,22.516660498395453,2,1.4359356323441679E-6-3.435041802387482E-11i,0.007179678161721084-1.7175209011937997E-7i
67.99999999999994,20.78460969082657,2,1.4359356323441679E-6-3.435041802387482E-11i,0.007179678161721085-1.7175209011938E-7i
66.9999999999998,22.51666049839544,2,1.4359356323441679E-6-3.435041802387482E-11i,0.007179678161721084-1.7175209011937995E-7i
65.99999999999983,20.784609690826485,2,1.4359356323441679E-6-3.435041802387482E-11i,0.007179678161721084-1.7175209011937997E-7i
64.9999999999999,22.516660498395225,2,1.4359356323441679E-6-3.435041802387482E-11i,0.0071796781617210845-1.7175209011937997E-7i
67.99999999999999,13.856406460551028,2,1.4359356323441679E-6-3.435041802387482E-11i,0.007179678161721085-1.7175209011938E-7i
64.99999999999994,19.05255888325756,2,1.4359356323441679E-6-3.435041802387482E-11i,0.007179678161721084-1.7175209011937995E-7i
66.99999999999991,19.052558883257674,2,1.4359356323441679E-6-3.435041802387482E-11i,0.0071796781617210845-1.7175209011937997E-7i
64.00000000000013,20.784609690826386,2,1.4359356323441679E-6-3.435041802387482E-11i,0.0071796781617210845-1.7175209011937997E-7i
63.0000000000002,19.052558883257632,2,1.4359356323441679E-6-3.435041802387482E-11i,0.0071796781617210845-1.7175209011937997E-7i
64.00000000000007,17.320508075688707,2,1.4359356323441679E-6-3.435041802387482E-11i,0.007179678161721084-1.7175209011937997E-7i
65.99999999999991,17.320508075688764,2,1.4359356323441679E-6-3.435041802387482E-11i,0.0071796781617210845-1.7175209011937997E-7i
68.99999999999999,19.05255888325766,2,1.4359356323441679E-6-3.435041802387482E-11i,0.007179678161721084-1.7175209011937995E-7i
67.99999999999997,17.320508075688792,2,1.4359356323441679E-6-3.435041802387482E-11i,0.007179678161721084-1.7175209011937997E-7i
66.99999999999994,15.58845726811991,2,1.4359356323441679E-6-3.435041802387482E-11i,0.007179678161721084-1.7175209011937997E-7i
64.99999999999997,15.58845726811984,2,1.4359356323441679E-6-3.435041802387482E-11i,0.0071796781617210845-1.7175209011937997E-7i
65.99999999999999,10.392304845413264,2,1.4359356323441679E-6-3.435041802387482E-11i,0.007179678161721084-1.7175209011937995E-7i
68,10.392304845413278,2,1.4359356323441679E-6-3.435041802387482E-11i,0.007179678161721085-1.7175209011938E-7i
67,8.660254037844396,2,1.4359356323441679E-6-3.435041802387482E-11i,0.0071796781617210845-1.7175209011937997E-7i
64.99999999999999,12.124355652982132,2,1.4359356323441679E-6-3.435041802387482E-11i,0.0071796781617210845-1.7175209011937997E-7i
64.00000000000003,10.392304845413236,2,1.4359356323441679E-6-3.435041802387482E-11i,0.0071796781617210845-1.7175209011937997E-7i
66.99999999999999,12.124355652982146,2,1.4359356323441679E-6-3.435041802387482E-11i,0.0071796781617210845-1.7175209011937997E-7i
65,8.660254037844368,2,1.4359356323441679E-6-3.435041802387482E-11i,0.007179678161721084-1.7175209011937997E-7i
73.00000000000001,8.660254037844396,2,1.4359356323441679E-6-3.435041802387482E-11i,0.0071796781617210845-1.7175209011937997E-7i
74,6.9282032302755,2,1.4359356323441679E-6-3.435041802387482E-11i,0.0071796781617210845-1.7175209011937997E-7i
72.00000000000001,6.928203230275528,2,1.4359356323441679E-6-3.435041802387482E-11i,0.0071796781617210845-1.7175209011937997E-7i
71,12.12435565298216,2,1.4359356323441679E-6-3.435041802387482E-11i,0.0071796781617210845-1.7175209011937997E-7i
69,12.12435565298216,2,1.4359356323441679E-6-3.435041802387482E-11i,0.0071796781617210845-1.7175209011937997E-7i
72.00000000000001,10.392304845413264,2,1.4359356323441679E-6-3.435041802387482E-11i,0.007179678161721084-1.7175209011937995E-7i
70,10.392304845413278,2,1.4359356323441679E-6-3.435041802387482E-11i,0.007179678161721084-1.7175209011937997E-7i
71,8.660254037844396,2,1.4359356323441679E-6-3.435041802387482E-11i,0.0071796781617210845-1.7175209011937997E-7i
69,8.660254037844396,2,1.4359356323441679E-6-3.435041802387482E-11i,0.0071796781617210845-1.7175209011937997E-7i
78,0,2,1.4359356323441679E-6-3.435041802387482E-11i,0.007179678161721084-1.7175209011937995E-7i
77,1.7320508075688679,2,1.4359356323441679E-6-3.435041802387482E-11i,0.0071796781617210845-1.7175209011937997E-7i
76,0,2,1.4359356323441679E-6-3.435041802387482E-11i,0.007179678161721084-1.7175209011937995E-7i
75,1.732050807568882,2,1.4359356323441679E-6-3.435041802387482E-11i,0.0071796781617210845-1.7175209011937997E-7i
74,0,2,1.4359356323441679E-6-3.435041802387482E-11i,0.007179678161721084-1.7175209011937995E-7i
74.99999999999999,5.196152422706632,2,1.4359356323441679E-6-3.435041802387482E-11i,0.007179678161721084-1.7175209011937995E-7i
73.00000000000001,5.196152422706632,2,1.4359356323441679E-6-3.435041802387482E-11i,0.007179678161721084-1.7175209011937997E-7i
76,3.464101615137764,2,1.4359356323441679E-6-3.435041802387482E-11i,0.0071796781617210845-1.7175209011937997E-7i
74,3.46410161513775,2,1.4359356323441679E-6-3.435041802387482E-11i,0.0071796781617210845-1.7175209011937997E-7i
73,1.732050807568882,2,1.4359356323441679E-6-3.435041802387482E-11i,0.0071796781617210845-1.7175209011937997E-7i
72,3.464101615137764,2,1.4359356323441679E-6-3.435041802387482E-11i,0.0071796781617210845-1.7175209011937997E-7i
72,0,1.9999999999999998,1.4359356323441679E-6-3.435041802387482E-11i,0.007179678161721084-1.7175209011937995E-7i
71,1.732050807568882,2,1.4359356323441679E-6-3.435041802387482E-11i,0.0071796781617210845-1.7175209011937997E-7i
8.660254037844396,71.00000000000003,2,1.4359356323441679E-6-3.435041802387482E-11i,0.007179678161721084-1.7175209011937995E-7i
6.928203230275528,70.00000000000003,2,1.4359356323441679E-6-3.435041802387482E-11i,0.0071796781617210845-1.7175209011937997E-7i
8.660254037844396,66.99999999999997,2,1.4359356323441679E-6-3.435041802387482E-11i,0.0071796781617210845-1.7175209011937997E-7i
6.928203230275528,67.99999999999999,2,1.4359356323441679E-6-3.435041802387482E-11i,0.0071796781617210845-1.7175209011937997E-7i
6.9282032302755,65.99999999999997,2,1.4359356323441679E-6-3.435041802387482E-11i,0.007179678161721085-1.7175209011938E-7i
5.196152422706632,73,2,1.4359356323441679E-6-3.435041802387482E-11i,0.007179678161721084-1.7175209011937995E-7i
5.196152422706632,71.00000000000001,2,1.4359356323441679E-6-3.435041802387482E-11i,0.0071796781617210845-1.7175209011937997E-7i
5.196152422706632,69.00000000000001,2,1.4359356323441679E-6-3.435041802387482E-11i,0.007179678161721084-1.7175209011937997E-7i
3.464101615137764,70,2,1.4359356323441679E-6-3.435041802387482E-11i,0.0071796781617210845-1.7175209011937997E-7i
3.464101615137764,68,2,1.4359356323441679E-6-3.435041802387482E-11i,0.0071796781617210845-1.7175209011937997E-7i
1.732050807568882,69,2,1.4359356323441679E-6-3.435041802387482E-11i,0.0071796781617210845-1.7175209011937997E-7i
5.196152422706632,66.99999999999997,2,1.4359356323441679E-6-3.435041802387482E-11i,0.007179678161721084-1.7175209011937995E-7i
5.196152422706632,65,2,1.4359356323441679E-6-3.435041802387482E-11i,0.0071796781617210845-1.7175209011937997E-7i
3.46410161513775,66,2,1.4359356323441679E-6-3.435041802387482E-11i,0.0071796781617210845-1.7175209011937997E-7i
1.732050807568882,67,2,1.4359356323441679E-6-3.435041802387482E-11i,0.0071796781617210845-1.7175209011937997E-7i
0,68,1.9999999999999998,1.4359356323441679E-6-3.435041802387482E-11i,0.007179678161721084-1.7175209011937995E-7i
0,70,2,1.4359356323441679E-6-3.435041802387482E-11i,0.007179678161721084-1.7175209011937995E-7i
13.856406460551,64.00000000000006,2,1.4359356323441679E-6-3.435041802387482E-11i,0.007179678161721084-1.7175209011937995E-7i
12.124355652982103,65,2,1.4359356323441679E-6-3.435041802387482E-11i,0.0071796781617210845-1.7175209011937997E-7i
12.124355652982146,63.00000000000005,2,1.4359356323441679E-6-3.435041802387482E-11i,0.0071796781617210845-1.7175209011937997E-7i
15.588457268119896,63.0000000000001,2,1.4359356323441679E-6-3.435041802387482E-11i,0.0071796781617210845-1.7175209011937997E-7i
13.856406460551057,62.00000000000005,2,1.4359356323441679E-6-3.435041802387482E-11i,0.0071796781617210845-1.7175209011937997E-7i
19.05255888325766,63.00000000000021,2,1.4359356323441679E-6-3.435041802387482E-11i,0.007179678161721084-1.7175209011937997E-7i
17.32050807568885,62.000000000000114,2,1.4359356323441679E-6-3.435041802387482E-11i,0.007179678161721084-1.7175209011937997E-7i
19.052558883257788,61.00000000000005,2,1.4359356323441679E-6-3.435041802387482E-11i,0.007179678161721085-1.7175209011938E-7i
10.392304845413236,65.99999999999994,2,1.4359356323441679E-6-3.435041802387482E-11i,0.007179678161721084-1.7175209011937997E-7i
10.392304845413236,64.00000000000003,2,1.4359356323441679E-6-3.435041802387482E-11i,0.0071796781617210845-1.7175209011937997E-7i
8.660254037844368,65,2,1.4359356323441679E-6-3.435041802387482E-11i,0.007179678161721084-1.7175209011937995E-7i
8.660254037844396,63.000000000000014,2,1.4359356323441679E-6-3.435041802387482E-11i,0.0071796781617210845-1.7175209011937997E-7i
6.9282032302755,64.00000000000001,2,1.4359356323441679E-6-3.435041802387482E-11i,0.0071796781617210845-1.7175209011937997E-7i
10.392304845413264,62.000000000000014,2,1.4359356323441679E-6-3.435041802387482E-11i,0.007179678161721085-1.7175209011938E-7i
12.12435565298216,61.000000000000014,2,1.4359356323441679E-6-3.435041802387482E-11i,0.0071796781617210845-1.7175209011937997E-7i
20.784609690826656,62.00000000000024,2,1.4359356323441679E-6-3.435041802387482E-11i,0.007179678161721084-1.7175209011937995E-7i
22.516660498395666,61.00000000000007,2,1.4359356323441679E-6-3.435041802387482E-11i,0.0071796781617210845-1.7175209011937997E-7i
20.784609690826684,59.999999999999844,2,1.4359356323441679E-6-3.435041802387482E-11i,0.0071796781617210845-1.7175209011937997E-7i
19.05255888325769,58.99999999999981,2,1.4359356323441679E-6-3.435041802387482E-11i,0.0071796781617210845-1.7175209011937997E-7i
17.320508075688863,59.999999999999936,2,1.4359356323441679E-6-3.435041802387482E-11i,0.007179678161721084-1.7175209011937997E-7i
17.320508075688736,57.99999999999992,2,1.4359356323441679E-6-3.435041802387482E-11i,0.0071796781617210845-1.7175209011937997E-7i
20.784609690826414,57.99999999999985,2,1.4359356323441679E-6-3.435041802387482E-11i,0.0071796781617210845-1.7175209011937997E-7i
15.588457268119967,61.00000000000002,2,1.4359356323441679E-6-3.435041802387482E-11i,0.007179678161721084-1.7175209011937995E-7i
13.856406460551057,59.99999999999997,2,1.4359356323441679E-6-3.435041802387482E-11i,0.0071796781617210845-1.7175209011937997E-7i
15.588457268119924,58.99999999999991,2,1.4359356323441679E-6-3.435041802387482E-11i,0.0071796781617210845-1.7175209011937997E-7i
12.12435565298216,58.99999999999996,2,1.4359356323441679E-6-3.435041802387482E-11i,0.007179678161721085-1.7175209011938E-7i
21.12831552948109,48.82475704900208,1.0000000000000002,1.4358931853447628E-6-3.4349402607765236E-11i,0.007179678161721084-1.7175209011937997E-7i
20.784609690826272,48.0000000000002,2,1.4359356323441677E-6-3.435041802387482E-11i,0.007179678161721085-1.7175209011937997E-7i
22.51666049839507,48.99999999999992,2,1.4359356323441677E-6-3.435041802387482E-11i,0.007179678161721085-1.7175209011937997E-7i
20.784609690826358,49.99999999999981,2,1.4359356323441679E-6-3.435041802387482E-11i,0.007179678161721085-1.7175209011938E-7i
24.248711305963923,49.99999999999956,2,1.4359356323441679E-6-3.435041802387482E-11i,0.007179678161721085-1.7175209011938E-7i
23.289331662787824,50,1,1.4359009867456277E-6-3.434958923269106E-11i,0.007179678161721086-1.7175209011937995E-7i
22.516660498395268,50.999999999999545,2,1.4359356323441679E-6-3.435041802387482E-11i,0.0071796781617210845-1.7175209011937997E-7i
24.248711305964335,51.999999999999204,2,1.4359356323441679E-6-3.435041802387482E-11i,0.007179678161721085-1.7175209011938E-7i
25.000000000000004,50,1.0000000000000002,1.4359009664050001E-6-3.434958874610303E-11i,0.007179678161721086-1.7175209011937995E-7i
25.98076211353289,50.99999999999903,2,1.4359356323441679E-6-3.435041802387482E-11i,0.007179678161721085-1.7175209011938E-7i
19.05255888325756,57.0000000000001,2,1.4359356323441679E-6-3.435041802387482E-11i,0.007179678161721084-1.7175209011937997E-7i
20.784609690826542,56.00000000000035,2,1.4359356323441679E-6-3.435041802387482E-11i,0.0071796781617210845-1.7175209011937997E-7i
22.516660498395197,57.000000000000206,2,1.4359356323441679E-6-3.435041802387482E-11i,0.0071796781617210845-1.7175209011937997E-7i
22.51666049839568,55.00000000000037,2,1.4359356323441679E-6-3.435041802387482E-11i,0.0071796781617210845-1.7175209011937997E-7i
19.052558883257802,55.00000000000018,2,1.4359356323441679E-6-3.435041802387482E-11i,0.007179678161721085-1.7175209011938E-7i
22.516660498395424,58.99999999999961,2,1.4359356323441679E-6-3.435041802387482E-11i,0.007179678161721084-1.7175209011937995E-7i
24.248711305964008,57.99999999999971,2,1.4359356323441679E-6-3.435041802387482E-11i,0.0071796781617210845-1.7175209011937997E-7i
24.248711305964562,59.99999999999963,2,1.4359356323441679E-6-3.435041802387482E-11i,0.0071796781617210845-1.7175209011937997E-7i
23.90005144474915,48.87339506000386,1.0000000000000002,1.435893452509659E-6-3.434940899887754E-11i,0.007179678161721084-1.7175209011937997E-7i
24.248711305963752,48.00000000000044,2,1.4359356323441677E-6-3.435041802387482E-11i,0.007179678161721085-1.7175209011937997E-7i
43.24298093407452,53.082952960884676,2,1.4359356323441679E-6-3.435041802387482E-11i,0.007179678161721084-1.7175209011937995E-7i
43.24154524285885,51.05865684129674,2,1.4359356323441679E-6-3.435041802387482E-11i,0.0071796781617210845-1.7175209011937997E-7i
44.90198016777128,49.983714498720396,2,1.4359356323441679E-6-3.435041802387482E-11i,0.0071796781617210845-1.7175209011937997E-7i
46.560150401379616,48.980662110225026,2,1.4359356323441679E-6-3.435041802387482E-11i,0.007179678161721084-1.7175209011937995E-7i
45.05229152216805,48.017063694934876,2,1.4359356323441679E-6-3.435041802387482E-11i,0.0071796781617210845-1.7175209011937997E-7i
36.37306695895097,52.99999999999513,2,1.4359356323441679E-6-3.435041802387482E-11i,0.007179678161721084-1.7175209011937995E-7i
36.37306695894492,50.99999999999117,2,1.4359356323441679E-6-3.435041802387482E-11i,0.0071796781617210845-1.7175209011937997E-7i
34.64101615137869,51.999999999993896,2,1.4359356323441679E-6-3.435041802387482E-11i,0.0071796781617210845-1.7175209011937997E-7i
39.8891832545047,51.107107526494175,2,1.4359356323441679E-6-3.435041802387482E-11i,0.007179678161721084-1.7175209011937995E-7i
38.105117766509146,49.999999999990926,2,1.4359356323441679E-6-3.435041802387482E-11i,0.007179678161721084-1.7175209011937997E-7i
39.83716857407151,48.99999999999743,2,1.4359356323441679E-6-3.435041802387482E-11i,0.0071796781617210845-1.7175209011937997E-7i
41.56462027587933,50.14633615999685,2,1.4359356323441679E-6-3.435041802387482E-11i,0.007179678161721084-1.7175209011937997E-7i
41.56921938163558,48.000000000016975,2,1.4359356323441679E-6-3.435041802387482E-11i,0.0071796781617210845-1.7175209011937997E-7i
25.98076211353245,48.99999999999986,2,1.4359356323441677E-6-3.435041802387482E-11i,0.007179678161721085-1.7175209011937997E-7i
25.000000000000004,48.28933166278782,1.0000000000000002,1.4358889590657786E-6-3.4349301506819985E-11i,0.007179678161721086-1.7175209011937995E-7i
25.980762113532748,47.000000000001485,2,1.4359356323441679E-6-3.435041802387482E-11i,0.007179678161721085-1.7175209011938E-7i
23.850200094615712,47.517373132741064,1.0000000000000002,1.4358822716017255E-6-3.434914152946398E-11i,0.0071796781617210845-1.7175209011937997E-7i
23.905368693657255,46.14468468772489,1.0000000000000002,1.4358678893752629E-6-3.434879747818487E-11i,0.007179678161721084-1.7175209011937997E-7i
24.24871130596449,46.000000000001265,2,1.4359356323441677E-6-3.435041802387482E-11i,0.007179678161721085-1.7175209011937997E-7i
22.516660498395197,47.00000000000073,2,1.4359356323441674E-6-3.435041802387482E-11i,0.007179678161721086-1.7175209011937995E-7i
24.248711305964264,56.000000000000696,2,1.4359356323441679E-6-3.435041802387482E-11i,0.007179678161721084-1.7175209011937995E-7i
24.248711305964804,53.999999999999936,2,1.4359356323441679E-6-3.435041802387482E-11i,0.007179678161721085-1.7175209011938E-7i
25.98076211353363,55.000000000000774,2,1.4359356323441679E-6-3.435041802387482E-11i,0.007179678161721084-1.7175209011937997E-7i
25.980762113532734,57.00000000000042,2,1.4359356323441679E-6-3.435041802387482E-11i,0.007179678161721085-1.7175209011938E-7i
27.712812921101943,56.00000000000138,2,1.4359356323441679E-6-3.435041802387482E-11i,0.0071796781617210845-1.7175209011937997E-7i
27.712812921103023,54.00000000000001,2,1.4359356323441679E-6-3.435041802387482E-11i,0.0071796781617210845-1.7175209011937997E-7i
25.98076211353367,52.99999999999917,2,1.4359356323441679E-6-3.435041802387482E-11i,0.0071796781617210845-1.7175209011937997E-7i
29.444863728671777,55.00000000000163,2,1.4359356323441679E-6-3.435041802387482E-11i,0.0071796781617210845-1.7175209011937997E-7i
27.7128129211022,51.99999999999842,2,1.4359356323441679E-6-3.435041802387482E-11i,0.0071796781617210845-1.7175209011937997E-7i
27.71281292110129,49.999999999999055,2,1.4359356323441679E-6-3.435041802387482E-11i,0.007179678161721085-1.7175209011938E-7i
29.444863728671976,52.99999999999851,2,1.4359356323441679E-6-3.435041802387482E-11i,0.007179678161721084-1.7175209011937995E-7i
31.176914536241696,54.000000000000234,2,1.4359356323441679E-6-3.435041802387482E-11i,0.0071796781617210845-1.7175209011937997E-7i
29.444863728670427,50.999999999997954,2,1.4359356323441679E-6-3.435041802387482E-11i,0.0071796781617210845-1.7175209011937997E-7i
31.176914536240247,51.9999999999969,2,1.4359356323441679E-6-3.435041802387482E-11i,0.0071796781617210845-1.7175209011937997E-7i
32.90896534381086,52.99999999999731,2,1.4359356323441679E-6-3.435041802387482E-11i,0.007179678161721084-1.7175209011937995E-7i
32.90896534380781,50.999999999995744,2,1.4359356323441679E-6-3.435041802387482E-11i,0.0071796781617210845-1.7175209011937997E-7i
25,46.710668337212184,1.0000000000000002,1.435874201565292E-6-3.434894847824451E-11i,0.007179678161721086-1.7175209011937992E-7i
27.11007401500953,46.9249050677828,0.999999999999989,1.4358765624048066E-6-3.434900495419116E-11i,0.007179678161721086-1.7175209011937995E-7i
27.712812921102454,46.00000000000251,2,1.4359356323441679E-6-3.435041802387482E-11i,0.007179678161721084-1.7175209011937997E-7i
27.712812921100976,48.00000000000093,2,1.4359356323441679E-6-3.435041802387482E-11i,0.007179678161721085-1.7175209011938E-7i
29.444863728670114,47.000000000003,2,1.4359356323441679E-6-3.435041802387482E-11i,0.007179678161721085-1.7175209011938E-7i
36.373066958940235,48.99999999999879,2,1.4359356323441679E-6-3.435041802387482E-11i,0.007179678161721084-1.7175209011937995E-7i
36.37306695894344,47.00000000001221,2,1.4359356323441679E-6-3.435041802387482E-11i,0.007179678161721084-1.7175209011937997E-7i
34.641016151373265,48.000000000004015,2,1.4359356323441679E-6-3.435041802387482E-11i,0.0071796781617210845-1.7175209011937997E-7i
34.64101615137449,49.99999999999571,2,1.4359356323441679E-6-3.435041802387482E-11i,0.0071796781617210845-1.7175209011937997E-7i
38.105117766506645,48.00000000000827,2,1.4359356323441679E-6-3.435041802387482E-11i,0.0071796781617210845-1.7175209011937997E-7i
32.90896534380565,48.999999999999424,2,1.4359356323441679E-6-3.435041802387482E-11i,0.0071796781617210845-1.7175209011937997E-7i
31.176914536238286,49.99999999999798,2,1.4359356323441679E-6-3.435041802387482E-11i,0.007179678161721084-1.7175209011937995E-7i
29.444863728669446,48.999999999999716,2,1.4359356323441679E-6-3.435041802387482E-11i,0.007179678161721085-1.7175209011938E-7i
31.17691453623766,48.00000000000194,2,1.4359356323441679E-6-3.435041802387482E-11i,0.0071796781617210845-1.7175209011937997E-7i
32.908965343807125,47.00000000000605,2,1.4359356323441679E-6-3.435041802387482E-11i,0.0071796781617210845-1.7175209011937997E-7i
34.641016151379375,46.0000000000098,2,1.4359356323441679E-6-3.435041802387482E-11i,0.0071796781617210845-1.7175209011937997E-7i
43.30127018921063,47.00000000004973,2,1.4359356323441679E-6-3.435041802387482E-11i,0.0071796781617210845-1.7175209011937997E-7i
44.94024609999342,46.361958098474254,2,1.4359356323441679E-6-3.435041802387482E-11i,0.007179678161721084-1.7175209011937997E-7i
43.30127018919605,48.99999999999454,2,1.4359356323441679E-6-3.435041802387482E-11i,0.007179678161721084-1.7175209011937995E-7i
45.89184289602972,44.904788677524955,2,1.4359356323441679E-6-3.435041802387482E-11i,0.0071796781617210845-1.7175209011937997E-7i
46.98659461979256,43.190847115796444,2,1.4359356323441679E-6-3.435041802387482E-11i,0.0071796781617210845-1.7175209011937997E-7i
48.00500734747582,41.532462878336325,2,1.4359356323441679E-6-3.435041802387482E-11i,0.0071796781617210845-1.7175209011937997E-7i
46.034944595421955,41.46118950278079,2,1.4359356323441679E-6-3.435041802387482E-11i,0.007179678161721085-1.7175209011938E-7i
43.781992588551994,44.91758728542642,2,1.4359356323441679E-6-3.435041802387482E-11i,0.007179678161721084-1.7175209011937997E-7i
41.735129736093434,45.93812855402738,2,1.4359356323441679E-6-3.435041802387482E-11i,0.007179678161721084-1.7175209011937997E-7i
41.615692437856964,44.096184664399516,2,1.4359356323441679E-6-3.435041802387482E-11i,0.0071796781617210845-1.7175209011937997E-7i
42.95191905244117,42.850876596676834,2,1.4359356323441679E-6-3.435041802387482E-11i,0.007179678161721085-1.7175209011938E-7i
44.99130975517143,43.121409270660926,2,1.4359356323441679E-6-3.435041802387482E-11i,0.007179678161721084-1.7175209011937997E-7i
44.11732788286446,41.29290078833924,2,1.4359356323441679E-6-3.435041802387482E-11i,0.0071796781617210845-1.7175209011937997E-7i
42.91385876676551,41.06644831526459,1.206611570247922,1.435804379893347E-6-3.434727820586991E-11i,0.007179678161721086-1.7175209011937992E-7i
42.54413326461818,41.18967916182901,2,1.4359356323441679E-6-3.435041802387482E-11i,0.0071796781617210845-1.7175209011937995E-7i
43.13900813575448,39.73258986666004,2,1.4359356323441679E-6-3.435041802387482E-11i,0.007179678161721085-1.7175209011938E-7i
41.16861002536281,39.980926921711706,2,1.4359356323441679E-6-3.435041802387482E-11i,0.007179678161721084-1.7175209011937997E-7i
41.20107458641741,42.002610808079545,2,1.4359356323441679E-6-3.435041802387482E-11i,0.007179678161721085-1.7175209011938E-7i
45.06818562459186,39.79697292639124,2,1.4359356323441679E-6-3.435041802387482E-11i,0.007179678161721084-1.7175209011937995E-7i
44.97471979550327,39.92751069201851,1.3824192336588892,1.4358115331930626E-6-3.434744932693547E-11i,0.007179678161721086-1.7175209011937992E-7i
47.0000000000042,39.83716857408044,2,1.4359356323441679E-6-3.435041802387482E-11i,0.007179678161721084-1.7175209011937997E-7i
46.00000000000441,38.105117766512755,2,1.4359356323441679E-6-3.435041802387482E-11i,0.007179678161721085-1.7175209011938E-7i
44.06928985110896,38.081663338652234,2,1.4359356323441679E-6-3.435041802387482E-11i,0.007179678161721084-1.7175209011937997E-7i
49.999999999993285,38.105117766511114,2,1.4359356323441679E-6-3.435041802387482E-11i,0.007179678161721085-1.7175209011938E-7i
48.99999999999922,36.3730669589429,2,1.4359356323441679E-6-3.435041802387482E-11i,0.0071796781617210845-1.7175209011937997E-7i
48.99999999999825,39.837168574077594,2,1.4359356323441679E-6-3.435041802387482E-11i,0.007179678161721084-1.7175209011937997E-7i
48.00000000000218,38.10511776651171,2,1.4359356323441679E-6-3.435041802387482E-11i,0.007179678161721084-1.7175209011937997E-7i
49.99999999999644,34.64101615137528,2,1.4359356323441679E-6-3.435041802387482E-11i,0.007179678161721084-1.7175209011937995E-7i
50.9999999999959,32.90896534380832,2,1.4359356323441679E-6-3.435041802387482E-11i,0.0071796781617210845-1.7175209011937997E-7i
48.99999999999966,32.90896534380677,2,1.4359356323441679E-6-3.435041802387482E-11i,0.0071796781617210845-1.7175209011937997E-7i
48.000000000001286,34.641016151375695,2,1.4359356323441679E-6-3.435041802387482E-11i,0.0071796781617210845-1.7175209011937997E-7i
52.99999999999865,32.90896534381082,2,1.4359356323441679E-6-3.435041802387482E-11i,0.007179678161721084-1.7175209011937995E-7i
51.99999999999742,31.176914536240716,2,1.4359356323441679E-6-3.435041802387482E-11i,0.0071796781617210845-1.7175209011937997E-7i
54.00000000000071,31.176914536241185,2,1.4359356323441679E-6-3.435041802387482E-11i,0.0071796781617210845-1.7175209011937997E-7i
52.99999999999929,29.444863728672033,2,1.4359356323441679E-6-3.435041802387482E-11i,0.0071796781617210845-1.7175209011937997E-7i
49.99999999999809,31.17691453623857,2,1.4359356323441679E-6-3.435041802387482E-11i,0.0071796781617210845-1.7175209011937997E-7i
48.00000000000077,31.176914536238826,2,1.4359356323441679E-6-3.435041802387482E-11i,0.0071796781617210845-1.7175209011937997E-7i
54.00000000000032,27.712812921102753,2,1.4359356323441679E-6-3.435041802387482E-11i,0.0071796781617210845-1.7175209011937997E-7i
51.99999999999864,27.71281292110254,2,1.4359356323441679E-6-3.435041802387482E-11i,0.007179678161721085-1.7175209011938E-7i
56.00000000000087,27.712812921102085,2,1.4359356323441679E-6-3.435041802387482E-11i,0.007179678161721084-1.7175209011937997E-7i
50.9999999999978,29.444863728670725,2,1.4359356323441679E-6-3.435041802387482E-11i,0.007179678161721084-1.7175209011937997E-7i
60.99999999999998,25.9807621135335,2,1.4359356323441679E-6-3.435041802387482E-11i,0.007179678161721084-1.7175209011937995E-7i
58.99999999999967,25.980762113533032,2,1.4359356323441679E-6-3.435041802387482E-11i,0.0071796781617210845-1.7175209011937997E-7i
62.00000000000037,24.248711305964463,2,1.4359356323441679E-6-3.435041802387482E-11i,0.007179678161721084-1.7175209011937997E-7i
59.99999999999973,24.248711305964378,2,1.4359356323441679E-6-3.435041802387482E-11i,0.0071796781617210845-1.7175209011937997E-7i
57.00000000000043,25.980762113533018,2,1.4359356323441679E-6-3.435041802387482E-11i,0.007179678161721084-1.7175209011937997E-7i
58.000000000000064,24.24871130596412,2,1.4359356323441679E-6-3.435041802387482E-11i,0.0071796781617210845-1.7175209011937997E-7i
55.000000000000526,25.98076211353346,2,1.4359356323441679E-6-3.435041802387482E-11i,0.0071796781617210845-1.7175209011937997E-7i
56.000000000000405,24.24871130596435,2,1.4359356323441679E-6-3.435041802387482E-11i,0.007179678161721084-1.7175209011937995E-7i
54.00000000000014,24.248711305964648,2,1.4359356323441679E-6-3.435041802387482E-11i,0.0071796781617210845-1.7175209011937997E-7i
55.00000000000023,22.516660498395566,2,1.4359356323441679E-6-3.435041802387482E-11i,0.0071796781617210845-1.7175209011937997E-7i
57.000000000000234,22.516660498395368,2,1.4359356323441679E-6-3.435041802387482E-11i,0.0071796781617210845-1.7175209011937997E-7i
58.999999999999865,22.51666049839534,2,1.4359356323441679E-6-3.435041802387482E-11i,0.007179678161721084-1.7175209011937995E-7i
61.00000000000001,22.51666049839558,2,1.4359356323441679E-6-3.435041802387482E-11i,0.0071796781617210845-1.7175209011937997E-7i
58.000000000000064,20.78460969082647,2,1.4359356323441679E-6-3.435041802387482E-11i,0.0071796781617210845-1.7175209011937997E-7i
59.99999999999987,20.784609690826585,2,1.4359356323441679E-6-3.435041802387482E-11i,0.0071796781617210845-1.7175209011937997E-7i
61.000000000000014,19.052558883257745,2,1.4359356323441679E-6-3.435041802387482E-11i,0.007179678161721084-1.7175209011937995E-7i
58.99999999999994,19.052558883257632,2,1.4359356323441679E-6-3.435041802387482E-11i,0.0071796781617210845-1.7175209011937997E-7i
62.000000000000206,20.784609690826628,2,1.4359356323441679E-6-3.435041802387482E-11i,0.007179678161721084-1.7175209011937997E-7i
62.000000000000114,17.32050807568882,2,1.4359356323441679E-6-3.435041802387482E-11i,0.0071796781617210845-1.7175209011937997E-7i
59.99999999999994,17.320508075688807,2,1.4359356323441679E-6-3.435041802387482E-11i,0.007179678161721084-1.7175209011937997E-7i
63.00000000000037,22.516660498395368,2,1.4359356323441679E-6-3.435041802387482E-11i,0.007179678161721084-1.7175209011937995E-7i
61.000000000000014,15.588457268119953,2,1.4359356323441679E-6-3.435041802387482E-11i,0.0071796781617210845-1.7175209011937997E-7i
58.999999999999986,15.588457268119896,2,1.4359356323441679E-6-3.435041802387482E-11i,0.0071796781617210845-1.7175209011937997E-7i
59.99999999999998,13.856406460551028,2,1.4359356323441679E-6-3.435041802387482E-11i,0.0071796781617210845-1.7175209011937997E-7i
58.00000000000006,17.32050807568875,2,1.4359356323441679E-6-3.435041802387482E-11i,0.0071796781617210845-1.7175209011937997E-7i
65.99999999999996,13.856406460551,2,1.4359356323441679E-6-3.435041802387482E-11i,0.007179678161721084-1.7175209011937995E-7i
64.00000000000003,13.856406460550986,2,1.4359356323441679E-6-3.435041802387482E-11i,0.0071796781617210845-1.7175209011937997E-7i
63.000000000000064,12.124355652982132,2,1.4359356323441679E-6-3.435041802387482E-11i,0.007179678161721085-1.7175209011938E-7i
63.000000000000114,15.588457268119896,2,1.4359356323441679E-6-3.435041802387482E-11i,0.007179678161721084-1.7175209011937997E-7i
62.00000000000007,13.856406460551057,2,1.4359356323441679E-6-3.435041802387482E-11i,0.007179678161721084-1.7175209011937995E-7i
61.00000000000001,12.124355652982175,2,1.4359356323441679E-6-3.435041802387482E-11i,0.0071796781617210845-1.7175209011937997E-7i
62.00000000000004,10.392304845413292,2,1.4359356323441679E-6-3.435041802387482E-11i,0.0071796781617210845-1.7175209011937997E-7i
63.00000000000004,8.660254037844396,2,1.4359356323441679E-6-3.435041802387482E-11i,0.0071796781617210845-1.7175209011937997E-7i
68,6.928203230275528,2,1.4359356323441679E-6-3.435041802387482E-11i,0.0071796781617210845-1.7175209011937997E-7i
66,6.9282032302755,2,1.4359356323441679E-6-3.435041802387482E-11i,0.0071796781617210845-1.7175209011937997E-7i
70,6.928203230275528,2,1.4359356323441679E-6-3.435041802387482E-11i,0.0071796781617210845-1.7175209011937997E-7i
71,5.196152422706632,2,1.4359356323441679E-6-3.435041802387482E-11i,0.007179678161721085-1.7175209011938E-7i
64.00000000000001,6.9282032302755,2,1.4359356323441679E-6-3.435041802387482E-11i,0.0071796781617210845-1.7175209011937997E-7i
65.00000000000001,5.196152422706632,2,1.4359356323441679E-6-3.435041802387482E-11i,0.007179678161721085-1.7175209011938E-7i
67,5.196152422706632,2,1.4359356323441679E-6-3.435041802387482E-11i,0.007179678161721084-1.7175209011937997E-7i
66,3.46410161513775,2,1.4359356323441679E-6-3.435041802387482E-11i,0.0071796781617210845-1.7175209011937997E-7i
68,3.464101615137764,2,1.4359356323441679E-6-3.435041802387482E-11i,0.0071796781617210845-1.7175209011937997E-7i
69,5.196152422706632,2,1.4359356323441679E-6-3.435041802387482E-11i,0.007179678161721084-1.7175209011937995E-7i
70,3.464101615137764,2,1.4359356323441679E-6-3.435041802387482E-11i,0.0071796781617210845-1.7175209011937997E-7i
69.00000000000001,1.732050807568882,2,1.4359356323441679E-6-3.435041802387482E-11i,0.0071796781617210845-1.7175209011937997E-7i
67,1.732050807568882,2,1.4359356323441679E-6-3.435041802387482E-11i,0.0071796781617210845-1.7175209011937997E-7i
68.00000000000001,0,2,1.4359356323441679E-6-3.435041802387482E-11i,0.007179678161721084-1.7175209011937995E-7i
70,0,2,1.4359356323441679E-6-3.435041802387482E-11i,0.007179678161721084-1.7175209011937995E-7i
6.9282032302755,62.000000000000014,2,1.4359356323441679E-6-3.435041802387482E-11i,0.0071796781617210845-1.7175209011937997E-7i
8.660254037844396,61.000000000000014,2,1.4359356323441679E-6-3.435041802387482E-11i,0.007179678161721084-1.7175209011937997E-7i
5.196152422706632,63.000000000000014,2,1.4359356323441679E-6-3.435041802387482E-11i,0.0071796781617210845-1.7175209011937997E-7i
5.196152422706632,57.00000000000001,2,1.4359356323441679E-6-3.435041802387482E-11i,0.007179678161721084-1.7175209011937997E-7i
5.196152422706632,59,2,1.4359356323441679E-6-3.435041802387482E-11i,0.0071796781617210845-1.7175209011937997E-7i
6.9282032302755,57.999999999999986,2,1.4359356323441679E-6-3.435041802387482E-11i,0.0071796781617210845-1.7175209011937997E-7i
6.928203230275528,60.00000000000001,2,1.4359356323441679E-6-3.435041802387482E-11i,0.0071796781617210845-1.7175209011937997E-7i
3.464101615137764,57.99999999999999,2,1.4359356323441679E-6-3.435041802387482E-11i,0.0071796781617210845-1.7175209011937997E-7i
3.464101615137764,56.000000000000014,2,1.4359356323441679E-6-3.435041802387482E-11i,0.0071796781617210845-1.7175209011937997E-7i
6.9282032302755,56.00000000000002,2,1.4359356323441679E-6-3.435041802387482E-11i,0.0071796781617210845-1.7175209011937997E-7i
5.196152422706632,61,2,1.4359356323441679E-6-3.435041802387482E-11i,0.007179678161721084-1.7175209011937995E-7i
3.464101615137764,62,2,1.4359356323441679E-6-3.435041802387482E-11i,0.0071796781617210845-1.7175209011937997E-7i
3.464101615137764,60.00000000000001,2,1.4359356323441679E-6-3.435041802387482E-11i,0.0071796781617210845-1.7175209011937997E-7i
3.46410161513775,64,2,1.4359356323441679E-6-3.435041802387482E-11i,0.0071796781617210845-1.7175209011937997E-7i
1.7320508075688679,65,2,1.4359356323441679E-6-3.435041802387482E-11i,0.0071796781617210845-1.7175209011937997E-7i
1.732050807568882,63,2,1.4359356323441679E-6-3.435041802387482E-11i,0.0071796781617210845-1.7175209011937997E-7i
0,66,2,1.4359356323441679E-6-3.435041802387482E-11i,0.007179678161721084-1.7175209011937995E-7i
0,64,2,1.4359356323441679E-6-3.435041802387482E-11i,0.007179678161721084-1.7175209011937995E-7i
0,62.00000000000001,2,1.4359356323441679E-6-3.435041802387482E-11i,0.007179678161721084-1.7175209011937995E-7i
1.732050807568882,61.00000000000001,2,1.4359356323441679E-6-3.435041802387482E-11i,0.0071796781617210845-1.7175209011937997E-7i
1.7320508075688963,59,2,1.4359356323441679E-6-3.435041802387482E-11i,0.0071796781617210845-1.7175209011937997E-7i
1.7320508075688679,57.000000000000014,2,1.4359356323441679E-6-3.435041802387482E-11i,0.0071796781617210845-1.7175209011937997E-7i
0,60,2,1.4359356323441679E-6-3.435041802387482E-11i,0.007179678161721084-1.7175209011937995E-7i
10.392304845413292,53.999999999999986,2,1.4359356323441679E-6-3.435041802387482E-11i,0.007179678161721084-1.7175209011937995E-7i
12.124355652982189,55.00000000000005,2,1.4359356323441679E-6-3.435041802387482E-11i,0.0071796781617210845-1.7175209011937997E-7i
12.12435565298216,52.99999999999992,2,1.4359356323441679E-6-3.435041802387482E-11i,0.007179678161721084-1.7175209011937997E-7i
8.660254037844396,55.000000000000036,2,1.4359356323441679E-6-3.435041802387482E-11i,0.0071796781617210845-1.7175209011937997E-7i
8.660254037844396,52.99999999999996,2,1.4359356323441679E-6-3.435041802387482E-11i,0.0071796781617210845-1.7175209011937997E-7i
10.392304845413264,56.00000000000004,2,1.4359356323441679E-6-3.435041802387482E-11i,0.007179678161721085-1.7175209011938E-7i
10.392304845413264,51.99999999999994,2,1.4359356323441679E-6-3.435041802387482E-11i,0.0071796781617210845-1.7175209011937997E-7i
12.124355652982118,57.00000000000002,2,1.4359356323441679E-6-3.435041802387482E-11i,0.0071796781617210845-1.7175209011937997E-7i
13.856406460551028,56.0000000000001,2,1.4359356323441679E-6-3.435041802387482E-11i,0.0071796781617210845-1.7175209011937997E-7i
13.856406460551085,53.99999999999997,2,1.4359356323441679E-6-3.435041802387482E-11i,0.0071796781617210845-1.7175209011937997E-7i
13.856406460551,57.99999999999996,2,1.4359356323441679E-6-3.435041802387482E-11i,0.007179678161721084-1.7175209011937995E-7i
15.588457268119853,57.00000000000005,2,1.4359356323441679E-6-3.435041802387482E-11i,0.0071796781617210845-1.7175209011937997E-7i
6.928203230275528,54,2,1.4359356323441679E-6-3.435041802387482E-11i,0.0071796781617210845-1.7175209011937997E-7i
8.660254037844368,57.00000000000001,2,1.4359356323441679E-6-3.435041802387482E-11i,0.007179678161721084-1.7175209011937997E-7i
8.660254037844396,58.999999999999986,2,1.4359356323441679E-6-3.435041802387482E-11i,0.007179678161721085-1.7175209011938E-7i
10.392304845413292,60,2,1.4359356323441679E-6-3.435041802387482E-11i,0.007179678161721084-1.7175209011937997E-7i
10.39230484541325,57.99999999999998,2,1.4359356323441679E-6-3.435041802387482E-11i,0.007179678161721084-1.7175209011937997E-7i
22.516660498395908,45.000000000000554,2,1.4359356323441677E-6-3.435041802387482E-11i,0.007179678161721085-1.7175209011937997E-7i
22.506436293690943,48.535051041931624,1.0000000000000002,1.435890942289909E-6-3.4349348949460404E-11i,0.007179678161721085-1.7175209011937997E-7i
21.710668337212187,50,1.0000000000000002,1.4359010231006418E-6-3.434959010237483E-11i,0.007179678161721086-1.7175209011937995E-7i
20.784609690826542,51.99999999999959,2,1.4359356323441677E-6-3.435041802387482E-11i,0.007179678161721085-1.7175209011937997E-7i
22.502453660779523,46.49695121735006,1.0000000000000002,1.435871873395396E-6-3.434889278381969E-11i,0.007179678161721084-1.7175209011937997E-7i
21.19788807469791,47.50828535689009,1.0000000000000002,1.4358822769147623E-6-3.4349141656562434E-11i,0.0071796781617210845-1.7175209011937997E-7i
20.784609690826628,46.00000000000065,2,1.4359356323441677E-6-3.435041802387482E-11i,0.007179678161721085-1.7175209011937997E-7i
20,50,1.0000000000000002,1.4359010799685401E-6-3.434959146276736E-11i,0.007179678161721086-1.7175209011937995E-7i
19.052558883257575,50.99999999999979,2,1.4359356323441679E-6-3.435041802387482E-11i,0.0071796781617210845-1.7175209011937997E-7i
19.999999999999996,48.289331662787816,1,1.4358890576379512E-6-3.434930386486114E-11i,0.007179678161721086-1.7175209011937995E-7i
19.052558883257504,48.99999999999995,2,1.4359356323441677E-6-3.435041802387482E-11i,0.007179678161721085-1.7175209011937997E-7i
19.052558883257547,47.000000000000384,2,1.4359356323441679E-6-3.435041802387482E-11i,0.007179678161721085-1.7175209011938E-7i
17.320508075688792,56.000000000000185,2,1.4359356323441679E-6-3.435041802387482E-11i,0.0071796781617210845-1.7175209011937997E-7i
20,46.710668337212184,1.0000000000000002,1.4358742939215305E-6-3.434895068758827E-11i,0.007179678161721086-1.7175209011937995E-7i
21.12498631562606,46.223959143742405,1.0000000000000002,1.4358688834841227E-6-3.434882125923337E-11i,0.007179678161721084-1.7175209011937997E-7i
22.51666049839565,52.99999999999954,2,1.4359356323441679E-6-3.435041802387482E-11i,0.0071796781617210845-1.7175209011937997E-7i
17.320508075688764,51.999999999999794,2,1.4359356323441679E-6-3.435041802387482E-11i,0.0071796781617210845-1.7175209011937997E-7i
19.052558883257774,52.99999999999975,2,1.4359356323441679E-6-3.435041802387482E-11i,0.007179678161721085-1.7175209011938E-7i
17.320508075688693,49.99999999999992,2,1.4359356323441679E-6-3.435041802387482E-11i,0.0071796781617210845-1.7175209011937997E-7i
20.784609690826798,53.99999999999994,2,1.4359356323441679E-6-3.435041802387482E-11i,0.0071796781617210845-1.7175209011937997E-7i
17.320508075688906,53.99999999999995,2,1.4359356323441679E-6-3.435041802387482E-11i,0.007179678161721084-1.7175209011937997E-7i
15.588457268119953,52.999999999999865,2,1.4359356323441679E-6-3.435041802387482E-11i,0.007179678161721085-1.7175209011938E-7i
25.98076211353417,45.00000000000108,2,1.4359356323441677E-6-3.435041802387482E-11i,0.007179678161721085-1.7175209011937997E-7i
25.000000000000004,45,1.0000000000000002,1.435852885571695E-6-3.4348438557552975E-11i,0.007179678161721086-1.7175209011937992E-7i
24.24871130596516,43.99999999999972,2,1.4359356323441679E-6-3.435041802387482E-11i,0.007179678161721085-1.7175209011938E-7i
23.28933166278782,45,1.0000000000000004,1.4358528897051625E-6-3.4348438656433673E-11i,0.007179678161721086-1.7175209011937995E-7i
39.73535949268162,43.086718854852094,2,1.4359356323441679E-6-3.435041802387482E-11i,0.007179678161721084-1.7175209011937997E-7i
39.83716857409996,45.00000000001496,2,1.4359356323441679E-6-3.435041802387482E-11i,0.0071796781617210845-1.7175209011937997E-7i
39.837168574078376,47.000000000024635,2,1.4359356323441679E-6-3.435041802387482E-11i,0.007179678161721084-1.7175209011937995E-7i
38.105117766519115,46.000000000019405,2,1.4359356323441679E-6-3.435041802387482E-11i,0.0071796781617210845-1.7175209011937997E-7i
36.373066958954325,45.000000000007745,2,1.4359356323441679E-6-3.435041802387482E-11i,0.007179678161721084-1.7175209011937995E-7i
38.10511776652817,43.99999999999483,2,1.4359356323441679E-6-3.435041802387482E-11i,0.007179678161721084-1.7175209011937997E-7i
34.64101615138408,43.99999999999753,2,1.4359356323441679E-6-3.435041802387482E-11i,0.0071796781617210845-1.7175209011937997E-7i
36.373066958951526,42.99999999998675,2,1.4359356323441679E-6-3.435041802387482E-11i,0.0071796781617210845-1.7175209011937997E-7i
38.05064916230657,42.029816737593855,2,1.4359356323441679E-6-3.435041802387482E-11i,0.0071796781617210845-1.7175209011937997E-7i
39.54073625279051,41.11576473984118,2,1.4359356323441679E-6-3.435041802387482E-11i,0.0071796781617210845-1.7175209011937997E-7i
27.712812921103733,43.99999999999943,2,1.4359356323441679E-6-3.435041802387482E-11i,0.0071796781617210845-1.7175209011937997E-7i
29.4448637286729,45.00000000000208,2,1.4359356323441679E-6-3.435041802387482E-11i,0.0071796781617210845-1.7175209011937997E-7i
31.17691453624066,46.00000000000496,2,1.4359356323441679E-6-3.435041802387482E-11i,0.007179678161721084-1.7175209011937997E-7i
31.176914536243117,43.99999999999882,2,1.4359356323441679E-6-3.435041802387482E-11i,0.0071796781617210845-1.7175209011937997E-7i
32.90896534381264,45.000000000004015,2,1.4359356323441679E-6-3.435041802387482E-11i,0.007179678161721084-1.7175209011937995E-7i
32.9089653438113,42.999999999993335,2,1.4359356323441679E-6-3.435041802387482E-11i,0.007179678161721084-1.7175209011937997E-7i
34.641016151376306,41.99999999998943,2,1.4359356323441679E-6-3.435041802387482E-11i,0.0071796781617210845-1.7175209011937997E-7i
25.98076211353387,42.999999999998295,2,1.4359356323441679E-6-3.435041802387482E-11i,0.007179678161721085-1.7175209011938E-7i
31.176914536239195,41.99999999999464,2,1.4359356323441679E-6-3.435041802387482E-11i,0.007179678161721085-1.7175209011938E-7i
42.1259463341468,38.10467930680612,2,1.4359356323441679E-6-3.435041802387482E-11i,0.0071796781617210845-1.7175209011937997E-7i
40.284098356425986,38.05657490803777,2,1.4359356323441679E-6-3.435041802387482E-11i,0.0071796781617210845-1.7175209011937997E-7i
39.42450526128511,39.55242030990382,2,1.4359356323441679E-6-3.435041802387482E-11i,0.007179678161721084-1.7175209011937997E-7i
47.000000000002224,36.37306695894459,2,1.4359356323441679E-6-3.435041802387482E-11i,0.007179678161721084-1.7175209011937995E-7i
46.000000000002174,34.64101615137626,2,1.4359356323441679E-6-3.435041802387482E-11i,0.0071796781617210845-1.7175209011937997E-7i
45.00000000000556,36.37306695894519,2,1.4359356323441679E-6-3.435041802387482E-11i,0.0071796781617210845-1.7175209011937997E-7i
43.07705699085959,36.30736985604496,2,1.4359356323441679E-6-3.435041802387482E-11i,0.0071796781617210845-1.7175209011937997E-7i
47.00000000000118,32.90896534380778,2,1.4359356323441679E-6-3.435041802387482E-11i,0.007179678161721084-1.7175209011937995E-7i
45.000000000002814,32.90896534380798,2,1.4359356323441679E-6-3.435041802387482E-11i,0.0071796781617210845-1.7175209011937997E-7i
46.00000000000106,31.17691453623914,2,1.4359356323441679E-6-3.435041802387482E-11i,0.0071796781617210845-1.7175209011937997E-7i
47.000000000000625,29.444863728670484,2,1.4359356323441679E-6-3.435041802387482E-11i,0.0071796781617210845-1.7175209011937997E-7i
44.0000000000054,34.64101615137831,2,1.4359356323441679E-6-3.435041802387482E-11i,0.007179678161721084-1.7175209011937995E-7i
41.99999999999926,34.64101615138185,2,1.4359356323441679E-6-3.435041802387482E-11i,0.0071796781617210845-1.7175209011937997E-7i
43.000000000002885,32.908965343810934,2,1.4359356323441679E-6-3.435041802387482E-11i,0.0071796781617210845-1.7175209011937997E-7i
50.99999999999881,25.980762113533075,2,1.4359356323441679E-6-3.435041802387482E-11i,0.007179678161721084-1.7175209011937997E-7i
49.99999999999896,27.712812921101374,2,1.4359356323441679E-6-3.435041802387482E-11i,0.0071796781617210845-1.7175209011937997E-7i
51.99999999999928,24.248711305964548,2,1.4359356323441679E-6-3.435041802387482E-11i,0.0071796781617210845-1.7175209011937997E-7i
49.99999999999943,24.248711305963923,2,1.4359356323441679E-6-3.435041802387482E-11i,0.0071796781617210845-1.7175209011937997E-7i
52.99999999999963,25.98076211353373,2,1.4359356323441679E-6-3.435041802387482E-11i,0.007179678161721084-1.7175209011937995E-7i
43.000000000001556,29.444863728672075,2,1.4359356323441679E-6-3.435041802387482E-11i,0.007179678161721084-1.7175209011937997E-7i
45.00000000000143,29.444863728670526,2,1.4359356323441679E-6-3.435041802387482E-11i,0.007179678161721084-1.7175209011937997E-7i
44.000000000001506,27.712812921102184,2,1.4359356323441679E-6-3.435041802387482E-11i,0.0071796781617210845-1.7175209011937997E-7i
44.00000000000284,31.176914536240133,2,1.4359356323441679E-6-3.435041802387482E-11i,0.007179678161721084-1.7175209011937995E-7i
41.99999999999966,31.176914536242037,2,1.4359356323441679E-6-3.435041802387482E-11i,0.007179678161721084-1.7175209011937997E-7i
40.99999999999788,29.444863728672004,2,1.4359356323441679E-6-3.435041802387482E-11i,0.0071796781617210845-1.7175209011937997E-7i
40.9999999999959,32.90896534381076,2,1.4359356323441679E-6-3.435041802387482E-11i,0.0071796781617210845-1.7175209011937997E-7i
48.99999999999985,29.444863728669873,2,1.4359356323441679E-6-3.435041802387482E-11i,0.007179678161721084-1.7175209011937995E-7i
48.000000000000455,27.712812921101545,2,1.4359356323441679E-6-3.435041802387482E-11i,0.0071796781617210845-1.7175209011937997E-7i
46.000000000000504,27.7128129211017,2,1.4359356323441679E-6-3.435041802387482E-11i,0.007179678161721084-1.7175209011937995E-7i
47.000000000000334,25.98076211353296,2,1.4359356323441679E-6-3.435041802387482E-11i,0.0071796781617210845-1.7175209011937997E-7i
45.00000000000072,25.980762113532933,2,1.4359356323441679E-6-3.435041802387482E-11i,0.0071796781617210845-1.7175209011937997E-7i
48.99999999999994,25.98076211353259,2,1.4359356323441679E-6-3.435041802387482E-11i,0.007179678161721084-1.7175209011937995E-7i
48.00000000000027,24.248711305964022,2,1.4359356323441679E-6-3.435041802387482E-11i,0.0071796781617210845-1.7175209011937997E-7i
52.99999999999981,22.51666049839571,2,1.4359356323441679E-6-3.435041802387482E-11i,0.007179678161721084-1.7175209011937995E-7i
51.99999999999962,20.78460969082667,2,1.4359356323441679E-6-3.435041802387482E-11i,0.0071796781617210845-1.7175209011937997E-7i
54.00000000000006,20.784609690826713,2,1.4359356323441679E-6-3.435041802387482E-11i,0.0071796781617210845-1.7175209011937997E-7i
52.99999999999991,19.052558883257802,2,1.4359356323441679E-6-3.435041802387482E-11i,0.007179678161721085-1.7175209011938E-7i
50.99999999999935,22.516660498395368,2,1.4359356323441679E-6-3.435041802387482E-11i,0.0071796781617210845-1.7175209011937997E-7i
56.000000000000185,20.784609690826585,2,1.4359356323441679E-6-3.435041802387482E-11i,0.007179678161721084-1.7175209011937997E-7i
55.0000000000001,19.052558883257745,2,1.4359356323441679E-6-3.435041802387482E-11i,0.0071796781617210845-1.7175209011937997E-7i
56.000000000000036,13.856406460551057,2,1.4359356323441679E-6-3.435041802387482E-11i,0.007179678161721084-1.7175209011937995E-7i
57.00000000000004,12.12435565298216,2,1.4359356323441679E-6-3.435041802387482E-11i,0.007179678161721085-1.7175209011938E-7i
58.00000000000004,13.856406460551014,2,1.4359356323441679E-6-3.435041802387482E-11i,0.0071796781617210845-1.7175209011937997E-7i
57.00000000000007,15.588457268119924,2,1.4359356323441679E-6-3.435041802387482E-11i,0.0071796781617210845-1.7175209011937997E-7i
55.000000000000014,12.12435565298216,2,1.4359356323441679E-6-3.435041802387482E-11i,0.0071796781617210845-1.7175209011937997E-7i
54.00000000000001,13.85640646055107,2,1.4359356323441679E-6-3.435041802387482E-11i,0.007179678161721084-1.7175209011937997E-7i
55.00000000000003,15.588457268119953,2,1.4359356323441679E-6-3.435041802387482E-11i,0.0071796781617210845-1.7175209011937997E-7i
56.000000000000085,17.32050807568882,2,1.4359356323441679E-6-3.435041802387482E-11i,0.007179678161721085-1.7175209011938E-7i
57.00000000000013,19.05255888325766,2,1.4359356323441679E-6-3.435041802387482E-11i,0.007179678161721084-1.7175209011937995E-7i
54.00000000000002,17.320508075688878,2,1.4359356323441679E-6-3.435041802387482E-11i,0.0071796781617210845-1.7175209011937997E-7i
52.99999999999996,15.588457268119981,2,1.4359356323441679E-6-3.435041802387482E-11i,0.0071796781617210845-1.7175209011937997E-7i
50.999999999999645,19.052558883257632,2,1.4359356323441679E-6-3.435041802387482E-11i,0.0071796781617210845-1.7175209011937997E-7i
51.9999999999998,17.320508075688863,2,1.4359356323441679E-6-3.435041802387482E-11i,0.007179678161721084-1.7175209011937997E-7i
49.99999999999983,17.320508075688664,2,1.4359356323441679E-6-3.435041802387482E-11i,0.0071796781617210845-1.7175209011937997E-7i
50.99999999999981,15.588457268119896,2,1.4359356323441679E-6-3.435041802387482E-11i,0.0071796781617210845-1.7175209011937997E-7i
51.99999999999991,13.85640646055107,2,1.4359356323441679E-6-3.435041802387482E-11i,0.007179678161721085-1.7175209011938E-7i
59.99999999999999,10.392304845413278,2,1.4359356323441679E-6-3.435041802387482E-11i,0.0071796781617210845-1.7175209011937997E-7i
61,8.660254037844396,2,1.4359356323441679E-6-3.435041802387482E-11i,0.0071796781617210845-1.7175209011937997E-7i
59.00000000000001,12.124355652982132,2,1.4359356323441679E-6-3.435041802387482E-11i,0.0071796781617210845-1.7175209011937997E-7i
58.000000000000036,10.392304845413264,2,1.4359356323441679E-6-3.435041802387482E-11i,0.007179678161721084-1.7175209011937995E-7i
56.00000000000003,10.392304845413292,2,1.4359356323441679E-6-3.435041802387482E-11i,0.0071796781617210845-1.7175209011937997E-7i
57.000000000000036,8.660254037844396,2,1.4359356323441679E-6-3.435041802387482E-11i,0.0071796781617210845-1.7175209011937997E-7i
59.000000000000014,8.660254037844396,2,1.4359356323441679E-6-3.435041802387482E-11i,0.007179678161721084-1.7175209011937997E-7i
52.99999999999997,12.124355652982189,2,1.4359356323441679E-6-3.435041802387482E-11i,0.0071796781617210845-1.7175209011937997E-7i
54,10.392304845413292,2,1.4359356323441679E-6-3.435041802387482E-11i,0.0071796781617210845-1.7175209011937997E-7i
55.00000000000001,8.66025403784441,2,1.4359356323441679E-6-3.435041802387482E-11i,0.0071796781617210845-1.7175209011937997E-7i
62.000000000000014,6.928203230275528,2,1.4359356323441679E-6-3.435041802387482E-11i,0.0071796781617210845-1.7175209011937997E-7i
60,6.9282032302755,2,1.4359356323441679E-6-3.435041802387482E-11i,0.0071796781617210845-1.7175209011937997E-7i
63.000000000000014,5.196152422706632,2,1.4359356323441679E-6-3.435041802387482E-11i,0.007179678161721084-1.7175209011937997E-7i
64.00000000000001,3.464101615137764,2,1.4359356323441679E-6-3.435041802387482E-11i,0.0071796781617210845-1.7175209011937997E-7i
62.000000000000014,3.464101615137764,2,1.4359356323441679E-6-3.435041802387482E-11i,0.0071796781617210845-1.7175209011937997E-7i
65,1.732050807568882,2,1.4359356323441679E-6-3.435041802387482E-11i,0.0071796781617210845-1.7175209011937997E-7i
63.000000000000014,1.732050807568882,2,1.4359356323441679E-6-3.435041802387482E-11i,0.0071796781617210845-1.7175209011937997E-7i
66,0,2,1.4359356323441679E-6-3.435041802387482E-11i,0.007179678161721084-1.7175209011937995E-7i
64.00000000000001,0,2.0000000000000004,1.4359356323441679E-6-3.435041802387482E-11i,0.007179678161721084-1.7175209011937995E-7i
62.000000000000014,0,2,1.4359356323441679E-6-3.435041802387482E-11i,0.007179678161721084-1.7175209011937995E-7i
61.00000000000001,1.732050807568882,2,1.4359356323441679E-6-3.435041802387482E-11i,0.0071796781617210845-1.7175209011937997E-7i
60,3.46410161513775,2,1.4359356323441679E-6-3.435041802387482E-11i,0.0071796781617210845-1.7175209011937997E-7i
60,0,2,1.4359356323441679E-6-3.435041802387482E-11i,0.007179678161721084-1.7175209011937995E-7i
59,1.7320508075688679,2,1.4359356323441679E-6-3.435041802387482E-11i,0.0071796781617210845-1.7175209011937997E-7i
61,5.196152422706632,2,1.4359356323441679E-6-3.435041802387482E-11i,0.007179678161721084-1.7175209011937995E-7i
59,5.196152422706632,2,1.4359356323441679E-6-3.435041802387482E-11i,0.007179678161721085-1.7175209011938E-7i
58.00000000000001,3.46410161513775,2,1.4359356323441679E-6-3.435041802387482E-11i,0.0071796781617210845-1.7175209011937997E-7i
57,1.732050807568882,2,1.4359356323441679E-6-3.435041802387482E-11i,0.0071796781617210845-1.7175209011937997E-7i
58.00000000000003,6.9282032302755,2,1.4359356323441679E-6-3.435041802387482E-11i,0.0071796781617210845-1.7175209011937997E-7i
57.000000000000014,5.196152422706632,2,1.4359356323441679E-6-3.435041802387482E-11i,0.007179678161721084-1.7175209011937997E-7i
56,3.464101615137764,2,1.4359356323441679E-6-3.435041802387482E-11i,0.0071796781617210845-1.7175209011937997E-7i
56.000000000000014,6.928203230275528,2,1.4359356323441679E-6-3.435041802387482E-11i,0.0071796781617210845-1.7175209011937997E-7i
6.9282032302755,51.99999999999997,2,1.4359356323441679E-6-3.435041802387482E-11i,0.0071796781617210845-1.7175209011937997E-7i
8.660254037844368,50.999999999999986,2,1.4359356323441679E-6-3.435041802387482E-11i,0.0071796781617210845-1.7175209011937997E-7i
5.196152422706632,52.999999999999986,2,1.4359356323441679E-6-3.435041802387482E-11i,0.007179678161721085-1.7175209011938E-7i
5.196152422706632,55.000000000000014,2,1.4359356323441679E-6-3.435041802387482E-11i,0.007179678161721084-1.7175209011937995E-7i
3.464101615137764,54,2,1.4359356323441679E-6-3.435041802387482E-11i,0.0071796781617210845-1.7175209011937997E-7i
1.732050807568882,55.00000000000001,2,1.4359356323441679E-6-3.435041802387482E-11i,0.0071796781617210845-1.7175209011937997E-7i
0,56.00000000000002,2.0000000000000004,1.4359356323441679E-6-3.435041802387482E-11i,0.007179678161721084-1.7175209011937995E-7i
0,58.00000000000001,2,1.4359356323441679E-6-3.435041802387482E-11i,0.007179678161721084-1.7175209011937995E-7i
1.732050807568882,53,2,1.4359356323441679E-6-3.435041802387482E-11i,0.0071796781617210845-1.7175209011937997E-7i
3.46410161513775,51.99999999999999,2,1.4359356323441679E-6-3.435041802387482E-11i,0.0071796781617210845-1.7175209011937997E-7i
1.7320508075688679,51,2,1.4359356323441679E-6-3.435041802387482E-11i,0.0071796781617210845-1.7175209011937997E-7i
0,53.99999999999999,2,1.4359356323441679E-6-3.435041802387482E-11i,0.007179678161721084-1.7175209011937995E-7i
0,52,2,1.4359356323441679E-6-3.435041802387482E-11i,0.007179678161721084-1.7175209011937995E-7i
0,50,2,1.4359356323441679E-6-3.435041802387482E-11i,0.007179678161721084-1.7175209011937995E-7i
15.58845726811984,47.00000000000019,2,1.4359356323441679E-6-3.435041802387482E-11i,0.007179678161721084-1.7175209011937997E-7i
13.856406460550943,48.00000000000004,2,1.4359356323441679E-6-3.435041802387482E-11i,0.0071796781617210845-1.7175209011937997E-7i
13.856406460551042,46.00000000000017,2,1.4359356323441679E-6-3.435041802387482E-11i,0.0071796781617210845-1.7175209011937997E-7i
15.588457268119825,48.99999999999998,2,1.4359356323441679E-6-3.435041802387482E-11i,0.0071796781617210845-1.7175209011937997E-7i
13.856406460550971,49.99999999999997,2,1.4359356323441679E-6-3.435041802387482E-11i,0.0071796781617210845-1.7175209011937997E-7i
17.320508075688622,48.00000000000009,2,1.4359356323441679E-6-3.435041802387482E-11i,0.007179678161721085-1.7175209011938E-7i
15.58845726811984,50.99999999999991,2,1.4359356323441679E-6-3.435041802387482E-11i,0.007179678161721084-1.7175209011937995E-7i
13.856406460551,51.9999999999999,2,1.4359356323441679E-6-3.435041802387482E-11i,0.0071796781617210845-1.7175209011937997E-7i
15.588457268119981,55.00000000000009,2,1.4359356323441679E-6-3.435041802387482E-11i,0.007179678161721084-1.7175209011937995E-7i
12.124355652982103,50.99999999999997,2,1.4359356323441679E-6-3.435041802387482E-11i,0.0071796781617210845-1.7175209011937997E-7i
12.124355652982103,48.999999999999986,2,1.4359356323441679E-6-3.435041802387482E-11i,0.007179678161721084-1.7175209011937997E-7i
12.124355652982103,47.0000000000001,2,1.4359356323441679E-6-3.435041802387482E-11i,0.0071796781617210845-1.7175209011937997E-7i
10.392304845413264,50,2,1.4359356323441679E-6-3.435041802387482E-11i,0.007179678161721085-1.7175209011938E-7i
19.052558883257916,45.00000000000028,2,1.4359356323441679E-6-3.435041802387482E-11i,0.007179678161721085-1.7175209011938E-7i
22.51666049839578,42.99999999999913,2,1.4359356323441679E-6-3.435041802387482E-11i,0.007179678161721085-1.7175209011938E-7i
21.710668337212184,45,1,1.4358528697557608E-6-3.434843817920459E-11i,0.007179678161721086-1.7175209011937995E-7i
20.784609690826983,43.999999999999865,2,1.4359356323441679E-6-3.435041802387482E-11i,0.0071796781617210845-1.7175209011937997E-7i
20,45,1.0000000000000002,1.4358529216670523E-6-3.434843942102529E-11i,0.007179678161721086-1.7175209011937995E-7i
15.588457268120024,45.00000000000014,2,1.4359356323441679E-6-3.435041802387482E-11i,0.0071796781617210845-1.7175209011937997E-7i
17.32050807568882,46.00000000000034,2,1.4359356323441679E-6-3.435041802387482E-11i,0.0071796781617210845-1.7175209011937997E-7i
17.32050807568899,43.99999999999992,2,1.4359356323441679E-6-3.435041802387482E-11i,0.007179678161721085-1.7175209011938E-7i
19.052558883257845,42.99999999999956,2,1.4359356323441679E-6-3.435041802387482E-11i,0.007179678161721085-1.7175209011938E-7i
27.712812921101758,41.99999999999727,2,1.4359356323441679E-6-3.435041802387482E-11i,0.0071796781617210845-1.7175209011937997E-7i
22.51666049839497,40.999999999999474,2,1.4359356323441679E-6-3.435041802387482E-11i,0.0071796781617210845-1.7175209011937997E-7i
20.78460969082647,41.99999999999929,2,1.4359356323441679E-6-3.435041802387482E-11i,0.007179678161721085-1.7175209011938E-7i
24.24871130596415,41.9999999999986,2,1.4359356323441679E-6-3.435041802387482E-11i,0.0071796781617210845-1.7175209011937997E-7i
25.980762113532293,40.99999999999898,2,1.4359356323441679E-6-3.435041802387482E-11i,0.0071796781617210845-1.7175209011937997E-7i
41.17369076388144,36.327110039903516,2,1.4359356323441679E-6-3.435041802387482E-11i,0.007179678161721084-1.7175209011937995E-7i
39.15025123916723,36.28471704627633,2,1.4359356323441679E-6-3.435041802387482E-11i,0.007179678161721084-1.7175209011937997E-7i
38.094200084939615,38.0771036860634,2,1.435935632344168E-6-3.435041802387482E-11i,0.0071796781617210845-1.7175209011938E-7i
40.055301950876824,34.66159566810731,2,1.4359356323441679E-6-3.435041802387482E-11i,0.0071796781617210845-1.7175209011937997E-7i
38.00286731168626,40.106895219693584,2,1.4359356323441679E-6-3.435041802387482E-11i,0.007179678161721084-1.7175209011937995E-7i
36.317934835756404,39.09770861722806,2,1.4359356323441679E-6-3.435041802387482E-11i,0.0071796781617210845-1.7175209011937997E-7i
36.327575073303336,41.05579367986235,2,1.4359356323441679E-6-3.435041802387482E-11i,0.0071796781617210845-1.7175209011937997E-7i
34.64101615137238,40.00000000000179,2,1.4359356323441679E-6-3.435041802387482E-11i,0.0071796781617210845-1.7175209011937997E-7i
29.444863728672274,42.99999999999663,2,1.4359356323441679E-6-3.435041802387482E-11i,0.007179678161721084-1.7175209011937995E-7i
29.44486372866919,40.99999999999801,2,1.4359356323441679E-6-3.435041802387482E-11i,0.0071796781617210845-1.7175209011937997E-7i
32.90896534380521,40.99999999999607,2,1.4359356323441679E-6-3.435041802387482E-11i,0.007179678161721084-1.7175209011937995E-7i
31.176914536237234,40.00000000000088,2,1.4359356323441679E-6-3.435041802387482E-11i,0.0071796781617210845-1.7175209011937997E-7i
32.908965343806926,39.00000000000454,2,1.4359356323441679E-6-3.435041802387482E-11i,0.0071796781617210845-1.7175209011937997E-7i
27.712812921100777,40.00000000000043,2,1.4359356323441679E-6-3.435041802387482E-11i,0.0071796781617210845-1.7175209011937997E-7i
25.980762113532762,39.00000000000107,2,1.4359356323441679E-6-3.435041802387482E-11i,0.007179678161721084-1.7175209011937997E-7i
27.71281292110224,38.000000000001435,2,1.4359356323441679E-6-3.435041802387482E-11i,0.0071796781617210845-1.7175209011937997E-7i
24.248711305963653,40.00000000000021,2,1.4359356323441679E-6-3.435041802387482E-11i,0.0071796781617210845-1.7175209011937997E-7i
37.591551027775274,36.15720875381691,2,1.4359356323441679E-6-3.435041802387482E-11i,0.0071796781617210845-1.7175209011937995E-7i
38.16867593539383,34.657057663970406,2,1.4359356323441679E-6-3.435041802387482E-11i,0.0071796781617210845-1.7175209011937997E-7i
36.076266662872406,34.90209342818656,2,1.435935632344168E-6-3.435041802387482E-11i,0.0071796781617210845-1.7175209011938E-7i
36.16606262478909,37.06124181614375,2,1.4359356323441679E-6-3.435041802387482E-11i,0.0071796781617210845-1.7175209011937997E-7i
34.60116764645727,38.04061644759277,2,1.4359356323441679E-6-3.435041802387482E-11i,0.0071796781617210845-1.7175209011937997E-7i
29.44486372867007,39.0000000000022,2,1.4359356323441679E-6-3.435041802387482E-11i,0.007179678161721084-1.7175209011937997E-7i
31.17691453624019,38.00000000000309,2,1.4359356323441679E-6-3.435041802387482E-11i,0.0071796781617210845-1.7175209011937997E-7i
29.444863728671805,37.00000000000098,2,1.4359356323441679E-6-3.435041802387482E-11i,0.0071796781617210845-1.7175209011937997E-7i
32.90896534381059,37.00000000000223,2,1.4359356323441679E-6-3.435041802387482E-11i,0.0071796781617210845-1.7175209011937997E-7i
34.40840828354213,36.064407188551264,2,1.4359356323441679E-6-3.435041802387482E-11i,0.007179678161721084-1.7175209011937995E-7i
32.80613810325829,35.056559568114864,2,1.4359356323441679E-6-3.435041802387482E-11i,0.0071796781617210845-1.7175209011937997E-7i
34.284820792489754,34.46190348755994,2,1.4359356323441679E-6-3.435041802387482E-11i,0.007179678161721084-1.7175209011937997E-7i
39.08174684286953,32.92724424191849,2,1.4359356323441679E-6-3.435041802387482E-11i,0.0071796781617210845-1.7175209011937997E-7i
39.99999999999623,31.17691453623968,2,1.4359356323441679E-6-3.435041802387482E-11i,0.0071796781617210845-1.7175209011937997E-7i
41.99999999999993,24.248711305964903,2,1.4359356323441679E-6-3.435041802387482E-11i,0.007179678161721084-1.7175209011937997E-7i
42.00864229485313,24.823482601040155,1.1111111111111174,1.4334542203240876E-6-3.429105774458424E-11i,0.007179678161721085-1.7175209011937997E-7i
43.000000000000846,25.98076211353377,2,1.4359356323441679E-6-3.435041802387482E-11i,0.0071796781617210845-1.7175209011937997E-7i
44.0000000000008,24.24871130596435,2,1.4359356323441679E-6-3.435041802387482E-11i,0.0071796781617210845-1.7175209011937997E-7i
40.999999999998906,25.98076211353373,2,1.4359356323441679E-6-3.435041802387482E-11i,0.007179678161721085-1.7175209011938E-7i
39.99999999999903,24.24871130596425,2,1.4359356323441679E-6-3.435041802387482E-11i,0.007179678161721085-1.7175209011938E-7i
41.99999999999984,27.712812921103207,2,1.4359356323441679E-6-3.435041802387482E-11i,0.007179678161721084-1.7175209011937995E-7i
39.99999999999808,27.71281292110197,2,1.4359356323441679E-6-3.435041802387482E-11i,0.0071796781617210845-1.7175209011937997E-7i
38.999999999998295,29.444863728669844,2,1.4359356323441679E-6-3.435041802387482E-11i,0.0071796781617210845-1.7175209011937997E-7i
46.000000000000234,24.24871130596412,2,1.4359356323441679E-6-3.435041802387482E-11i,0.007179678161721084-1.7175209011937995E-7i
45.00000000000036,22.516660498395282,2,1.4359356323441679E-6-3.435041802387482E-11i,0.0071796781617210845-1.7175209011937997E-7i
43.00000000000046,22.516660498395723,2,1.4359356323441679E-6-3.435041802387482E-11i,0.0071796781617210845-1.7175209011937997E-7i
47.00000000000018,22.51666049839531,2,1.4359356323441679E-6-3.435041802387482E-11i,0.0071796781617210845-1.7175209011937997E-7i
48.999999999999986,22.516660498395098,2,1.4359356323441679E-6-3.435041802387482E-11i,0.0071796781617210845-1.7175209011937997E-7i
49.99999999999969,20.78460969082633,2,1.4359356323441679E-6-3.435041802387482E-11i,0.007179678161721084-1.7175209011937995E-7i
48.99999999999999,19.05255888325749,2,1.4359356323441679E-6-3.435041802387482E-11i,0.0071796781617210845-1.7175209011937997E-7i
48.000000000000156,20.784609690826386,2,1.4359356323441679E-6-3.435041802387482E-11i,0.007179678161721084-1.7175209011937997E-7i
44.00000000000043,20.784609690826557,2,1.4359356323441679E-6-3.435041802387482E-11i,0.007179678161721084-1.7175209011937995E-7i
41.999999999999964,20.784609690826855,2,1.4359356323441679E-6-3.435041802387482E-11i,0.0071796781617210845-1.7175209011937997E-7i
43.00000000000026,19.05255888325783,2,1.4359356323441679E-6-3.435041802387482E-11i,0.007179678161721085-1.7175209011938E-7i
46.00000000000011,20.784609690826443,2,1.4359356323441679E-6-3.435041802387482E-11i,0.007179678161721084-1.7175209011937997E-7i
45.000000000000185,19.052558883257575,2,1.4359356323441679E-6-3.435041802387482E-11i,0.0071796781617210845-1.7175209011937997E-7i
41.999999999999986,17.320508075688963,2,1.4359356323441679E-6-3.435041802387482E-11i,0.007179678161721084-1.7175209011937995E-7i
40.9999999999997,19.052558883257802,2,1.4359356323441679E-6-3.435041802387482E-11i,0.0071796781617210845-1.7175209011937997E-7i
40.99999999999984,15.588457268119981,2,1.4359356323441679E-6-3.435041802387482E-11i,0.0071796781617210845-1.7175209011937997E-7i
39.999999999999744,17.320508075688764,2,1.4359356323441679E-6-3.435041802387482E-11i,0.007179678161721084-1.7175209011937997E-7i
43.00000000000014,15.588457268119981,2,1.4359356323441679E-6-3.435041802387482E-11i,0.0071796781617210845-1.7175209011937997E-7i
44.00000000000024,17.320508075688792,2,1.4359356323441679E-6-3.435041802387482E-11i,0.0071796781617210845-1.7175209011937997E-7i
46.00000000000005,17.320508075688736,2,1.4359356323441679E-6-3.435041802387482E-11i,0.007179678161721084-1.7175209011937995E-7i
45.00000000000011,15.588457268119868,2,1.4359356323441679E-6-3.435041802387482E-11i,0.0071796781617210845-1.7175209011937997E-7i
47.00000000000009,19.052558883257618,2,1.4359356323441679E-6-3.435041802387482E-11i,0.0071796781617210845-1.7175209011937997E-7i
48.000000000000085,17.320508075688707,2,1.4359356323441679E-6-3.435041802387482E-11i,0.007179678161721084-1.7175209011937997E-7i
47.00000000000004,15.588457268119882,2,1.4359356323441679E-6-3.435041802387482E-11i,0.0071796781617210845-1.7175209011937997E-7i
49,15.58845726811981,2,1.4359356323441679E-6-3.435041802387482E-11i,0.0071796781617210845-1.7175209011937997E-7i
54,6.928203230275528,2,1.4359356323441679E-6-3.435041802387482E-11i,0.007179678161721085-1.7175209011938E-7i
49.99999999999991,13.856406460550971,2,1.4359356323441679E-6-3.435041802387482E-11i,0.007179678161721084-1.7175209011937995E-7i
50.99999999999991,12.124355652982146,2,1.4359356323441679E-6-3.435041802387482E-11i,0.0071796781617210845-1.7175209011937997E-7i
49,12.124355652982103,2,1.4359356323441679E-6-3.435041802387482E-11i,0.007179678161721084-1.7175209011937997E-7i
48.00000000000004,13.856406460550986,2,1.4359356323441679E-6-3.435041802387482E-11i,0.0071796781617210845-1.7175209011937997E-7i
51.99999999999996,10.392304845413292,2,1.4359356323441679E-6-3.435041802387482E-11i,0.007179678161721084-1.7175209011937997E-7i
49.99999999999994,10.392304845413236,2,1.4359356323441679E-6-3.435041802387482E-11i,0.0071796781617210845-1.7175209011937997E-7i
50.99999999999996,8.660254037844396,2,1.4359356323441679E-6-3.435041802387482E-11i,0.0071796781617210845-1.7175209011937997E-7i
52.999999999999986,8.66025403784441,2,1.4359356323441679E-6-3.435041802387482E-11i,0.007179678161721084-1.7175209011937995E-7i
51.99999999999998,6.928203230275528,2,1.4359356323441679E-6-3.435041802387482E-11i,0.0071796781617210845-1.7175209011937997E-7i
58.00000000000001,0,2,1.4359356323441679E-6-3.435041802387482E-11i,0.007179678161721084-1.7175209011937995E-7i
56,0,2,1.4359356323441679E-6-3.435041802387482E-11i,0.007179678161721084-1.7175209011937995E-7i
55,5.1961524227066604,2,1.4359356323441679E-6-3.435041802387482E-11i,0.007179678161721084-1.7175209011937995E-7i
52.99999999999999,5.1961524227066604,2,1.4359356323441679E-6-3.435041802387482E-11i,0.0071796781617210845-1.7175209011937997E-7i
54.00000000000001,3.464101615137764,2,1.4359356323441679E-6-3.435041802387482E-11i,0.0071796781617210845-1.7175209011937997E-7i
55,1.732050807568882,2,1.4359356323441679E-6-3.435041802387482E-11i,0.0071796781617210845-1.7175209011937997E-7i
54,0,2,1.4359356323441679E-6-3.435041802387482E-11i,0.007179678161721084-1.7175209011937995E-7i
53,1.7320508075688963,2,1.4359356323441679E-6-3.435041802387482E-11i,0.0071796781617210845-1.7175209011937997E-7i
5.196152422706632,50.99999999999999,2,1.4359356323441679E-6-3.435041802387482E-11i,0.007179678161721084-1.7175209011937995E-7i
3.46410161513775,50,2,1.4359356323441679E-6-3.435041802387482E-11i,0.0071796781617210845-1.7175209011937997E-7i
5.196152422706632,49,2,1.4359356323441679E-6-3.435041802387482E-11i,0.007179678161721084-1.7175209011937997E-7i
6.9282032302755,50,2,1.4359356323441679E-6-3.435041802387482E-11i,0.0071796781617210845-1.7175209011937997E-7i
8.660254037844368,49,2,1.4359356323441679E-6-3.435041802387482E-11i,0.0071796781617210845-1.7175209011937997E-7i
6.9282032302755,48.000000000000014,2,1.4359356323441679E-6-3.435041802387482E-11i,0.0071796781617210845-1.7175209011937997E-7i
10.392304845413236,48.00000000000002,2,1.4359356323441679E-6-3.435041802387482E-11i,0.007179678161721084-1.7175209011937995E-7i
8.660254037844368,47.00000000000005,2,1.4359356323441679E-6-3.435041802387482E-11i,0.0071796781617210845-1.7175209011937997E-7i
10.392304845413278,46.000000000000085,2,1.4359356323441679E-6-3.435041802387482E-11i,0.0071796781617210845-1.7175209011937997E-7i
6.928203230275528,46.00000000000004,2,1.4359356323441679E-6-3.435041802387482E-11i,0.0071796781617210845-1.7175209011937997E-7i
5.196152422706632,47.00000000000003,2,1.4359356323441679E-6-3.435041802387482E-11i,0.007179678161721085-1.7175209011938E-7i
8.660254037844425,45.000000000000036,2,1.4359356323441679E-6-3.435041802387482E-11i,0.0071796781617210845-1.7175209011937997E-7i
3.46410161513775,48,2,1.4359356323441679E-6-3.435041802387482E-11i,0.0071796781617210845-1.7175209011937997E-7i
1.7320508075688679,49,2,1.4359356323441679E-6-3.435041802387482E-11i,0.0071796781617210845-1.7175209011937997E-7i
1.7320508075688679,47,2,1.4359356323441679E-6-3.435041802387482E-11i,0.0071796781617210845-1.7175209011937997E-7i
3.464101615137764,46.000000000000014,2,1.4359356323441679E-6-3.435041802387482E-11i,0.0071796781617210845-1.7175209011937997E-7i
1.7320508075688963,45,2,1.4359356323441679E-6-3.435041802387482E-11i,0.0071796781617210845-1.7175209011937997E-7i
0,48,1.9999999999999998,1.4359356323441679E-6-3.435041802387482E-11i,0.007179678161721084-1.7175209011937995E-7i
0,46,2,1.4359356323441679E-6-3.435041802387482E-11i,0.007179678161721084-1.7175209011937995E-7i
6.928203230275528,43.99999999999999,2,1.4359356323441679E-6-3.435041802387482E-11i,0.0071796781617210845-1.7175209011937997E-7i
8.66025403784441,42.99999999999994,2,1.4359356323441679E-6-3.435041802387482E-11i,0.0071796781617210845-1.7175209011937997E-7i
6.9282032302755,41.99999999999995,2,1.4359356323441679E-6-3.435041802387482E-11i,0.0071796781617210845-1.7175209011937997E-7i
10.392304845413321,43.999999999999986,2,1.4359356323441679E-6-3.435041802387482E-11i,0.0071796781617210845-1.7175209011937997E-7i
12.124355652982203,45.000000000000064,2,1.4359356323441679E-6-3.435041802387482E-11i,0.0071796781617210845-1.7175209011937997E-7i
13.856406460551128,43.999999999999964,2,1.4359356323441679E-6-3.435041802387482E-11i,0.0071796781617210845-1.7175209011937997E-7i
12.124355652982189,42.999999999999886,2,1.4359356323441679E-6-3.435041802387482E-11i,0.0071796781617210845-1.7175209011937997E-7i
10.392304845413264,41.99999999999989,2,1.4359356323441679E-6-3.435041802387482E-11i,0.0071796781617210845-1.7175209011937997E-7i
12.124355652982075,40.99999999999991,2,1.4359356323441679E-6-3.435041802387482E-11i,0.0071796781617210845-1.7175209011937997E-7i
15.588457268119981,42.99999999999977,2,1.4359356323441679E-6-3.435041802387482E-11i,0.007179678161721084-1.7175209011937995E-7i
13.856406460551,41.9999999999998,2,1.4359356323441679E-6-3.435041802387482E-11i,0.007179678161721084-1.7175209011937997E-7i
15.588457268119782,40.999999999999844,2,1.4359356323441679E-6-3.435041802387482E-11i,0.0071796781617210845-1.7175209011937997E-7i
17.320508075688736,41.99999999999962,2,1.4359356323441679E-6-3.435041802387482E-11i,0.007179678161721085-1.7175209011938E-7i
20.784609690826215,40.00000000000009,2,1.4359356323441679E-6-3.435041802387482E-11i,0.0071796781617210845-1.7175209011937997E-7i
22.516660498395225,39.00000000000052,2,1.4359356323441679E-6-3.435041802387482E-11i,0.007179678161721085-1.7175209011938E-7i
13.856406460550943,40.000000000000014,2,1.4359356323441679E-6-3.435041802387482E-11i,0.007179678161721085-1.7175209011938E-7i
19.052558883257433,40.99999999999972,2,1.4359356323441679E-6-3.435041802387482E-11i,0.007179678161721084-1.7175209011937995E-7i
17.320508075688622,40.00000000000004,2,1.4359356323441679E-6-3.435041802387482E-11i,0.0071796781617210845-1.7175209011937997E-7i
19.05255888325756,39.00000000000024,2,1.4359356323441679E-6-3.435041802387482E-11i,0.0071796781617210845-1.7175209011937997E-7i
15.58845726811984,39.000000000000114,2,1.4359356323441679E-6-3.435041802387482E-11i,0.007179678161721084-1.7175209011937997E-7i
17.320508075688792,38.00000000000013,2,1.4359356323441679E-6-3.435041802387482E-11i,0.0071796781617210845-1.7175209011937997E-7i
20.784609690826628,35.99999999999994,2,1.4359356323441679E-6-3.435041802387482E-11i,0.007179678161721084-1.7175209011937995E-7i
22.51666049839551,34.99999999999979,2,1.4359356323441679E-6-3.435041802387482E-11i,0.0071796781617210845-1.7175209011937997E-7i
20.784609690826528,33.99999999999979,2,1.4359356323441679E-6-3.435041802387482E-11i,0.0071796781617210845-1.7175209011937997E-7i
22.51666049839558,37.000000000000156,2,1.4359356323441679E-6-3.435041802387482E-11i,0.0071796781617210845-1.7175209011937997E-7i
20.784609690826585,38.00000000000029,2,1.4359356323441679E-6-3.435041802387482E-11i,0.007179678161721085-1.7175209011938E-7i
19.05255888325773,37.00000000000004,2,1.4359356323441679E-6-3.435041802387482E-11i,0.007179678161721084-1.7175209011937997E-7i
27.71281292110264,35.99999999999983,2,1.4359356323441679E-6-3.435041802387482E-11i,0.0071796781617210845-1.7175209011937997E-7i
25.980762113533558,37.00000000000041,2,1.4359356323441679E-6-3.435041802387482E-11i,0.007179678161721085-1.7175209011938E-7i
29.44486372867152,34.99999999999888,2,1.4359356323441679E-6-3.435041802387482E-11i,0.0071796781617210845-1.7175209011937997E-7i
24.24871130596439,38.000000000000654,2,1.4359356323441679E-6-3.435041802387482E-11i,0.0071796781617210845-1.7175209011937997E-7i
24.248711305964534,35.999999999999915,2,1.4359356323441679E-6-3.435041802387482E-11i,0.0071796781617210845-1.7175209011937997E-7i
25.980762113533416,34.9999999999995,2,1.4359356323441679E-6-3.435041802387482E-11i,0.007179678161721084-1.7175209011937997E-7i
24.248711305964306,33.9999999999995,2,1.4359356323441679E-6-3.435041802387482E-11i,0.007179678161721085-1.7175209011938E-7i
37.11935812057168,33.005632445623476,2,1.4359356323441679E-6-3.435041802387482E-11i,0.007179678161721084-1.7175209011937997E-7i
35.17698362648731,32.91847341873104,2,1.4359356323441679E-6-3.435041802387482E-11i,0.007179678161721084-1.7175209011937997E-7i
36.1244749887828,31.22278682211234,2,1.4359356323441679E-6-3.435041802387482E-11i,0.0071796781617210845-1.7175209011937997E-7i
34.104138218529755,31.185743846270213,2,1.4359356323441679E-6-3.435041802387482E-11i,0.0071796781617210845-1.7175209011937997E-7i
31.180662005080023,36.0230859978502,2,1.4359356323441679E-6-3.435041802387482E-11i,0.007179678161721084-1.7175209011937995E-7i
31.153965682931656,34.03769701689798,2,1.4359356323441679E-6-3.435041802387482E-11i,0.0071796781617210845-1.7175209011937997E-7i
27.71281292110207,33.999999999998906,2,1.4359356323441679E-6-3.435041802387482E-11i,0.007179678161721084-1.7175209011937997E-7i
25.980762113532847,32.999999999999304,2,1.4359356323441679E-6-3.435041802387482E-11i,0.0071796781617210845-1.7175209011937997E-7i
27.695878482139264,31.99736235760699,2,1.4359356323441679E-6-3.435041802387482E-11i,0.0071796781617210845-1.7175209011937997E-7i
32.9523245875874,32.97361778993694,2,1.4359356323441679E-6-3.435041802387482E-11i,0.007179678161721084-1.7175209011937997E-7i
30.985510149816022,31.936084862572926,2,1.4359356323441679E-6-3.435041802387482E-11i,0.0071796781617210845-1.7175209011937997E-7i
32.47644402859753,31.036952890142416,2,1.4359356323441679E-6-3.435041802387482E-11i,0.007179678161721084-1.7175209011937997E-7i
29.35253820873693,32.99057985471043,2,1.4359356323441679E-6-3.435041802387482E-11i,0.007179678161721084-1.7175209011937995E-7i
29.326612748765882,31.015943802100907,2,1.4359356323441679E-6-3.435041802387482E-11i,0.0071796781617210845-1.7175209011937997E-7i
38.00000000000001,24.248711305963838,2,1.4359356323441679E-6-3.435041802387482E-11i,0.0071796781617210845-1.7175209011937997E-7i
37.0000000000006,25.980762113532734,2,1.4359356323441679E-6-3.435041802387482E-11i,0.0071796781617210845-1.7175209011937997E-7i
36.00000000000055,24.248711305964207,2,1.4359356323441679E-6-3.435041802387482E-11i,0.0071796781617210845-1.7175209011937997E-7i
38.99999999999917,25.98076211353262,2,1.4359356323441679E-6-3.435041802387482E-11i,0.007179678161721084-1.7175209011937997E-7i
35.05240009592535,29.49609570855698,2,1.4359356323441679E-6-3.435041802387482E-11i,0.007179678161721084-1.7175209011937995E-7i
33.12406577862927,29.49525122236389,2,1.4359356323441679E-6-3.435041802387482E-11i,0.007179678161721084-1.7175209011937997E-7i
34.05494615464349,27.746925241052125,2,1.4359356323441679E-6-3.435041802387482E-11i,0.0071796781617210845-1.7175209011937997E-7i
32.05179401451453,27.822483349349852,2,1.4359356323441679E-6-3.435041802387482E-11i,0.0071796781617210845-1.7175209011937997E-7i
36.00000000000118,27.712812921101886,2,1.4359356323441679E-6-3.435041802387482E-11i,0.0071796781617210845-1.7175209011937997E-7i
37.000000000001236,29.444863728670015,2,1.4359356323441679E-6-3.435041802387482E-11i,0.0071796781617210845-1.7175209011937997E-7i
37.999999999999986,27.71281292110112,2,1.4359356323441679E-6-3.435041802387482E-11i,0.007179678161721084-1.7175209011937995E-7i
37.999999999999915,31.176914536237916,2,1.4359356323441679E-6-3.435041802387482E-11i,0.007179678161721084-1.7175209011937995E-7i
35.000000000000725,25.98076211353333,2,1.4359356323441679E-6-3.435041802387482E-11i,0.007179678161721084-1.7175209011937995E-7i
34.000000000000284,24.248711305964562,2,1.4359356323441679E-6-3.435041802387482E-11i,0.0071796781617210845-1.7175209011937997E-7i
32.99999999999986,25.980762113533643,2,1.4359356323441679E-6-3.435041802387482E-11i,0.0071796781617210845-1.7175209011937997E-7i
37.000000000000284,22.51666049839521,2,1.4359356323441679E-6-3.435041802387482E-11i,0.007179678161721084-1.7175209011937997E-7i
35.00000000000033,22.51666049839548,2,1.4359356323441679E-6-3.435041802387482E-11i,0.0071796781617210845-1.7175209011937997E-7i
36.00000000000024,20.7846096908265,2,1.4359356323441679E-6-3.435041802387482E-11i,0.0071796781617210845-1.7175209011937997E-7i
38.00000000000001,20.784609690826315,2,1.4359356323441679E-6-3.435041802387482E-11i,0.0071796781617210845-1.7175209011937997E-7i
40.99999999999943,22.516660498395694,2,1.4359356323441679E-6-3.435041802387482E-11i,0.0071796781617210845-1.7175209011937997E-7i
39.9999999999995,20.7846096908265,2,1.4359356323441679E-6-3.435041802387482E-11i,0.0071796781617210845-1.7175209011937997E-7i
38.9999999999998,19.052558883257518,2,1.4359356323441679E-6-3.435041802387482E-11i,0.0071796781617210845-1.7175209011937997E-7i
37.00000000000013,19.052558883257575,2,1.4359356323441679E-6-3.435041802387482E-11i,0.007179678161721084-1.7175209011937997E-7i
35.000000000000156,19.05255888325769,2,1.4359356323441679E-6-3.435041802387482E-11i,0.0071796781617210845-1.7175209011937997E-7i
38.000000000000014,17.32050807568868,2,1.4359356323441679E-6-3.435041802387482E-11i,0.0071796781617210845-1.7175209011937997E-7i
38.9999999999996,22.51666049839514,2,1.4359356323441679E-6-3.435041802387482E-11i,0.007179678161721084-1.7175209011937995E-7i
38.999999999999915,15.58845726811984,2,1.4359356323441679E-6-3.435041802387482E-11i,0.0071796781617210845-1.7175209011937997E-7i
44.00000000000012,13.856406460551028,2,1.4359356323441679E-6-3.435041802387482E-11i,0.007179678161721084-1.7175209011937995E-7i
46.00000000000002,13.856406460551,2,1.4359356323441679E-6-3.435041802387482E-11i,0.0071796781617210845-1.7175209011937997E-7i
41.99999999999999,13.856406460551113,2,1.4359356323441679E-6-3.435041802387482E-11i,0.0071796781617210845-1.7175209011937997E-7i
43.00000000000008,12.124355652982189,2,1.4359356323441679E-6-3.435041802387482E-11i,0.0071796781617210845-1.7175209011937997E-7i
45.00000000000005,12.124355652982118,2,1.4359356323441679E-6-3.435041802387482E-11i,0.007179678161721084-1.7175209011937997E-7i
47.00000000000002,12.124355652982132,2,1.4359356323441679E-6-3.435041802387482E-11i,0.0071796781617210845-1.7175209011937997E-7i
39.999999999999865,13.856406460551014,2,1.4359356323441679E-6-3.435041802387482E-11i,0.0071796781617210845-1.7175209011937997E-7i
40.99999999999992,12.124355652982189,2,1.4359356323441679E-6-3.435041802387482E-11i,0.0071796781617210845-1.7175209011937997E-7i
41.99999999999999,10.392304845413321,2,1.4359356323441679E-6-3.435041802387482E-11i,0.0071796781617210845-1.7175209011937997E-7i
39.99999999999993,10.392304845413264,2,1.4359356323441679E-6-3.435041802387482E-11i,0.0071796781617210845-1.7175209011937997E-7i
44.00000000000007,10.392304845413264,2,1.4359356323441679E-6-3.435041802387482E-11i,0.0071796781617210845-1.7175209011937997E-7i
49.000000000000014,8.660254037844368,2,1.4359356323441679E-6-3.435041802387482E-11i,0.0071796781617210845-1.7175209011937997E-7i
49.99999999999998,6.9282032302755,2,1.4359356323441679E-6-3.435041802387482E-11i,0.0071796781617210845-1.7175209011937997E-7i
48.00000000000003,6.9282032302755,2,1.4359356323441679E-6-3.435041802387482E-11i,0.0071796781617210845-1.7175209011937997E-7i
47,8.660254037844396,2,1.4359356323441679E-6-3.435041802387482E-11i,0.007179678161721084-1.7175209011937995E-7i
46.00000000000001,10.39230484541325,2,1.4359356323441679E-6-3.435041802387482E-11i,0.0071796781617210845-1.7175209011937997E-7i
48.00000000000003,10.39230484541325,2,1.4359356323441679E-6-3.435041802387482E-11i,0.007179678161721084-1.7175209011937997E-7i
45.999999999999986,6.9282032302755,2,1.4359356323441679E-6-3.435041802387482E-11i,0.007179678161721085-1.7175209011938E-7i
45.00000000000002,8.660254037844368,2,1.4359356323441679E-6-3.435041802387482E-11i,0.0071796781617210845-1.7175209011937997E-7i
43.00000000000004,8.660254037844425,2,1.4359356323441679E-6-3.435041802387482E-11i,0.007179678161721084-1.7175209011937997E-7i
44.00000000000004,6.9282032302755,2,1.4359356323441679E-6-3.435041802387482E-11i,0.0071796781617210845-1.7175209011937997E-7i
41.99999999999999,6.928203230275528,2,1.4359356323441679E-6-3.435041802387482E-11i,0.0071796781617210845-1.7175209011937997E-7i
50.999999999999986,5.196152422706632,2,1.4359356323441679E-6-3.435041802387482E-11i,0.007179678161721084-1.7175209011937995E-7i
52,3.464101615137764,2,1.4359356323441679E-6-3.435041802387482E-11i,0.0071796781617210845-1.7175209011937997E-7i
49.99999999999999,3.46410161513775,2,1.4359356323441679E-6-3.435041802387482E-11i,0.0071796781617210845-1.7175209011937997E-7i
49,5.196152422706618,2,1.4359356323441679E-6-3.435041802387482E-11i,0.007179678161721084-1.7175209011937997E-7i
51,1.7320508075688963,2,1.4359356323441679E-6-3.435041802387482E-11i,0.0071796781617210845-1.7175209011937997E-7i
48.00000000000001,3.46410161513775,2,1.4359356323441679E-6-3.435041802387482E-11i,0.0071796781617210845-1.7175209011937997E-7i
47.00000000000001,5.196152422706632,2,1.4359356323441679E-6-3.435041802387482E-11i,0.0071796781617210845-1.7175209011937997E-7i
49,1.7320508075688679,2,1.4359356323441679E-6-3.435041802387482E-11i,0.0071796781617210845-1.7175209011937997E-7i
50,0,2,1.4359356323441679E-6-3.435041802387482E-11i,0.007179678161721084-1.7175209011937995E-7i
47,1.732050807568882,2,1.4359356323441679E-6-3.435041802387482E-11i,0.0071796781617210845-1.7175209011937997E-7i
46,3.464101615137764,2,1.4359356323441679E-6-3.435041802387482E-11i,0.0071796781617210845-1.7175209011937997E-7i
45,1.732050807568882,2,1.4359356323441679E-6-3.435041802387482E-11i,0.0071796781617210845-1.7175209011937997E-7i
52,0,1.9999999999999998,1.4359356323441679E-6-3.435041802387482E-11i,0.007179678161721084-1.7175209011937995E-7i
48.00000000000001,0,2,1.4359356323441679E-6-3.435041802387482E-11i,0.007179678161721084-1.7175209011937995E-7i
45.99999999999999,0,2,1.4359356323441679E-6-3.435041802387482E-11i,0.007179678161721084-1.7175209011937995E-7i
5.1961524227066604,45.00000000000001,2,1.4359356323441679E-6-3.435041802387482E-11i,0.007179678161721084-1.7175209011937995E-7i
3.464101615137764,44.00000000000001,2,1.4359356323441679E-6-3.435041802387482E-11i,0.0071796781617210845-1.7175209011937997E-7i
5.1961524227066604,42.99999999999997,2,1.4359356323441679E-6-3.435041802387482E-11i,0.007179678161721084-1.7175209011937997E-7i
5.196152422706618,40.999999999999986,2,1.4359356323441679E-6-3.435041802387482E-11i,0.0071796781617210845-1.7175209011937997E-7i
6.928203230275486,40.00000000000001,2,1.4359356323441679E-6-3.435041802387482E-11i,0.007179678161721085-1.7175209011938E-7i
3.464101615137764,41.99999999999997,2,1.4359356323441679E-6-3.435041802387482E-11i,0.0071796781617210845-1.7175209011937997E-7i
1.7320508075688963,43,2,1.4359356323441679E-6-3.435041802387482E-11i,0.0071796781617210845-1.7175209011937997E-7i
0,44,2,1.4359356323441679E-6-3.435041802387482E-11i,0.007179678161721084-1.7175209011937995E-7i
3.46410161513775,40.00000000000001,2,1.4359356323441679E-6-3.435041802387482E-11i,0.0071796781617210845-1.7175209011937997E-7i
1.7320508075688679,41,2,1.4359356323441679E-6-3.435041802387482E-11i,0.0071796781617210845-1.7175209011937997E-7i
1.732050807568882,39,2,1.4359356323441679E-6-3.435041802387482E-11i,0.0071796781617210845-1.7175209011937997E-7i
0,41.99999999999999,2,1.4359356323441679E-6-3.435041802387482E-11i,0.007179678161721084-1.7175209011937995E-7i
0,40,2,1.4359356323441679E-6-3.435041802387482E-11i,0.007179678161721084-1.7175209011937995E-7i
19.05255888325769,34.999999999999915,2,1.4359356323441679E-6-3.435041802387482E-11i,0.007179678161721085-1.7175209011938E-7i
12.124355652982118,39.000000000000064,2,1.4359356323441679E-6-3.435041802387482E-11i,0.0071796781617210845-1.7175209011937997E-7i
10.392304845413207,40.00000000000001,2,1.4359356323441679E-6-3.435041802387482E-11i,0.007179678161721084-1.7175209011937995E-7i
8.660254037844368,39.00000000000003,2,1.4359356323441679E-6-3.435041802387482E-11i,0.0071796781617210845-1.7175209011937997E-7i
8.660254037844354,40.99999999999995,2,1.4359356323441679E-6-3.435041802387482E-11i,0.007179678161721084-1.7175209011937997E-7i
10.392304845413264,38.00000000000002,2,1.4359356323441679E-6-3.435041802387482E-11i,0.0071796781617210845-1.7175209011937997E-7i
5.196152422706632,39.000000000000014,2,1.4359356323441679E-6-3.435041802387482E-11i,0.007179678161721084-1.7175209011937995E-7i
6.9282032302755,38.00000000000001,2,1.4359356323441679E-6-3.435041802387482E-11i,0.0071796781617210845-1.7175209011937997E-7i
5.196152422706632,36.99999999999999,2,1.4359356323441679E-6-3.435041802387482E-11i,0.007179678161721084-1.7175209011937997E-7i
3.464101615137764,38,2,1.4359356323441679E-6-3.435041802387482E-11i,0.0071796781617210845-1.7175209011937997E-7i
8.660254037844396,36.999999999999986,2,1.4359356323441679E-6-3.435041802387482E-11i,0.0071796781617210845-1.7175209011937997E-7i
6.9282032302755,36,2,1.4359356323441679E-6-3.435041802387482E-11i,0.0071796781617210845-1.7175209011937997E-7i
13.856406460551028,38.00000000000006,2,1.4359356323441679E-6-3.435041802387482E-11i,0.007179678161721084-1.7175209011937995E-7i
15.588457268119924,37.00000000000001,2,1.4359356323441679E-6-3.435041802387482E-11i,0.0071796781617210845-1.7175209011937997E-7i
13.856406460551028,35.99999999999997,2,1.4359356323441679E-6-3.435041802387482E-11i,0.0071796781617210845-1.7175209011937997E-7i
12.124355652982146,36.999999999999986,2,1.4359356323441679E-6-3.435041802387482E-11i,0.0071796781617210845-1.7175209011937997E-7i
10.392304845413264,35.999999999999986,2,1.4359356323441679E-6-3.435041802387482E-11i,0.007179678161721084-1.7175209011937997E-7i
12.124355652982132,34.999999999999986,2,1.4359356323441679E-6-3.435041802387482E-11i,0.0071796781617210845-1.7175209011937997E-7i
10.392304845413264,33.99999999999997,2,1.4359356323441679E-6-3.435041802387482E-11i,0.0071796781617210845-1.7175209011937997E-7i
17.320508075688792,35.99999999999996,2,1.4359356323441679E-6-3.435041802387482E-11i,0.007179678161721084-1.7175209011937997E-7i
19.052558883257575,32.99999999999983,2,1.4359356323441679E-6-3.435041802387482E-11i,0.0071796781617210845-1.7175209011937997E-7i
17.320508075688764,33.999999999999915,2,1.4359356323441679E-6-3.435041802387482E-11i,0.0071796781617210845-1.7175209011937997E-7i
20.7846096908263,31.999999999999915,2,1.4359356323441679E-6-3.435041802387482E-11i,0.0071796781617210845-1.7175209011937997E-7i
17.32050807568865,31.999999999999957,2,1.4359356323441679E-6-3.435041802387482E-11i,0.007179678161721084-1.7175209011937995E-7i
19.05255888325749,31.00000000000017,2,1.4359356323441679E-6-3.435041802387482E-11i,0.0071796781617210845-1.7175209011937997E-7i
17.320508075688736,30.000000000000227,2,1.4359356323441679E-6-3.435041802387482E-11i,0.0071796781617210845-1.7175209011937997E-7i
15.58845726811981,31.000000000000085,2,1.4359356323441679E-6-3.435041802387482E-11i,0.0071796781617210845-1.7175209011937997E-7i
15.588457268119868,32.99999999999993,2,1.4359356323441679E-6-3.435041802387482E-11i,0.007179678161721085-1.7175209011938E-7i
22.516660498395254,32.99999999999966,2,1.4359356323441679E-6-3.435041802387482E-11i,0.007179678161721084-1.7175209011937995E-7i
24.248711305963866,31.999999999999886,2,1.4359356323441679E-6-3.435041802387482E-11i,0.0071796781617210845-1.7175209011937997E-7i
22.51666049839511,31.000000000000355,2,1.4359356323441679E-6-3.435041802387482E-11i,0.007179678161721085-1.7175209011938E-7i
24.24871130596425,30.000000000000867,2,1.4359356323441679E-6-3.435041802387482E-11i,0.007179678161721084-1.7175209011937995E-7i
22.51666049839568,29.000000000000426,2,1.4359356323441679E-6-3.435041802387482E-11i,0.0071796781617210845-1.7175209011937997E-7i
25.933700878892566,30.951975386067048,2,1.4359356323441679E-6-3.435041802387482E-11i,0.0071796781617210845-1.7175209011937997E-7i
25.988525771913885,28.98097337538414,2,1.4359356323441679E-6-3.435041802387482E-11i,0.0071796781617210845-1.7175209011937997E-7i
24.2264143458399,28.033693462007875,2,1.4359356323441679E-6-3.435041802387482E-11i,0.0071796781617210845-1.7175209011937997E-7i
27.02435550862194,21.321364459796914,1.2222222222222177,1.431919582565526E-6-3.425434617664598E-11i,0.007179678161721085-1.7175209011937997E-7i
26.112729152869065,20.77713149568345,2,1.4359356323441679E-6-3.435041802387482E-11i,0.007179678161721084-1.7175209011937997E-7i
27.164930613179763,22.466416519196514,2,1.4359356323441679E-6-3.435041802387482E-11i,0.0071796781617210845-1.7175209011937997E-7i
25.183893837436912,22.31745522722376,2,1.4359356323441679E-6-3.435041802387482E-11i,0.0071796781617210845-1.7175209011937997E-7i
28.000000000000227,20.78460969082643,2,1.4359356323441679E-6-3.435041802387482E-11i,0.0071796781617210845-1.7175209011937997E-7i
31.002540336071945,29.726433396215853,2,1.4359356323441679E-6-3.435041802387482E-11i,0.007179678161721084-1.7175209011937997E-7i
29.178617033295012,29.311169802098732,2,1.4359356323441679E-6-3.435041802387482E-11i,0.007179678161721084-1.7175209011937997E-7i
27.587911064313857,29.965619640071168,2,1.4359356323441679E-6-3.435041802387482E-11i,0.0071796781617210845-1.7175209011937997E-7i
30.085930699059887,27.75209698928569,2,1.4359356323441679E-6-3.435041802387482E-11i,0.0071796781617210845-1.7175209011937997E-7i
31.063860657560383,25.986481144236294,2,1.4359356323441679E-6-3.435041802387482E-11i,0.007179678161721084-1.7175209011937995E-7i
31.999999999999517,24.24871130596452,2,1.4359356323441679E-6-3.435041802387482E-11i,0.007179678161721084-1.7175209011937997E-7i
29.999999999999602,24.24871130596398,2,1.4359356323441679E-6-3.435041802387482E-11i,0.0071796781617210845-1.7175209011937997E-7i
29.11808272604577,25.97841993663846,2,1.4359356323441679E-6-3.435041802387482E-11i,0.0071796781617210845-1.7175209011937997E-7i
27.86835084070961,27.825655343210315,2,1.4359356323441679E-6-3.435041802387482E-11i,0.007179678161721084-1.7175209011937997E-7i
27.08198020432755,25.654126622594617,2,1.4359356323441679E-6-3.435041802387482E-11i,0.007179678161721084-1.7175209011937997E-7i
25.711856692157568,27.01470956288813,2,1.4359356323441679E-6-3.435041802387482E-11i,0.007179678161721084-1.7175209011937997E-7i
25.484624161880248,25.40654308079864,2,1.4359356323441679E-6-3.435041802387482E-11i,0.007179678161721084-1.7175209011937997E-7i
28.106890771844178,24.181184218913373,2,1.4359356323441679E-6-3.435041802387482E-11i,0.0071796781617210845-1.7175209011937997E-7i
37.00000000000006,15.588457268119868,2,1.4359356323441679E-6-3.435041802387482E-11i,0.007179678161721085-1.7175209011938E-7i
32.99999999999994,22.51666049839565,2,1.4359356323441679E-6-3.435041802387482E-11i,0.007179678161721084-1.7175209011937995E-7i
31.999999999999773,20.784609690826656,2,1.4359356323441679E-6-3.435041802387482E-11i,0.0071796781617210845-1.7175209011937997E-7i
34.00000000000014,20.784609690826656,2,1.4359356323441679E-6-3.435041802387482E-11i,0.007179678161721084-1.7175209011937997E-7i
30.999999999999545,22.51666049839538,2,1.4359356323441679E-6-3.435041802387482E-11i,0.0071796781617210845-1.7175209011937997E-7i
32.999999999999986,19.052558883257774,2,1.4359356323441679E-6-3.435041802387482E-11i,0.0071796781617210845-1.7175209011937997E-7i
34.00000000000007,17.320508075688835,2,1.4359356323441679E-6-3.435041802387482E-11i,0.0071796781617210845-1.7175209011937997E-7i
29.00000000000007,22.51666049839514,2,1.4359356323441679E-6-3.435041802387482E-11i,0.007179678161721084-1.7175209011937995E-7i
29.9999999999998,20.78460969082637,2,1.4359356323441679E-6-3.435041802387482E-11i,0.0071796781617210845-1.7175209011937997E-7i
26.20231418835951,23.96110615228193,2,1.4359356323441679E-6-3.435041802387482E-11i,0.007179678161721084-1.7175209011937997E-7i
30.999999999999773,19.052558883257632,2,1.4359356323441679E-6-3.435041802387482E-11i,0.007179678161721084-1.7175209011937997E-7i
29.000000000000043,19.052558883257518,2,1.4359356323441679E-6-3.435041802387482E-11i,0.0071796781617210845-1.7175209011937997E-7i
31.999999999999886,17.320508075688835,2,1.4359356323441679E-6-3.435041802387482E-11i,0.0071796781617210845-1.7175209011937997E-7i
36.00000000000011,17.320508075688764,2,1.4359356323441679E-6-3.435041802387482E-11i,0.007179678161721084-1.7175209011937995E-7i
35.000000000000085,15.588457268119924,2,1.4359356323441679E-6-3.435041802387482E-11i,0.0071796781617210845-1.7175209011937997E-7i
38.00000000000001,13.856406460550986,2,1.4359356323441679E-6-3.435041802387482E-11i,0.007179678161721084-1.7175209011937995E-7i
37.00000000000002,12.124355652982132,2,1.4359356323441679E-6-3.435041802387482E-11i,0.0071796781617210845-1.7175209011937997E-7i
38.99999999999995,12.124355652982103,2,1.4359356323441679E-6-3.435041802387482E-11i,0.007179678161721084-1.7175209011937997E-7i
36.00000000000004,13.856406460551028,2,1.4359356323441679E-6-3.435041802387482E-11i,0.0071796781617210845-1.7175209011937997E-7i
36.00000000000003,10.392304845413264,2,1.4359356323441679E-6-3.435041802387482E-11i,0.007179678161721084-1.7175209011937997E-7i
35.00000000000003,12.124355652982146,2,1.4359356323441679E-6-3.435041802387482E-11i,0.0071796781617210845-1.7175209011937997E-7i
34.000000000000014,10.392304845413278,2,1.4359356323441679E-6-3.435041802387482E-11i,0.0071796781617210845-1.7175209011937997E-7i
38,10.39230484541325,2,1.4359356323441679E-6-3.435041802387482E-11i,0.0071796781617210845-1.7175209011937997E-7i
37.000000000000014,8.660254037844368,2,1.4359356323441679E-6-3.435041802387482E-11i,0.0071796781617210845-1.7175209011937997E-7i
38.99999999999997,8.660254037844368,2,1.4359356323441679E-6-3.435041802387482E-11i,0.0071796781617210845-1.7175209011937997E-7i
40.99999999999996,8.66025403784441,2,1.4359356323441679E-6-3.435041802387482E-11i,0.007179678161721084-1.7175209011937995E-7i
39.99999999999997,6.9282032302755,2,1.4359356323441679E-6-3.435041802387482E-11i,0.007179678161721085-1.7175209011938E-7i
37.99999999999999,6.9282032302755,2,1.4359356323441679E-6-3.435041802387482E-11i,0.0071796781617210845-1.7175209011937997E-7i
36.00000000000002,6.9282032302755,2,1.4359356323441679E-6-3.435041802387482E-11i,0.0071796781617210845-1.7175209011937997E-7i
45.000000000000014,5.196152422706618,2,1.4359356323441679E-6-3.435041802387482E-11i,0.007179678161721084-1.7175209011937995E-7i
44.00000000000002,3.464101615137764,2,1.4359356323441679E-6-3.435041802387482E-11i,0.0071796781617210845-1.7175209011937997E-7i
43.000000000000014,5.1961524227066604,2,1.4359356323441679E-6-3.435041802387482E-11i,0.007179678161721084-1.7175209011937997E-7i
42,3.464101615137764,2,1.4359356323441679E-6-3.435041802387482E-11i,0.0071796781617210845-1.7175209011937997E-7i
40.99999999999997,5.196152422706632,2,1.4359356323441679E-6-3.435041802387482E-11i,0.0071796781617210845-1.7175209011937997E-7i
38.99999999999999,5.196152422706632,2,1.4359356323441679E-6-3.435041802387482E-11i,0.007179678161721084-1.7175209011937995E-7i
37,5.196152422706618,2,1.4359356323441679E-6-3.435041802387482E-11i,0.0071796781617210845-1.7175209011937997E-7i
38,3.46410161513775,2,1.4359356323441679E-6-3.435041802387482E-11i,0.007179678161721084-1.7175209011937997E-7i
39.999999999999986,3.46410161513775,2,1.4359356323441679E-6-3.435041802387482E-11i,0.0071796781617210845-1.7175209011937997E-7i
41,1.7320508075688963,2,1.4359356323441679E-6-3.435041802387482E-11i,0.0071796781617210845-1.7175209011937997E-7i
43.00000000000001,1.7320508075688963,2,1.4359356323441679E-6-3.435041802387482E-11i,0.0071796781617210845-1.7175209011937997E-7i
39,1.7320508075688679,2,1.4359356323441679E-6-3.435041802387482E-11i,0.0071796781617210845-1.7175209011937997E-7i
44.00000000000001,0,2.0000000000000004,1.4359356323441679E-6-3.435041802387482E-11i,0.007179678161721084-1.7175209011937995E-7i
42,0,2,1.4359356323441679E-6-3.435041802387482E-11i,0.007179678161721084-1.7175209011937995E-7i
40,0,2,1.4359356323441679E-6-3.435041802387482E-11i,0.007179678161721084-1.7175209011937995E-7i
8.660254037844368,34.999999999999986,2,1.4359356323441679E-6-3.435041802387482E-11i,0.007179678161721084-1.7175209011937995E-7i
6.9282032302755,33.999999999999986,2,1.4359356323441679E-6-3.435041802387482E-11i,0.007179678161721085-1.7175209011938E-7i
8.660254037844368,32.999999999999986,2,1.4359356323441679E-6-3.435041802387482E-11i,0.0071796781617210845-1.7175209011937997E-7i
5.196152422706632,35,2,1.4359356323441679E-6-3.435041802387482E-11i,0.0071796781617210845-1.7175209011937997E-7i
3.46410161513775,36.00000000000001,2,1.4359356323441679E-6-3.435041802387482E-11i,0.0071796781617210845-1.7175209011937997E-7i
1.732050807568882,35,2,1.4359356323441679E-6-3.435041802387482E-11i,0.0071796781617210845-1.7175209011937997E-7i
3.46410161513775,34,2,1.4359356323441679E-6-3.435041802387482E-11i,0.0071796781617210845-1.7175209011937997E-7i
1.7320508075688679,33,2,1.4359356323441679E-6-3.435041802387482E-11i,0.0071796781617210845-1.7175209011937997E-7i
1.732050807568882,37.00000000000001,2,1.4359356323441679E-6-3.435041802387482E-11i,0.0071796781617210845-1.7175209011937997E-7i
0,38.00000000000001,2,1.4359356323441679E-6-3.435041802387482E-11i,0.007179678161721084-1.7175209011937995E-7i
0,36.00000000000001,2.0000000000000004,1.4359356323441679E-6-3.435041802387482E-11i,0.007179678161721084-1.7175209011937995E-7i
0,34,2,1.4359356323441679E-6-3.435041802387482E-11i,0.007179678161721084-1.7175209011937995E-7i
5.196152422706618,33,2,1.4359356323441679E-6-3.435041802387482E-11i,0.007179678161721084-1.7175209011937995E-7i
3.46410161513775,32,2,1.4359356323441679E-6-3.435041802387482E-11i,0.0071796781617210845-1.7175209011937997E-7i
6.928203230275486,32,2,1.4359356323441679E-6-3.435041802387482E-11i,0.0071796781617210845-1.7175209011937997E-7i
5.196152422706618,31,2,1.4359356323441679E-6-3.435041802387482E-11i,0.007179678161721084-1.7175209011937997E-7i
1.7320508075688679,31,2,1.4359356323441679E-6-3.435041802387482E-11i,0.0071796781617210845-1.7175209011937997E-7i
0,32.00000000000001,2,1.4359356323441679E-6-3.435041802387482E-11i,0.007179678161721084-1.7175209011937995E-7i
3.46410161513775,30.000000000000014,2,1.4359356323441679E-6-3.435041802387482E-11i,0.0071796781617210845-1.7175209011937997E-7i
8.660254037844354,31.00000000000003,2,1.4359356323441679E-6-3.435041802387482E-11i,0.0071796781617210845-1.7175209011937997E-7i
6.9282032302755,30.00000000000003,2,1.4359356323441679E-6-3.435041802387482E-11i,0.0071796781617210845-1.7175209011937997E-7i
10.392304845413221,32,2,1.4359356323441679E-6-3.435041802387482E-11i,0.0071796781617210845-1.7175209011937997E-7i
10.392304845413236,30.00000000000007,2,1.4359356323441679E-6-3.435041802387482E-11i,0.007179678161721084-1.7175209011937995E-7i
10.392304845413292,27.999999999999986,2,1.4359356323441679E-6-3.435041802387482E-11i,0.0071796781617210845-1.7175209011937997E-7i
8.660254037844396,29.000000000000057,2,1.4359356323441679E-6-3.435041802387482E-11i,0.0071796781617210845-1.7175209011937997E-7i
12.12435565298216,29.00000000000007,2,1.4359356323441679E-6-3.435041802387482E-11i,0.0071796781617210845-1.7175209011937997E-7i
12.12435565298209,31.000000000000043,2,1.4359356323441679E-6-3.435041802387482E-11i,0.0071796781617210845-1.7175209011937997E-7i
15.588457268119896,34.99999999999996,2,1.4359356323441679E-6-3.435041802387482E-11i,0.007179678161721084-1.7175209011937997E-7i
12.124355652982118,32.99999999999996,2,1.4359356323441679E-6-3.435041802387482E-11i,0.007179678161721085-1.7175209011938E-7i
13.856406460551,33.99999999999996,2,1.4359356323441679E-6-3.435041802387482E-11i,0.007179678161721084-1.7175209011937997E-7i
13.856406460550957,31.99999999999997,2,1.4359356323441679E-6-3.435041802387482E-11i,0.007179678161721084-1.7175209011937997E-7i
13.856406460551,30.000000000000128,2,1.4359356323441679E-6-3.435041802387482E-11i,0.007179678161721085-1.7175209011938E-7i
20.7846096908265,30.000000000000455,2,1.4359356323441679E-6-3.435041802387482E-11i,0.0071796781617210845-1.7175209011937997E-7i
20.784609690826784,27.99999999999993,2,1.4359356323441679E-6-3.435041802387482E-11i,0.0071796781617210845-1.7175209011937997E-7i
22.52062852907676,27.0307699724751,2,1.4359356323441679E-6-3.435041802387482E-11i,0.0071796781617210845-1.7175209011937997E-7i
12.124355652982146,26.999999999999943,2,1.4359356323441679E-6-3.435041802387482E-11i,0.007179678161721085-1.7175209011938E-7i
13.856406460551057,27.999999999999986,2,1.4359356323441679E-6-3.435041802387482E-11i,0.0071796781617210845-1.7175209011937997E-7i
24.05218574431808,26.072928614456288,2,1.4359356323441679E-6-3.435041802387482E-11i,0.007179678161721084-1.7175209011937997E-7i
22.43086312521514,25.089059751952774,2,1.4359356323441679E-6-3.435041802387482E-11i,0.007179678161721085-1.7175209011938E-7i
16.706119320701013,23.036129923345705,1.3333333333333512,1.4333960567718514E-6-3.428966635747182E-11i,0.007179678161721085-1.7175209011937997E-7i
15.58845726811984,23.000000000000114,2,1.4359356323441679E-6-3.435041802387482E-11i,0.007179678161721084-1.7175209011937997E-7i
17.32050807568865,24.000000000000085,2,1.4359356323441679E-6-3.435041802387482E-11i,0.007179678161721084-1.7175209011937997E-7i
15.588457268119797,24.99999999999997,2,1.4359356323441679E-6-3.435041802387482E-11i,0.007179678161721085-1.7175209011938E-7i
17.317567687443187,22.042000239176772,2,1.4359356323441679E-6-3.435041802387482E-11i,0.007179678161721084-1.7175209011937997E-7i
19.026357225055833,23.03107737290948,2,1.4359356323441679E-6-3.435041802387482E-11i,0.007179678161721085-1.7175209011938E-7i
15.588457268119953,29.000000000000114,2,1.4359356323441679E-6-3.435041802387482E-11i,0.007179678161721084-1.7175209011937995E-7i
15.588457268119924,26.999999999999858,2,1.4359356323441679E-6-3.435041802387482E-11i,0.0071796781617210845-1.7175209011937997E-7i
17.320508075688892,27.99999999999997,2,1.4359356323441679E-6-3.435041802387482E-11i,0.0071796781617210845-1.7175209011937997E-7i
19.052558883257774,29.000000000000227,2,1.4359356323441679E-6-3.435041802387482E-11i,0.007179678161721084-1.7175209011937995E-7i
19.052558883257717,26.999999999999716,2,1.4359356323441679E-6-3.435041802387482E-11i,0.0071796781617210845-1.7175209011937997E-7i
20.784609690826414,25.999999999999602,2,1.4359356323441679E-6-3.435041802387482E-11i,0.007179678161721084-1.7175209011937995E-7i
20.709260964223063,24.047700016833403,2,1.4359356323441679E-6-3.435041802387482E-11i,0.007179678161721084-1.7175209011937997E-7i
19.052558883257475,24.999999999999915,2,1.4359356323441679E-6-3.435041802387482E-11i,0.0071796781617210845-1.7175209011937997E-7i
15.588457268119924,21.0000000000001,2,1.4359356323441679E-6-3.435041802387482E-11i,0.007179678161721085-1.7175209011938E-7i
27.000000000000142,19.052558883257674,2,1.4359356323441679E-6-3.435041802387482E-11i,0.007179678161721085-1.7175209011938E-7i
24.17039710141539,24.041150311907714,2,1.4359356323441679E-6-3.435041802387482E-11i,0.007179678161721084-1.7175209011937997E-7i
23.658157402636988,22.22476697713887,2,1.4359356323441679E-6-3.435041802387482E-11i,0.007179678161721084-1.7175209011937997E-7i
22.26831553109463,23.103984344865196,2,1.4359356323441679E-6-3.435041802387482E-11i,0.007179678161721084-1.7175209011937997E-7i
24.21522120459622,20.73199316083391,2,1.4359356323441679E-6-3.435041802387482E-11i,0.007179678161721084-1.7175209011937995E-7i
25.11837985761038,19.041061684540125,2,1.4359356323441679E-6-3.435041802387482E-11i,0.0071796781617210845-1.7175209011937997E-7i
23.14882269030352,19.071823248886005,2,1.4359356323441679E-6-3.435041802387482E-11i,0.0071796781617210845-1.7175209011937997E-7i
22.141222432081918,20.975690128532506,2,1.435935632344168E-6-3.435041802387482E-11i,0.0071796781617210845-1.7175209011938E-7i
28.000000000000128,17.320508075688736,2,1.4359356323441679E-6-3.435041802387482E-11i,0.0071796781617210845-1.7175209011937997E-7i
34.00000000000004,13.856406460551057,2,1.4359356323441679E-6-3.435041802387482E-11i,0.007179678161721084-1.7175209011937997E-7i
33,12.124355652982175,2,1.4359356323441679E-6-3.435041802387482E-11i,0.0071796781617210845-1.7175209011937997E-7i
33,15.588457268119953,2,1.4359356323441679E-6-3.435041802387482E-11i,0.0071796781617210845-1.7175209011937997E-7i
30.999999999999886,15.588457268119896,2,1.4359356323441679E-6-3.435041802387482E-11i,0.007179678161721085-1.7175209011938E-7i
31.999999999999957,13.856406460551057,2,1.4359356323441679E-6-3.435041802387482E-11i,0.007179678161721084-1.7175209011937995E-7i
29.999999999999957,13.856406460550986,2,1.4359356323441679E-6-3.435041802387482E-11i,0.0071796781617210845-1.7175209011937997E-7i
30.999999999999943,12.124355652982146,2,1.4359356323441679E-6-3.435041802387482E-11i,0.0071796781617210845-1.7175209011937997E-7i
29.9999999999999,17.320508075688707,2,1.4359356323441679E-6-3.435041802387482E-11i,0.007179678161721084-1.7175209011937995E-7i
29.00000000000003,15.58845726811984,2,1.4359356323441679E-6-3.435041802387482E-11i,0.007179678161721084-1.7175209011937997E-7i
27.000000000000085,15.58845726811991,2,1.4359356323441679E-6-3.435041802387482E-11i,0.0071796781617210845-1.7175209011937997E-7i
28.000000000000085,13.856406460551,2,1.4359356323441679E-6-3.435041802387482E-11i,0.007179678161721084-1.7175209011937995E-7i
29.00000000000003,12.124355652982103,2,1.4359356323441679E-6-3.435041802387482E-11i,0.0071796781617210845-1.7175209011937997E-7i
26.00000000000003,13.856406460551028,2,1.4359356323441679E-6-3.435041802387482E-11i,0.0071796781617210845-1.7175209011937997E-7i
27.000000000000057,12.12435565298216,2,1.4359356323441679E-6-3.435041802387482E-11i,0.0071796781617210845-1.7175209011937997E-7i
31.99999999999997,10.392304845413292,2,1.4359356323441679E-6-3.435041802387482E-11i,0.0071796781617210845-1.7175209011937997E-7i
33.000000000000014,8.660254037844396,2,1.4359356323441679E-6-3.435041802387482E-11i,0.007179678161721085-1.7175209011938E-7i
29.999999999999986,10.392304845413236,2,1.4359356323441679E-6-3.435041802387482E-11i,0.0071796781617210845-1.7175209011937997E-7i
35.000000000000014,8.660254037844396,2,1.4359356323441679E-6-3.435041802387482E-11i,0.007179678161721084-1.7175209011937995E-7i
34.000000000000014,6.9282032302755,2,1.4359356323441679E-6-3.435041802387482E-11i,0.0071796781617210845-1.7175209011937997E-7i
35,5.196152422706632,2,1.4359356323441679E-6-3.435041802387482E-11i,0.0071796781617210845-1.7175209011937997E-7i
36,3.46410161513775,2,1.4359356323441679E-6-3.435041802387482E-11i,0.0071796781617210845-1.7175209011937997E-7i
37,1.7320508075688679,2,1.4359356323441679E-6-3.435041802387482E-11i,0.0071796781617210845-1.7175209011937997E-7i
38,0,2,1.4359356323441679E-6-3.435041802387482E-11i,0.007179678161721084-1.7175209011937995E-7i
34.000000000000014,3.46410161513775,2,1.4359356323441679E-6-3.435041802387482E-11i,0.0071796781617210845-1.7175209011937997E-7i
35,1.7320508075688679,2,1.4359356323441679E-6-3.435041802387482E-11i,0.0071796781617210845-1.7175209011937997E-7i
33,1.7320508075688963,2,1.4359356323441679E-6-3.435041802387482E-11i,0.0071796781617210845-1.7175209011937997E-7i
36,0,2,1.4359356323441679E-6-3.435041802387482E-11i,0.007179678161721084-1.7175209011937995E-7i
34,0,2,1.4359356323441679E-6-3.435041802387482E-11i,0.007179678161721084-1.7175209011937995E-7i
33.00000000000003,5.196152422706632,2,1.4359356323441679E-6-3.435041802387482E-11i,0.007179678161721084-1.7175209011937995E-7i
32,6.928203230275528,2,1.4359356323441679E-6-3.435041802387482E-11i,0.0071796781617210845-1.7175209011937997E-7i
32,3.464101615137764,2,1.4359356323441679E-6-3.435041802387482E-11i,0.007179678161721084-1.7175209011937997E-7i
30.999999999999986,5.196152422706632,2,1.4359356323441679E-6-3.435041802387482E-11i,0.0071796781617210845-1.7175209011937997E-7i
31,1.7320508075688679,2,1.4359356323441679E-6-3.435041802387482E-11i,0.0071796781617210845-1.7175209011937997E-7i
30,3.46410161513775,2,1.4359356323441679E-6-3.435041802387482E-11i,0.0071796781617210845-1.7175209011937997E-7i
32,0,1.9999999999999998,1.4359356323441679E-6-3.435041802387482E-11i,0.007179678161721084-1.7175209011937995E-7i
5.196152422706632,29.000000000000014,2,1.4359356323441679E-6-3.435041802387482E-11i,0.0071796781617210845-1.7175209011937997E-7i
6.928203230275528,28,2,1.4359356323441679E-6-3.435041802387482E-11i,0.007179678161721085-1.7175209011938E-7i
8.660254037844368,26.99999999999997,2,1.4359356323441679E-6-3.435041802387482E-11i,0.0071796781617210845-1.7175209011937997E-7i
10.392304845413236,25.99999999999997,2,1.4359356323441679E-6-3.435041802387482E-11i,0.0071796781617210845-1.7175209011937997E-7i
6.9282032302755,25.999999999999986,2,1.4359356323441679E-6-3.435041802387482E-11i,0.0071796781617210845-1.7175209011937997E-7i
8.660254037844368,25,2,1.4359356323441679E-6-3.435041802387482E-11i,0.0071796781617210845-1.7175209011937997E-7i
6.9282032302755,24,2,1.4359356323441679E-6-3.435041802387482E-11i,0.0071796781617210845-1.7175209011937997E-7i
5.196152422706632,26.999999999999986,2,1.4359356323441679E-6-3.435041802387482E-11i,0.007179678161721084-1.7175209011937995E-7i
3.464101615137764,28,2,1.4359356323441679E-6-3.435041802387482E-11i,0.0071796781617210845-1.7175209011937997E-7i
3.46410161513775,26,2,1.4359356323441679E-6-3.435041802387482E-11i,0.0071796781617210845-1.7175209011937997E-7i
5.196152422706632,25,2,1.4359356323441679E-6-3.435041802387482E-11i,0.007179678161721084-1.7175209011937997E-7i
1.7320508075688963,29,2,1.4359356323441679E-6-3.435041802387482E-11i,0.0071796781617210845-1.7175209011937997E-7i
1.732050807568882,27,2,1.4359356323441679E-6-3.435041802387482E-11i,0.0071796781617210845-1.7175209011937997E-7i
0,30,2,1.4359356323441679E-6-3.435041802387482E-11i,0.007179678161721084-1.7175209011937995E-7i
0,28,1.9999999999999998,1.4359356323441679E-6-3.435041802387482E-11i,0.007179678161721084-1.7175209011937995E-7i
13.856406460550971,25.999999999999915,2,1.4359356323441679E-6-3.435041802387482E-11i,0.007179678161721084-1.7175209011937995E-7i
13.856406460550957,24.000000000000057,2,1.4359356323441679E-6-3.435041802387482E-11i,0.0071796781617210845-1.7175209011937997E-7i
12.124355652982075,25,2,1.4359356323441679E-6-3.435041802387482E-11i,0.007179678161721084-1.7175209011937997E-7i
10.392304845413236,24.000000000000014,2,1.4359356323441679E-6-3.435041802387482E-11i,0.0071796781617210845-1.7175209011937997E-7i
12.124355652982103,23.000000000000057,2,1.4359356323441679E-6-3.435041802387482E-11i,0.0071796781617210845-1.7175209011937997E-7i
20.484953961370707,22.101892706291295,2,1.4359356323441679E-6-3.435041802387482E-11i,0.0071796781617210845-1.7175209011937997E-7i
20.369825793715023,20.49966185310349,2,1.4359356323441679E-6-3.435041802387482E-11i,0.0071796781617210845-1.7175209011937995E-7i
21.241544072218232,19.01277065363702,2,1.4359356323441679E-6-3.435041802387482E-11i,0.0071796781617210845-1.7175209011937997E-7i
19.05393062013168,19.063349941683754,2,1.435935632344168E-6-3.435041802387482E-11i,0.0071796781617210845-1.7175209011938E-7i
18.902590278628793,21.10113805259529,2,1.4359356323441679E-6-3.435041802387482E-11i,0.007179678161721084-1.7175209011937997E-7i
17.320508075688707,25.999999999999815,2,1.4359356323441679E-6-3.435041802387482E-11i,0.007179678161721084-1.7175209011937995E-7i
17.291141216020435,20.103063963014876,2,1.4359356323441679E-6-3.435041802387482E-11i,0.007179678161721085-1.7175209011938E-7i
13.856406460551014,22.000000000000085,2,1.4359356323441679E-6-3.435041802387482E-11i,0.0071796781617210845-1.7175209011937997E-7i
17.105398547751946,18.027359133305936,2,1.4359356323441679E-6-3.435041802387482E-11i,0.007179678161721084-1.7175209011937997E-7i
18.557957849962094,17.118365008707116,2,1.4359356323441679E-6-3.435041802387482E-11i,0.0071796781617210845-1.7175209011937995E-7i
20.138991560631908,17.26180876539553,2,1.4359356323441679E-6-3.435041802387482E-11i,0.0071796781617210845-1.7175209011937997E-7i
19.153542020104595,15.616006985939165,2,1.4359356323441679E-6-3.435041802387482E-11i,0.0071796781617210845-1.7175209011937997E-7i
17.070415618639245,15.855404932344271,2,1.435935632344168E-6-3.435041802387482E-11i,0.0071796781617210845-1.7175209011938E-7i
13.856406460551057,20.00000000000003,2,1.4359356323441679E-6-3.435041802387482E-11i,0.007179678161721084-1.7175209011937995E-7i
15.524616488578488,19.05346190703142,2,1.4359356323441679E-6-3.435041802387482E-11i,0.007179678161721084-1.7175209011937997E-7i
13.827877428613746,17.995143260691208,2,1.4359356323441679E-6-3.435041802387482E-11i,0.007179678161721085-1.7175209011938E-7i
12.12435565298216,19.000000000000014,2,1.4359356323441679E-6-3.435041802387482E-11i,0.0071796781617210845-1.7175209011937997E-7i
12.12435565298216,21.000000000000043,2,1.4359356323441679E-6-3.435041802387482E-11i,0.007179678161721084-1.7175209011937997E-7i
22.139168595676125,17.328631322379508,2,1.4359356323441679E-6-3.435041802387482E-11i,0.007179678161721084-1.7175209011937995E-7i
21.076804651274728,15.616746067839784,2,1.4359356323441679E-6-3.435041802387482E-11i,0.007179678161721084-1.7175209011937997E-7i
24.000000000000043,17.320508075688764,2,1.4359356323441679E-6-3.435041802387482E-11i,0.007179678161721084-1.7175209011937997E-7i
23.000000000000057,15.588457268119924,2,1.4359356323441679E-6-3.435041802387482E-11i,0.0071796781617210845-1.7175209011937997E-7i
25.000000000000014,15.588457268119896,2,1.4359356323441679E-6-3.435041802387482E-11i,0.0071796781617210845-1.7175209011937997E-7i
26.00000000000003,17.320508075688807,2,1.4359356323441679E-6-3.435041802387482E-11i,0.007179678161721084-1.7175209011937995E-7i
22.00000000000003,13.856406460551057,2,1.4359356323441679E-6-3.435041802387482E-11i,0.0071796781617210845-1.7175209011937997E-7i
20.071496990921162,13.883834531125274,2,1.4359356323441679E-6-3.435041802387482E-11i,0.0071796781617210845-1.7175209011937997E-7i
18.099981785683127,13.9629516767682,2,1.4359356323441679E-6-3.435041802387482E-11i,0.0071796781617210845-1.7175209011937997E-7i
22.000000000000014,10.392304845413278,2,1.4359356323441679E-6-3.435041802387482E-11i,0.0071796781617210845-1.7175209011937997E-7i
23.00000000000003,8.660254037844396,2,1.4359356323441679E-6-3.435041802387482E-11i,0.0071796781617210845-1.7175209011937997E-7i
20.999999999999986,8.660254037844396,2,1.4359356323441679E-6-3.435041802387482E-11i,0.0071796781617210845-1.7175209011937997E-7i
24.000000000000014,10.392304845413264,2,1.4359356323441679E-6-3.435041802387482E-11i,0.0071796781617210845-1.7175209011937997E-7i
23.00000000000003,12.12435565298216,2,1.4359356323441679E-6-3.435041802387482E-11i,0.0071796781617210845-1.7175209011937997E-7i
30.999999999999957,8.660254037844396,2,1.4359356323441679E-6-3.435041802387482E-11i,0.007179678161721084-1.7175209011937995E-7i
29.000000000000014,8.660254037844368,2,1.4359356323441679E-6-3.435041802387482E-11i,0.0071796781617210845-1.7175209011937997E-7i
29.99999999999997,6.9282032302755,2,1.4359356323441679E-6-3.435041802387482E-11i,0.0071796781617210845-1.7175209011937997E-7i
29,5.196152422706618,2,1.4359356323441679E-6-3.435041802387482E-11i,0.007179678161721085-1.7175209011938E-7i
25,12.124355652982146,2,1.4359356323441679E-6-3.435041802387482E-11i,0.0071796781617210845-1.7175209011937997E-7i
24.00000000000003,13.856406460551028,2,1.4359356323441679E-6-3.435041802387482E-11i,0.007179678161721084-1.7175209011937995E-7i
28.000000000000043,10.392304845413264,2,1.4359356323441679E-6-3.435041802387482E-11i,0.007179678161721084-1.7175209011937995E-7i
26.000000000000014,10.392304845413278,2,1.4359356323441679E-6-3.435041802387482E-11i,0.007179678161721084-1.7175209011937997E-7i
27.00000000000003,8.660254037844396,2,1.4359356323441679E-6-3.435041802387482E-11i,0.007179678161721085-1.7175209011938E-7i
28.00000000000003,6.9282032302755,2,1.4359356323441679E-6-3.435041802387482E-11i,0.0071796781617210845-1.7175209011937997E-7i
25,8.660254037844396,2,1.4359356323441679E-6-3.435041802387482E-11i,0.0071796781617210845-1.7175209011937997E-7i
26,6.928203230275528,2,1.4359356323441679E-6-3.435041802387482E-11i,0.0071796781617210845-1.7175209011937997E-7i
24,6.9282032302755,2,1.4359356323441679E-6-3.435041802387482E-11i,0.0071796781617210845-1.7175209011937997E-7i
27.000000000000014,5.196152422706632,2,1.4359356323441679E-6-3.435041802387482E-11i,0.007179678161721084-1.7175209011937995E-7i
26,3.464101615137764,2,1.4359356323441679E-6-3.435041802387482E-11i,0.0071796781617210845-1.7175209011937997E-7i
28,3.46410161513775,2,1.4359356323441679E-6-3.435041802387482E-11i,0.0071796781617210845-1.7175209011937997E-7i
25,5.196152422706632,2,1.4359356323441679E-6-3.435041802387482E-11i,0.007179678161721084-1.7175209011937997E-7i
29,1.7320508075688679,2,1.4359356323441679E-6-3.435041802387482E-11i,0.0071796781617210845-1.7175209011937997E-7i
27,1.732050807568882,2,1.4359356323441679E-6-3.435041802387482E-11i,0.0071796781617210845-1.7175209011937997E-7i
30,0,2,1.4359356323441679E-6-3.435041802387482E-11i,0.007179678161721084-1.7175209011937995E-7i
28.000000000000007,0,2,1.4359356323441679E-6-3.435041802387482E-11i,0.007179678161721084-1.7175209011937995E-7i
8.660254037844368,23.000000000000014,2,1.4359356323441679E-6-3.435041802387482E-11i,0.007179678161721084-1.7175209011937995E-7i
6.9282032302755,22.00000000000003,2,1.4359356323441679E-6-3.435041802387482E-11i,0.007179678161721085-1.7175209011938E-7i
8.660254037844396,21.000000000000014,2,1.4359356323441679E-6-3.435041802387482E-11i,0.0071796781617210845-1.7175209011937997E-7i
10.392304845413264,22.000000000000043,2,1.4359356323441679E-6-3.435041802387482E-11i,0.007179678161721084-1.7175209011937997E-7i
3.46410161513775,24,2,1.4359356323441679E-6-3.435041802387482E-11i,0.0071796781617210845-1.7175209011937997E-7i
5.196152422706632,23,2,1.4359356323441679E-6-3.435041802387482E-11i,0.0071796781617210845-1.7175209011937997E-7i
5.196152422706632,21.00000000000003,2,1.4359356323441679E-6-3.435041802387482E-11i,0.007179678161721084-1.7175209011937995E-7i
3.46410161513775,22.000000000000014,2,1.4359356323441679E-6-3.435041802387482E-11i,0.0071796781617210845-1.7175209011937997E-7i
3.464101615137764,20,2,1.4359356323441679E-6-3.435041802387482E-11i,0.007179678161721084-1.7175209011937997E-7i
6.9282032302755,20,2,1.4359356323441679E-6-3.435041802387482E-11i,0.0071796781617210845-1.7175209011937997E-7i
5.196152422706632,19,2,1.4359356323441679E-6-3.435041802387482E-11i,0.0071796781617210845-1.7175209011937997E-7i
1.7320508075688679,23,2,1.4359356323441679E-6-3.435041802387482E-11i,0.0071796781617210845-1.7175209011937997E-7i
1.7320508075688679,25,2,1.4359356323441679E-6-3.435041802387482E-11i,0.0071796781617210845-1.7175209011937997E-7i
1.732050807568882,21,2,1.4359356323441679E-6-3.435041802387482E-11i,0.0071796781617210845-1.7175209011937997E-7i
0,26,2,1.4359356323441679E-6-3.435041802387482E-11i,0.007179678161721084-1.7175209011937995E-7i
0,24,2,1.4359356323441679E-6-3.435041802387482E-11i,0.007179678161721084-1.7175209011937995E-7i
0,22.000000000000014,2,1.4359356323441679E-6-3.435041802387482E-11i,0.007179678161721084-1.7175209011937995E-7i
1.732050807568882,19,2,1.4359356323441679E-6-3.435041802387482E-11i,0.0071796781617210845-1.7175209011937997E-7i
3.464101615137764,18,2,1.4359356323441679E-6-3.435041802387482E-11i,0.0071796781617210845-1.7175209011937997E-7i
0,20,2,1.4359356323441679E-6-3.435041802387482E-11i,0.007179678161721084-1.7175209011937995E-7i
10.392304845413278,20.000000000000014,2,1.4359356323441679E-6-3.435041802387482E-11i,0.0071796781617210845-1.7175209011937997E-7i
8.660254037844396,19,2,1.4359356323441679E-6-3.435041802387482E-11i,0.007179678161721084-1.7175209011937997E-7i
6.9282032302755,18,2,1.4359356323441679E-6-3.435041802387482E-11i,0.0071796781617210845-1.7175209011937997E-7i
10.392304845413292,18,2,1.4359356323441679E-6-3.435041802387482E-11i,0.0071796781617210845-1.7175209011937997E-7i
12.082904762076282,16.961713958190984,2,1.4359356323441679E-6-3.435041802387482E-11i,0.0071796781617210845-1.7175209011937997E-7i
10.392304845413264,15.999999999999957,2,1.4359356323441679E-6-3.435041802387482E-11i,0.0071796781617210845-1.7175209011937997E-7i
5.196152422706632,17,2,1.4359356323441679E-6-3.435041802387482E-11i,0.0071796781617210845-1.7175209011937997E-7i
6.9282032302755,15.999999999999972,2,1.4359356323441679E-6-3.435041802387482E-11i,0.007179678161721085-1.7175209011938E-7i
8.660254037844396,16.99999999999997,2,1.4359356323441679E-6-3.435041802387482E-11i,0.007179678161721084-1.7175209011937995E-7i
8.660254037844368,14.999999999999972,2,1.4359356323441679E-6-3.435041802387482E-11i,0.0071796781617210845-1.7175209011937997E-7i
13.732996717588378,16.002618026070863,2,1.4359356323441679E-6-3.435041802387482E-11i,0.007179678161721084-1.7175209011937995E-7i
12.135151753030499,14.976665980443101,2,1.4359356323441679E-6-3.435041802387482E-11i,0.0071796781617210845-1.7175209011937997E-7i
13.965069140809476,13.883567805059215,2,1.435935632344168E-6-3.435041802387482E-11i,0.0071796781617210845-1.7175209011938E-7i
15.275246374807665,15.414424459108744,2,1.4359356323441679E-6-3.435041802387482E-11i,0.007179678161721084-1.7175209011937997E-7i
15.389052047668017,17.07544800567767,2,1.4359356323441679E-6-3.435041802387482E-11i,0.007179678161721084-1.7175209011937997E-7i
16.16881066793613,13.884870245516112,2,1.4359356323441679E-6-3.435041802387482E-11i,0.0071796781617210845-1.7175209011937997E-7i
17.122343311434634,12.16349089570896,2,1.4359356323441679E-6-3.435041802387482E-11i,0.0071796781617210845-1.7175209011937997E-7i
10.380133932372274,13.980029624457245,2,1.4359356323441679E-6-3.435041802387482E-11i,0.0071796781617210845-1.7175209011937997E-7i
11.958174649802018,12.980278052241445,2,1.4359356323441679E-6-3.435041802387482E-11i,0.007179678161721085-1.7175209011938E-7i
15.07787261118176,12.101762634931958,2,1.4359356323441679E-6-3.435041802387482E-11i,0.007179678161721084-1.7175209011937997E-7i
13.446822265920105,12.005283967134375,2,1.4359356323441679E-6-3.435041802387482E-11i,0.007179678161721084-1.7175209011937997E-7i
22.000000000000014,6.928203230275528,2,1.4359356323441679E-6-3.435041802387482E-11i,0.0071796781617210845-1.7175209011937997E-7i
23,5.196152422706632,2,1.4359356323441679E-6-3.435041802387482E-11i,0.007179678161721085-1.7175209011938E-7i
19.999999999999986,6.928203230275528,2,1.4359356323441679E-6-3.435041802387482E-11i,0.0071796781617210845-1.7175209011937997E-7i
19,8.660254037844368,2,1.4359356323441679E-6-3.435041802387482E-11i,0.0071796781617210845-1.7175209011937997E-7i
19.99999999999997,10.392304845413264,2,1.4359356323441679E-6-3.435041802387482E-11i,0.0071796781617210845-1.7175209011937997E-7i
18.000000000000043,10.392304845413264,2,1.4359356323441679E-6-3.435041802387482E-11i,0.0071796781617210845-1.7175209011937997E-7i
16.03219945237109,10.437603295990215,2,1.4359356323441679E-6-3.435041802387482E-11i,0.0071796781617210845-1.7175209011937997E-7i
14.057283584782425,10.422311178043927,2,1.4359356323441679E-6-3.435041802387482E-11i,0.0071796781617210845-1.7175209011937997E-7i
15.037442913813877,8.679786714708627,2,1.4359356323441679E-6-3.435041802387482E-11i,0.0071796781617210845-1.7175209011937997E-7i
20.999999999999986,12.12435565298216,2,1.4359356323441679E-6-3.435041802387482E-11i,0.007179678161721084-1.7175209011937995E-7i
19.000000000000014,12.124355652982132,2,1.4359356323441679E-6-3.435041802387482E-11i,0.007179678161721084-1.7175209011937997E-7i
17.000000000000014,8.66025403784441,2,1.4359356323441679E-6-3.435041802387482E-11i,0.007179678161721084-1.7175209011937995E-7i
18.00000000000003,6.9282032302755,2,1.4359356323441679E-6-3.435041802387482E-11i,0.007179678161721084-1.7175209011937997E-7i
15.999999999999986,6.928203230275528,2,1.4359356323441679E-6-3.435041802387482E-11i,0.007179678161721085-1.7175209011938E-7i
24,3.464101615137764,2,1.4359356323441679E-6-3.435041802387482E-11i,0.0071796781617210845-1.7175209011937997E-7i
23,1.732050807568882,2,1.4359356323441679E-6-3.435041802387482E-11i,0.0071796781617210845-1.7175209011937997E-7i
22.000000000000014,3.464101615137764,2,1.4359356323441679E-6-3.435041802387482E-11i,0.0071796781617210845-1.7175209011937997E-7i
25,1.732050807568882,2,1.4359356323441679E-6-3.435041802387482E-11i,0.0071796781617210845-1.7175209011937997E-7i
21,1.7320508075688963,2,1.4359356323441679E-6-3.435041802387482E-11i,0.0071796781617210845-1.7175209011937997E-7i
26,0,2,1.4359356323441679E-6-3.435041802387482E-11i,0.007179678161721084-1.7175209011937995E-7i
24.000000000000007,0,2.0000000000000004,1.4359356323441679E-6-3.435041802387482E-11i,0.007179678161721084-1.7175209011937995E-7i
22,0,2,1.4359356323441679E-6-3.435041802387482E-11i,0.007179678161721084-1.7175209011937995E-7i
20,0,2,1.4359356323441679E-6-3.435041802387482E-11i,0.007179678161721084-1.7175209011937995E-7i
8.639557186301744,13.004465620940977,2,1.4359356323441679E-6-3.435041802387482E-11i,0.007179678161721084-1.7175209011937997E-7i
6.9282032302755,12.000000000000014,2,1.4359356323441679E-6-3.435041802387482E-11i,0.0071796781617210845-1.7175209011937997E-7i
8.444670989162262,11.028516909074597,2,1.4359356323441679E-6-3.435041802387482E-11i,0.0071796781617210845-1.7175209011937997E-7i
6.928203230275486,14,2,1.4359356323441679E-6-3.435041802387482E-11i,0.0071796781617210845-1.7175209011937997E-7i
5.196152422706618,15,2,1.4359356323441679E-6-3.435041802387482E-11i,0.007179678161721084-1.7175209011937995E-7i
5.196152422706618,13,2,1.4359356323441679E-6-3.435041802387482E-11i,0.007179678161721084-1.7175209011937997E-7i
3.46410161513775,14,2,1.4359356323441679E-6-3.435041802387482E-11i,0.0071796781617210845-1.7175209011937997E-7i
3.46410161513775,16,2,1.4359356323441679E-6-3.435041802387482E-11i,0.0071796781617210845-1.7175209011937997E-7i
1.732050807568882,17,2,1.4359356323441679E-6-3.435041802387482E-11i,0.0071796781617210845-1.7175209011937997E-7i
1.732050807568882,15,2,1.4359356323441679E-6-3.435041802387482E-11i,0.0071796781617210845-1.7175209011937997E-7i
0,18,2,1.4359356323441679E-6-3.435041802387482E-11i,0.007179678161721084-1.7175209011937995E-7i
0,16.000000000000004,2.0000000000000004,1.4359356323441679E-6-3.435041802387482E-11i,0.007179678161721084-1.7175209011937995E-7i
10.242388236165496,11.98201863280488,2,1.4359356323441679E-6-3.435041802387482E-11i,0.007179678161721084-1.7175209011937995E-7i
11.973784678417786,10.796898658866226,2,1.4359356323441679E-6-3.435041802387482E-11i,0.007179678161721084-1.7175209011937997E-7i
9.864625385942304,9.95500188057882,2,1.4359356323441679E-6-3.435041802387482E-11i,0.007179678161721085-1.7175209011938E-7i
13.045590132051785,8.707941804684438,2,1.4359356323441679E-6-3.435041802387482E-11i,0.007179678161721084-1.7175209011937997E-7i
11.122292222258366,8.550976598134454,2,1.4359356323441679E-6-3.435041802387482E-11i,0.0071796781617210845-1.7175209011937997E-7i
13.999999999999986,6.9282032302755,2,1.4359356323441679E-6-3.435041802387482E-11i,0.0071796781617210845-1.7175209011937997E-7i
12.106515609608408,6.9190165588236425,2,1.4359356323441679E-6-3.435041802387482E-11i,0.0071796781617210845-1.7175209011937997E-7i
21,5.1961524227066604,2,1.4359356323441679E-6-3.435041802387482E-11i,0.007179678161721084-1.7175209011937995E-7i
19.999999999999986,3.464101615137764,2,1.4359356323441679E-6-3.435041802387482E-11i,0.007179678161721084-1.7175209011937997E-7i
19,5.196152422706632,2,1.4359356323441679E-6-3.435041802387482E-11i,0.0071796781617210845-1.7175209011937997E-7i
19,1.7320508075688679,2,1.4359356323441679E-6-3.435041802387482E-11i,0.0071796781617210845-1.7175209011937997E-7i
18.000000000000014,3.464101615137764,2,1.4359356323441679E-6-3.435041802387482E-11i,0.0071796781617210845-1.7175209011937997E-7i
17,5.196152422706632,2,1.4359356323441679E-6-3.435041802387482E-11i,0.0071796781617210845-1.7175209011937997E-7i
14.999999999999986,5.196152422706632,2,1.4359356323441679E-6-3.435041802387482E-11i,0.007179678161721084-1.7175209011937995E-7i
16,3.464101615137764,2,1.4359356323441679E-6-3.435041802387482E-11i,0.0071796781617210845-1.7175209011937997E-7i
13.999999999999986,3.46410161513775,2,1.4359356323441679E-6-3.435041802387482E-11i,0.007179678161721084-1.7175209011937997E-7i
13.000000000000028,5.196152422706618,2,1.4359356323441679E-6-3.435041802387482E-11i,0.0071796781617210845-1.7175209011937997E-7i
17,1.732050807568882,2,1.4359356323441679E-6-3.435041802387482E-11i,0.0071796781617210845-1.7175209011937997E-7i
15,1.732050807568882,2,1.4359356323441679E-6-3.435041802387482E-11i,0.0071796781617210845-1.7175209011937997E-7i
18,0,2,1.4359356323441679E-6-3.435041802387482E-11i,0.007179678161721084-1.7175209011937995E-7i
16,0,2,1.4359356323441679E-6-3.435041802387482E-11i,0.007179678161721084-1.7175209011937995E-7i
12.000000000000014,3.464101615137764,2,1.4359356323441679E-6-3.435041802387482E-11i,0.0071796781617210845-1.7175209011937997E-7i
13,1.7320508075688679,2,1.4359356323441679E-6-3.435041802387482E-11i,0.0071796781617210845-1.7175209011937997E-7i
14,0,2,1.4359356323441679E-6-3.435041802387482E-11i,0.007179678161721084-1.7175209011937995E-7i
5.196152422706632,11,2,1.4359356323441679E-6-3.435041802387482E-11i,0.007179678161721084-1.7175209011937997E-7i
6.69246394175623,10.07427920742144,2,1.4359356323441679E-6-3.435041802387482E-11i,0.007179678161721085-1.7175209011938E-7i
3.46410161513775,12,2,1.4359356323441679E-6-3.435041802387482E-11i,0.007179678161721085-1.7175209011938E-7i
1.7320508075688679,13,2,1.4359356323441679E-6-3.435041802387482E-11i,0.0071796781617210845-1.7175209011937997E-7i
0,13.999999999999998,2,1.4359356323441679E-6-3.435041802387482E-11i,0.007179678161721084-1.7175209011937995E-7i
1.7320508075688679,11,2,1.4359356323441679E-6-3.435041802387482E-11i,0.0071796781617210845-1.7175209011937997E-7i
3.464101615137764,10,2,1.4359356323441679E-6-3.435041802387482E-11i,0.0071796781617210845-1.7175209011937997E-7i
0,12,2,1.4359356323441679E-6-3.435041802387482E-11i,0.007179678161721084-1.7175209011937995E-7i
1.7320508075688679,9,2,1.4359356323441679E-6-3.435041802387482E-11i,0.0071796781617210845-1.7175209011937997E-7i
0,10,2,1.4359356323441679E-6-3.435041802387482E-11i,0.007179678161721084-1.7175209011937995E-7i
10.086209416927474,3.3982075509999845,2,1.4359356323441679E-6-3.435041802387482E-11i,0.0071796781617210845-1.7175209011937997E-7i
11.114726420185377,5.164915005346131,2,1.4359356323441679E-6-3.435041802387482E-11i,0.0071796781617210845-1.7175209011937997E-7i
11,1.7320508075688963,2,1.4359356323441679E-6-3.435041802387482E-11i,0.0071796781617210845-1.7175209011937997E-7i
12.000000000000002,0,1.9999999999999998,1.4359356323441679E-6-3.435041802387482E-11i,0.007179678161721084-1.7175209011937995E-7i
9,1.7320508075688963,2,1.4359356323441679E-6-3.435041802387482E-11i,0.0071796781617210845-1.7175209011937997E-7i
10,0,2,1.4359356323441679E-6-3.435041802387482E-11i,0.007179678161721084-1.7175209011937995E-7i
8.148807312068385,9.097312253943656,2,1.4359356323441679E-6-3.435041802387482E-11i,0.0071796781617210845-1.7175209011937997E-7i
6.556858028165266,8.242533607672755,2,1.4359356323441679E-6-3.435041802387482E-11i,0.0071796781617210845-1.7175209011937997E-7i
5.049462176456956,9.056175112394115,2,1.4359356323441679E-6-3.435041802387482E-11i,0.007179678161721084-1.7175209011937997E-7i
3.3939376528342393,8.059682590950729,2,1.4359356323441679E-6-3.435041802387482E-11i,0.0071796781617210845-1.7175209011937997E-7i
10.23570900331191,6.921532180131237,2,1.4359356323441679E-6-3.435041802387482E-11i,0.0071796781617210845-1.7175209011937997E-7i
9.58075224975056,8.358211488876975,2,1.4359356323441679E-6-3.435041802387482E-11i,0.0071796781617210845-1.7175209011937995E-7i
8.207768022066318,7.066650014176119,2,1.435935632344168E-6-3.435041802387482E-11i,0.0071796781617210845-1.7175209011938E-7i
9.20519981935307,5.165252896053673,2,1.4359356323441679E-6-3.435041802387482E-11i,0.007179678161721084-1.7175209011937995E-7i
7.332972337324975,5.110654366633895,2,1.4359356323441679E-6-3.435041802387482E-11i,0.0071796781617210845-1.7175209011937997E-7i
8.199492689478717,3.386992359122658,2,1.4359356323441679E-6-3.435041802387482E-11i,0.0071796781617210845-1.7175209011937997E-7i
6.479425333004286,6.576562296185585,2,1.435935632344168E-6-3.435041802387482E-11i,0.0071796781617210845-1.7175209011938E-7i
5.0871430599762135,7.127883461987466,2,1.4359356323441679E-6-3.435041802387482E-11i,0.0071796781617210845-1.7175209011937997E-7i
3.392193707892602,6.132665614336645,2,1.4359356323441679E-6-3.435041802387482E-11i,0.0071796781617210845-1.7175209011937997E-7i
1.7320508075688679,7,2,1.4359356323441679E-6-3.435041802387482E-11i,0.007179678161721085-1.7175209011938E-7i
0,7.999999999999997,1.9999999999999998,1.4359356323441679E-6-3.435041802387482E-11i,0.007179678161721084-1.7175209011937995E-7i
5.150209415467742,5.107576329538944,2,1.435935632344168E-6-3.435041802387482E-11i,0.0071796781617210845-1.7175209011938E-7i
6.171030130266516,3.3175603903796684,2,1.4359356323441679E-6-3.435041802387482E-11i,0.0071796781617210845-1.7175209011937997E-7i
7.0639315611518185,1.7066838621393146,2,1.4359356323441679E-6-3.435041802387482E-11i,0.0071796781617210845-1.7175209011937997E-7i
8,0,2,1.4359356323441679E-6-3.435041802387482E-11i,0.007179678161721084-1.7175209011937995E-7i
3.1498219395051024,4.076880761556183,2,1.4359356323441679E-6-3.435041802387482E-11i,0.007179678161721085-1.7175209011938E-7i
1.6490698696555341,5.056807366507826,2,1.4359356323441679E-6-3.435041802387482E-11i,0.007179678161721084-1.7175209011937997E-7i
0,3.999999999999999,2,1.4359356323441679E-6-3.435041802387482E-11i,0.007179678161721084-1.7175209011937995E-7i
0,5.999999999999998,2,1.4359356323441679E-6-3.435041802387482E-11i,0.007179678161721084-1.7175209011937995E-7i
1.4325563562755121,3.104784543191755,2,1.4359356323441679E-6-3.435041802387482E-11i,0.0071796781617210845-1.7175209011937997E-7i
5.223070450562432,1.7243408978442005,2,1.4359356323441679E-6-3.435041802387482E-11i,0.007179678161721084-1.7175209011937997E-7i
4.657539819458009,3.178874559948497,2,1.4359356323441679E-6-3.435041802387482E-11i,0.0071796781617210845-1.7175209011937995E-7i
3.1217694938223275,1.8335745453990882,2,1.435935632344168E-6-3.435041802387482E-11i,0.0071796781617210845-1.7175209011938E-7i
6,0,2,1.4359356323441679E-6-3.435041802387482E-11i,0.007179678161721084-1.7175209011937995E-7i
4.000000000000001,0,2.0000000000000004,1.4359356323441679E-6-3.435041802387482E-11i,0.007179678161721084-1.7175209011937995E-7i
1.2764890114243315,1.4420422743360035,2,1.4359356323441679E-6-3.435041802387482E-11i,0.007179678161721084-1.7175209011937997E-7i
0,1.9999999999999996,2,1.4359356323441679E-6-3.435041802387482E-11i,0.007179678161721084-1.7175209011937995E-7i
2.0000000000000004,0,1.9999999999999996,1.4359356323441679E-6-3.435041802387482E-11i,0.007179678161721084-1.7175209011937995E-7i
0,0,2,1.4359356323441679E-6-3.435041802387482E-11i,0.007179678161721084-1.7175209011937995E-7i
100,100,3,1.4359356323441679E-6-3.435041802387482E-11i,0.007179678161721084-1.7175209011937995E-7i
98.73194864984542,98.59216709403572,3,1.4359356323441677E-6-3.435041802387482E-11i,0.007179678161721085-1.7175209011937997E-7i
98.00000000000001,100,3.0000000000000004,1.4359356323441679E-6-3.435041802387482E-11i,0.007179678161721084-1.7175209011937997E-7i
100,98,3,1.4359356323441679E-6-3.435041802387482E-11i,0.0071796781617210845-1.7175209011937995E-7i
96.93936817631909,98.17808181421114,3,1.4359356323441679E-6-3.435041802387482E-11i,0.007179678161721084-1.7175209011937997E-7i
96.90451756389285,98.10008098986734,2.4999999999999907,1.4359356323441668E-6-3.435041802387482E-11i,0.007179678161721083-1.7175209011937997E-7i
98.56515010222918,96.97817029597357,3,1.4359356323441674E-6-3.435041802387482E-11i,0.007179678161721086-1.7175209011937995E-7i
96.00000000000003,100.00000000000003,3.000000000000001,1.4359356323441679E-6-3.435041802387482E-11i,0.007179678161721084-1.7175209011937995E-7i
100,94,3,1.4359356323441679E-6-3.435041802387482E-11i,0.007179678161721084-1.7175209011937995E-7i
98.31281317650064,94.99148047764277,3,1.4359356323441679E-6-3.435041802387482E-11i,0.0071796781617210845-1.7175209011937997E-7i
100,96,3.0000000000000004,1.4359356323441679E-6-3.435041802387482E-11i,0.007179678161721084-1.7175209011937995E-7i
94.83328544944212,98.2783505742041,3,1.4359356323441672E-6-3.435041802387482E-11i,0.007179678161721085-1.7175209011937992E-7i
95.38039772232159,96.82687349512481,3,1.4359356323441679E-6-3.435041802387482E-11i,0.007179678161721084-1.7175209011937997E-7i
96.78599041098335,95.94700464539068,3,1.4359356323441679E-6-3.435041802387482E-11i,0.007179678161721085-1.7175209011938E-7i
100,90,3,1.4359356323441679E-6-3.435041802387482E-11i,0.007179678161721084-1.7175209011937995E-7i
100.00000000000003,88.00000000000001,3.000000000000001,1.4359356323441679E-6-3.435041802387482E-11i,0.0071796781617210845-1.7175209011937997E-7i
99.30717967697245,90,2.4999999999999964,1.4359356323441677E-6-3.435041802387482E-11i,0.007179678161721085-1.7175209011937997E-7i
92.96086024064252,98.96904113222271,2.4999999999999964,1.4359356323441674E-6-3.435041802387482E-11i,0.007179678161721086-1.7175209011937995E-7i
92.97101575375717,98.29890589447912,3,1.4359356323441677E-6-3.435041802387482E-11i,0.007179678161721085-1.7175209011937997E-7i
93.99999999999997,100,2.9999999999999996,1.4359356323441679E-6-3.435041802387482E-11i,0.007179678161721084-1.7175209011937995E-7i
92,99.99999999999999,2.9999999999999996,1.4359356323441679E-6-3.435041802387482E-11i,0.007179678161721084-1.7175209011937997E-7i
91,98.26794919243113,3,1.4359356323441674E-6-3.435041802387482E-11i,0.007179678161721086-1.7175209011937995E-7i
100,92,2.9999999999999996,1.4359356323441679E-6-3.435041802387482E-11i,0.007179678161721084-1.7175209011937997E-7i
98.26794919243113,91,3,1.4359356323441679E-6-3.435041802387482E-11i,0.007179678161721085-1.7175209011938E-7i
98.26794919243113,93,3,1.4359356323441674E-6-3.435041802387482E-11i,0.007179678161721086-1.7175209011937995E-7i
98.26794919243113,89,3,1.4359356323441677E-6-3.435041802387482E-11i,0.007179678161721085-1.7175209011937997E-7i
98.2679491924311,87,3,1.4359356323441679E-6-3.435041802387482E-11i,0.007179678161721084-1.7175209011937995E-7i
98.2679491924311,87.00000000000001,2.500000000000016,1.435935632344167E-6-3.435041802387482E-11i,0.007179678161721084-1.7175209011937992E-7i
100,86,2.9999999999999996,1.4359356323441679E-6-3.435041802387482E-11i,0.007179678161721084-1.7175209011937997E-7i
98.26794919243112,85,3,1.4359356323441677E-6-3.435041802387482E-11i,0.007179678161721085-1.7175209011937997E-7i
96.53589838486224,88.00000000000003,3,1.4359356323441679E-6-3.435041802387482E-11i,0.0071796781617210845-1.7175209011937997E-7i
96.53589838486224,85.99999999999999,3,1.4359356323441677E-6-3.435041802387482E-11i,0.007179678161721085-1.7175209011937997E-7i
92.80123331357633,96.70575649423472,2.4998206089065205,1.4359356323441679E-6-3.435041802387482E-11i,0.007179678161721085-1.7175209011938E-7i
93.8117966017956,96.73862268919814,3,1.4359356323441679E-6-3.435041802387482E-11i,0.007179678161721084-1.7175209011937997E-7i
91.80813421395587,96.67210157612892,3,1.4359356323441679E-6-3.435041802387482E-11i,0.007179678161721085-1.7175209011938E-7i
92.69207394534754,94.84700807113737,3,1.4359356323441679E-6-3.435041802387482E-11i,0.0071796781617210845-1.7175209011937997E-7i
96.66899757975006,93.95680301142424,3,1.4359356323441672E-6-3.435041802387482E-11i,0.007179678161721086-1.7175209011937992E-7i
94.35141720342317,92.87911682011072,2.500000000000006,1.4359356323441677E-6-3.435041802387482E-11i,0.007179678161721085-1.7175209011937997E-7i
94.98929347886757,92.94599914718415,3,1.4359356323441679E-6-3.435041802387482E-11i,0.007179678161721085-1.7175209011938E-7i
94.83528072892892,94.97514427168126,3,1.4359356323441672E-6-3.435041802387482E-11i,0.007179678161721086-1.7175209011937992E-7i
93.54132372799448,93.49933827066704,3,1.435935632344168E-6-3.435041802387482E-11i,0.0071796781617210845-1.7175209011938E-7i
93.47996082564973,91.92882006586329,3,1.4359356323441674E-6-3.435041802387482E-11i,0.007179678161721086-1.7175209011937995E-7i
94.9112272551802,91.0462823447102,3,1.4359356323441674E-6-3.435041802387482E-11i,0.007179678161721086-1.7175209011937995E-7i
90.8961451494604,94.82645802448084,3,1.4359356323441677E-6-3.435041802387482E-11i,0.007179678161721085-1.7175209011937997E-7i
89.9785020760317,96.63350444939249,3,1.4359356323441674E-6-3.435041802387482E-11i,0.007179678161721086-1.7175209011937995E-7i
87.99999999999999,100,3,1.4359356323441679E-6-3.435041802387482E-11i,0.007179678161721084-1.7175209011937995E-7i
87,98.26794919243112,3,1.4359356323441672E-6-3.435041802387482E-11i,0.007179678161721085-1.7175209011937992E-7i
86,100.00000000000001,3,1.4359356323441679E-6-3.435041802387482E-11i,0.007179678161721084-1.7175209011937995E-7i
85.5,99.13397459621557,2.4999999999999982,1.4359356323441679E-6-3.435041802387482E-11i,0.007179678161721085-1.7175209011938E-7i
85,98.26794919243112,3,1.4359356323441679E-6-3.435041802387482E-11i,0.007179678161721085-1.7175209011938E-7i
84,100.00000000000001,3.0000000000000004,1.4359356323441679E-6-3.435041802387482E-11i,0.007179678161721085-1.7175209011938E-7i
96.60468860175362,91.99987354830954,3,1.4359356323441679E-6-3.435041802387482E-11i,0.007179678161721085-1.7175209011938E-7i
97.4019237886467,79.5,2.4999999999999973,1.4359356323441679E-6-3.435041802387482E-11i,0.007179678161721085-1.7175209011938E-7i
98.26794919243113,79,3,1.4359356323441672E-6-3.435041802387482E-11i,0.007179678161721086-1.7175209011937992E-7i
96.53589838486225,79.99999999999999,3,1.4359356323441679E-6-3.435041802387482E-11i,0.007179678161721084-1.7175209011937997E-7i
96.53589838486224,78.00000000000001,3,1.4359356323441677E-6-3.435041802387482E-11i,0.007179678161721085-1.7175209011937997E-7i
98.2679491924311,81,3,1.4359356323441677E-6-3.435041802387482E-11i,0.007179678161721085-1.7175209011937997E-7i
100.00000000000003,84.00000000000003,3.000000000000001,1.4359356323441679E-6-3.435041802387482E-11i,0.007179678161721084-1.7175209011937997E-7i
98.2679491924311,83.00000000000001,3,1.4359356323441679E-6-3.435041802387482E-11i,0.007179678161721084-1.7175209011937995E-7i
96.53589838486224,82,3,1.4359356323441679E-6-3.435041802387482E-11i,0.0071796781617210845-1.7175209011937997E-7i
96.53589838486224,84.00000000000001,3,1.4359356323441677E-6-3.435041802387482E-11i,0.007179678161721085-1.7175209011937997E-7i
100,82,3.0000000000000004,1.4359356323441679E-6-3.435041802387482E-11i,0.007179678161721084-1.7175209011937997E-7i
95.66987298107777,85.49999999999999,2.500000000000005,1.4359356323441679E-6-3.435041802387482E-11i,0.007179678161721085-1.7175209011938E-7i
94.80384757729337,84.99999999999999,3,1.4359356323441677E-6-3.435041802387482E-11i,0.007179678161721085-1.7175209011937997E-7i
94.80384757729334,87,3,1.4359356323441672E-6-3.435041802387482E-11i,0.007179678161721086-1.7175209011937992E-7i
84.53488556897648,97.99941525047574,2.500000000000008,1.4359356323441679E-6-3.435041802387482E-11i,0.007179678161721085-1.7175209011938E-7i
83,98.2679491924311,3,1.4359356323441679E-6-3.435041802387482E-11i,0.007179678161721085-1.7175209011938E-7i
84,96.53589838486224,3,1.4359356323441677E-6-3.435041802387482E-11i,0.007179678161721085-1.7175209011937997E-7i
82,100,3,1.4359356323441679E-6-3.435041802387482E-11i,0.007179678161721084-1.7175209011937995E-7i
88.99999999999999,98.2679491924311,3,1.4359356323441679E-6-3.435041802387482E-11i,0.007179678161721084-1.7175209011937997E-7i
90,100,3,1.4359356323441679E-6-3.435041802387482E-11i,0.007179678161721084-1.7175209011937997E-7i
96.53589838486225,90,3,1.4359356323441679E-6-3.435041802387482E-11i,0.007179678161721084-1.7175209011937995E-7i
94.80384757729338,89.00000000000003,3,1.4359356323441679E-6-3.435041802387482E-11i,0.007179678161721085-1.7175209011938E-7i
93.07179676972447,88.00000000000006,3,1.4359356323441679E-6-3.435041802387482E-11i,0.007179678161721085-1.7175209011938E-7i
94.80384757729334,83.00000000000003,3,1.4359356323441677E-6-3.435041802387482E-11i,0.007179678161721085-1.7175209011937997E-7i
93.07179676972447,85.99999999999997,3,1.4359356323441674E-6-3.435041802387482E-11i,0.007179678161721086-1.7175209011937995E-7i
91.5500075873863,89.03944126964947,3,1.4359356323441679E-6-3.435041802387482E-11i,0.007179678161721084-1.7175209011937995E-7i
91.58568880733905,89.04130370197909,2.5000000000000013,1.435935632344167E-6-3.435041802387482E-11i,0.007179678161721084-1.7175209011937992E-7i
91.4486331539607,87.08443831634867,3,1.4359356323441679E-6-3.435041802387482E-11i,0.007179678161721085-1.7175209011938E-7i
93.259213550142,90.03541218034712,3,1.4359356323441679E-6-3.435041802387482E-11i,0.0071796781617210845-1.7175209011937997E-7i
91.7731449961183,90.9530282623256,3,1.4359356323441679E-6-3.435041802387482E-11i,0.0071796781617210845-1.7175209011937997E-7i
89.85589231864978,88.11130303079253,3,1.4359356323441679E-6-3.435041802387482E-11i,0.007179678161721085-1.7175209011938E-7i
90.14113327531129,90.06550285464166,3,1.4359356323441679E-6-3.435041802387482E-11i,0.0071796781617210845-1.7175209011937997E-7i
87.44308073237003,93.94198621468739,2.4999999999999942,1.4359356323441679E-6-3.435041802387482E-11i,0.007179678161721085-1.7175209011938E-7i
87,94.80384757729337,3,1.4359356323441679E-6-3.435041802387482E-11i,0.007179678161721085-1.7175209011938E-7i
87.86236655648872,93.08015397004469,3,1.4359356323441674E-6-3.435041802387482E-11i,0.007179678161721086-1.7175209011937995E-7i
88.90995637346738,94.81214654167837,3,1.4359356323441679E-6-3.435041802387482E-11i,0.0071796781617210845-1.7175209011937997E-7i
86,93.0717967697245,3,1.4359356323441679E-6-3.435041802387482E-11i,0.007179678161721085-1.7175209011938E-7i
91.81546493060469,92.95634479448995,3,1.4359356323441674E-6-3.435041802387482E-11i,0.007179678161721086-1.7175209011937995E-7i
90.42586698088428,91.6487487765569,3,1.435935632344168E-6-3.435041802387482E-11i,0.0071796781617210845-1.7175209011938E-7i
88.85802371346996,91.4655431362595,3,1.4359356323441679E-6-3.435041802387482E-11i,0.0071796781617210845-1.7175209011937997E-7i
89.77839581476763,93.10233244745314,3,1.4359356323441679E-6-3.435041802387482E-11i,0.007179678161721085-1.7175209011938E-7i
87.99999999999999,96.53589838486224,3,1.4359356323441679E-6-3.435041802387482E-11i,0.007179678161721085-1.7175209011938E-7i
86,96.53589838486224,3,1.4359356323441679E-6-3.435041802387482E-11i,0.0071796781617210845-1.7175209011937997E-7i
85,94.80384757729337,3,1.4359356323441679E-6-3.435041802387482E-11i,0.007179678161721084-1.7175209011937997E-7i
87.01259082080762,91.23000529375481,3,1.4359356323441679E-6-3.435041802387482E-11i,0.007179678161721085-1.7175209011938E-7i
84.00000000000003,93.07179676972447,3,1.4359356323441679E-6-3.435041802387482E-11i,0.0071796781617210845-1.7175209011937997E-7i
84.99041442048667,91.33355992608003,3,1.4359356323441674E-6-3.435041802387482E-11i,0.007179678161721086-1.7175209011937995E-7i
100,80,3,1.4359356323441679E-6-3.435041802387482E-11i,0.007179678161721084-1.7175209011937995E-7i
100,78,3,1.4359356323441679E-6-3.435041802387482E-11i,0.007179678161721084-1.7175209011937995E-7i
100,76,3.0000000000000004,1.4359356323441679E-6-3.435041802387482E-11i,0.007179678161721084-1.7175209011937995E-7i
98.2679491924311,77,3,1.4359356323441677E-6-3.435041802387482E-11i,0.007179678161721085-1.7175209011937997E-7i
98.2679491924311,75,3,1.4359356323441679E-6-3.435041802387482E-11i,0.007179678161721084-1.7175209011937995E-7i
98.26794919243112,75,2.500000000000013,1.435935632344167E-6-3.435041802387482E-11i,0.007179678161721084-1.7175209011937992E-7i
100,74,3,1.4359356323441679E-6-3.435041802387482E-11i,0.007179678161721084-1.7175209011937997E-7i
98.2679491924311,73,3,1.4359356323441677E-6-3.435041802387482E-11i,0.007179678161721085-1.7175209011937997E-7i
96.53589838486224,74,3,1.4359356323441679E-6-3.435041802387482E-11i,0.0071796781617210845-1.7175209011937997E-7i
96.53589838486224,76,3,1.4359356323441679E-6-3.435041802387482E-11i,0.007179678161721085-1.7175209011938E-7i
80.99999999999999,98.26794919243112,3,1.4359356323441672E-6-3.435041802387482E-11i,0.007179678161721086-1.7175209011937992E-7i
79.99999999999999,100,3,1.4359356323441679E-6-3.435041802387482E-11i,0.007179678161721084-1.7175209011937995E-7i
78.00000000000003,98.26794919243112,2.500000000000006,1.4359356323441679E-6-3.435041802387482E-11i,0.007179678161721085-1.7175209011938E-7i
76.99999999999999,98.2679491924311,3,1.4359356323441674E-6-3.435041802387482E-11i,0.007179678161721086-1.7175209011937995E-7i
78,96.53589838486224,3,1.435935632344167E-6-3.435041802387482E-11i,0.0071796781617210845-1.7175209011937992E-7i
79,98.26794919243112,3,1.4359356323441679E-6-3.435041802387482E-11i,0.007179678161721085-1.7175209011938E-7i
78,99.99999999999999,3,1.4359356323441679E-6-3.435041802387482E-11i,0.007179678161721084-1.7175209011937997E-7i
75.49999999999997,99.13397459621557,2.499999999999984,1.4359356323441679E-6-3.435041802387482E-11i,0.007179678161721085-1.7175209011938E-7i
75.99999999999999,100,3,1.4359356323441679E-6-3.435041802387482E-11i,0.007179678161721084-1.7175209011937995E-7i
73.99999999999999,100,3,1.4359356323441679E-6-3.435041802387482E-11i,0.0071796781617210845-1.7175209011937997E-7i
94.80384757729337,77,3,1.4359356323441672E-6-3.435041802387482E-11i,0.007179678161721086-1.7175209011937992E-7i
98.2679491924311,71,3,1.4359356323441679E-6-3.435041802387482E-11i,0.007179678161721085-1.7175209011938E-7i
100,72,2.9999999999999996,1.4359356323441679E-6-3.435041802387482E-11i,0.007179678161721084-1.7175209011937995E-7i
96.53589838486224,72,3,1.4359356323441674E-6-3.435041802387482E-11i,0.007179678161721086-1.7175209011937995E-7i
100,70,3,1.4359356323441679E-6-3.435041802387482E-11i,0.007179678161721084-1.7175209011937995E-7i
89.6685989589063,86.05624320395702,3,1.4359356323441679E-6-3.435041802387482E-11i,0.007179678161721084-1.7175209011937995E-7i
89.6940563786378,86.05180198402572,2.500000000000001,1.435935632344167E-6-3.435041802387482E-11i,0.007179678161721084-1.7175209011937992E-7i
91.33974596215563,84.99999999999997,3,1.4359356323441674E-6-3.435041802387482E-11i,0.007179678161721086-1.7175209011937995E-7i
89.60769515458674,84.00000000000003,3,1.4359356323441679E-6-3.435041802387482E-11i,0.007179678161721085-1.7175209011938E-7i
88.03821085625259,87.03279900344478,3,1.4359356323441679E-6-3.435041802387482E-11i,0.007179678161721085-1.7175209011938E-7i
87.89961824595731,85.0778303336194,3,1.4359356323441679E-6-3.435041802387482E-11i,0.007179678161721085-1.7175209011938E-7i
89.6076951545867,81.99999999999996,3,1.4359356323441679E-6-3.435041802387482E-11i,0.007179678161721084-1.7175209011937995E-7i
89.61787872643072,82.00948757724716,2.4999999999999893,1.435935632344167E-6-3.435041802387482E-11i,0.007179678161721084-1.7175209011937992E-7i
91.33974596215558,83.00000000000003,3,1.4359356323441674E-6-3.435041802387482E-11i,0.007179678161721086-1.7175209011937995E-7i
91.3397459621556,80.99999999999994,3,1.4359356323441674E-6-3.435041802387482E-11i,0.007179678161721086-1.7175209011937995E-7i
87.94692934992963,83.06641304073531,3,1.4359356323441674E-6-3.435041802387482E-11i,0.007179678161721086-1.7175209011937995E-7i
89.60769515458675,79.99999999999996,3,1.4359356323441679E-6-3.435041802387482E-11i,0.0071796781617210845-1.7175209011937997E-7i
87.87564434701784,80.99999999999991,3,1.4359356323441677E-6-3.435041802387482E-11i,0.007179678161721085-1.7175209011937997E-7i
94.80384757729337,79,3,1.4359356323441679E-6-3.435041802387482E-11i,0.007179678161721084-1.7175209011937997E-7i
93.0717967697245,78.00000000000001,3,1.4359356323441674E-6-3.435041802387482E-11i,0.007179678161721086-1.7175209011937995E-7i
93.0717967697245,79.99999999999997,3,1.4359356323441679E-6-3.435041802387482E-11i,0.007179678161721085-1.7175209011938E-7i
94.80384757729337,80.99999999999997,3,1.4359356323441679E-6-3.435041802387482E-11i,0.007179678161721085-1.7175209011938E-7i
93.07179676972447,82,3,1.4359356323441679E-6-3.435041802387482E-11i,0.007179678161721085-1.7175209011938E-7i
93.0717967697245,84.00000000000003,3,1.4359356323441679E-6-3.435041802387482E-11i,0.007179678161721084-1.7175209011937995E-7i
83,94.80384757729334,3,1.4359356323441672E-6-3.435041802387482E-11i,0.007179678161721086-1.7175209011937992E-7i
77.99999999999999,94.80384757729337,2.4999999999999787,1.4359356323441679E-6-3.435041802387482E-11i,0.007179678161721085-1.7175209011938E-7i
76.99999999999997,94.80384757729334,3,1.4359356323441679E-6-3.435041802387482E-11i,0.007179678161721084-1.7175209011937997E-7i
79.00000000000001,94.80384757729337,3,1.4359356323441679E-6-3.435041802387482E-11i,0.007179678161721085-1.7175209011938E-7i
74.99999999999999,98.26794919243112,3,1.4359356323441672E-6-3.435041802387482E-11i,0.007179678161721086-1.7175209011937992E-7i
72,99.30717967697245,2.5000000000000044,1.4359356323441674E-6-3.435041802387482E-11i,0.007179678161721086-1.7175209011937995E-7i
72,100,3,1.4359356323441679E-6-3.435041802387482E-11i,0.007179678161721084-1.7175209011937995E-7i
73,98.26794919243112,3,1.4359356323441677E-6-3.435041802387482E-11i,0.007179678161721085-1.7175209011937997E-7i
78,93.07179676972447,3,1.4359356323441677E-6-3.435041802387482E-11i,0.007179678161721085-1.7175209011937997E-7i
80,96.53589838486224,3,1.4359356323441679E-6-3.435041802387482E-11i,0.0071796781617210845-1.7175209011937997E-7i
81.99999999999999,96.53589838486224,3,1.4359356323441679E-6-3.435041802387482E-11i,0.0071796781617210845-1.7175209011937997E-7i
80.99999999999997,94.80384757729334,3,1.4359356323441679E-6-3.435041802387482E-11i,0.007179678161721085-1.7175209011938E-7i
83.00000000000001,91.33974596215559,3,1.4359356323441672E-6-3.435041802387482E-11i,0.007179678161721086-1.7175209011937992E-7i
81.99999999999999,93.07179676972447,3,1.4359356323441679E-6-3.435041802387482E-11i,0.007179678161721085-1.7175209011938E-7i
88.20069447288756,89.26850987708181,3,1.435935632344168E-6-3.435041802387482E-11i,0.0071796781617210845-1.7175209011938E-7i
86.5862070602218,87.98608632507288,3,1.4359356323441679E-6-3.435041802387482E-11i,0.007179678161721084-1.7175209011937997E-7i
86.00807575017512,89.6190015194183,3,1.4359356323441679E-6-3.435041802387482E-11i,0.0071796781617210845-1.7175209011937997E-7i
86.04417263472274,86.16075839048627,3,1.4359356323441674E-6-3.435041802387482E-11i,0.007179678161721086-1.7175209011937995E-7i
83.84098399103385,86.1103091862757,3,1.4359356323441679E-6-3.435041802387482E-11i,0.007179678161721085-1.7175209011938E-7i
84.90070133408805,87.92084404010586,3,1.4359356323441677E-6-3.435041802387482E-11i,0.007179678161721085-1.7175209011937997E-7i
83.98102005007769,89.58642339808202,3,1.4359356323441679E-6-3.435041802387482E-11i,0.007179678161721085-1.7175209011938E-7i
84.73913581300619,84.65316749553963,3,1.4359356323441677E-6-3.435041802387482E-11i,0.007179678161721085-1.7175209011937997E-7i
86.2108201120082,82.04900311277092,3,1.4359356323441679E-6-3.435041802387482E-11i,0.007179678161721084-1.7175209011937995E-7i
86.22688998729254,82.0190311530116,2.5000000000000067,1.435935632344167E-6-3.435041802387482E-11i,0.007179678161721084-1.7175209011937992E-7i
86.14359353944901,79.99999999999991,3,1.4359356323441679E-6-3.435041802387482E-11i,0.007179678161721085-1.7175209011938E-7i
84.50156425382127,81.00637405221653,3,1.4359356323441679E-6-3.435041802387482E-11i,0.007179678161721085-1.7175209011938E-7i
86.27044887265666,84.04183341840533,3,1.4359356323441679E-6-3.435041802387482E-11i,0.0071796781617210845-1.7175209011937997E-7i
84.63922943616902,82.9695944469592,3,1.4359356323441677E-6-3.435041802387482E-11i,0.007179678161721085-1.7175209011937997E-7i
82.8826844428695,87.88513454714194,3,1.4359356323441677E-6-3.435041802387482E-11i,0.007179678161721085-1.7175209011937997E-7i
81.99999999999997,89.60769515458671,3,1.4359356323441674E-6-3.435041802387482E-11i,0.007179678161721086-1.7175209011937995E-7i
80.4174835716886,85.2542252052298,2.500713434382737,1.4359356323441679E-6-3.435041802387482E-11i,0.007179678161721085-1.7175209011938E-7i
79.95681236711232,86.11682210675778,3,1.4359356323441672E-6-3.435041802387482E-11i,0.007179678161721086-1.7175209011937992E-7i
80.8844789195576,84.37909912504554,3,1.4359356323441672E-6-3.435041802387482E-11i,0.007179678161721086-1.7175209011937992E-7i
81.94774282767358,86.06552168914811,3,1.4359356323441679E-6-3.435041802387482E-11i,0.007179678161721085-1.7175209011938E-7i
78.96202173406914,84.40575682346706,3,1.4359356323441679E-6-3.435041802387482E-11i,0.0071796781617210845-1.7175209011937997E-7i
80.99999999999994,87.87564434701785,3,1.4359356323441679E-6-3.435041802387482E-11i,0.007179678161721085-1.7175209011938E-7i
91.33974596215563,79,3,1.4359356323441679E-6-3.435041802387482E-11i,0.007179678161721084-1.7175209011937997E-7i
94.80384757729337,75,3,1.4359356323441677E-6-3.435041802387482E-11i,0.007179678161721085-1.7175209011937997E-7i
94.80384757729337,73,3,1.4359356323441679E-6-3.435041802387482E-11i,0.007179678161721084-1.7175209011937997E-7i
94.80384757729337,70.99999999999999,3,1.4359356323441677E-6-3.435041802387482E-11i,0.007179678161721085-1.7175209011937997E-7i
91.3397459621556,77,3,1.4359356323441679E-6-3.435041802387482E-11i,0.007179678161721085-1.7175209011938E-7i
93.07179676972447,75.99999999999999,3,1.4359356323441679E-6-3.435041802387482E-11i,0.0071796781617210845-1.7175209011937997E-7i
91.3397459621556,74.99999999999999,3,1.4359356323441677E-6-3.435041802387482E-11i,0.007179678161721085-1.7175209011937997E-7i
93.0717967697245,74,3,1.4359356323441679E-6-3.435041802387482E-11i,0.0071796781617210845-1.7175209011937997E-7i
93.07179676972447,72,3,1.4359356323441672E-6-3.435041802387482E-11i,0.007179678161721086-1.7175209011937992E-7i
91.3397459621556,73,3,1.4359356323441679E-6-3.435041802387482E-11i,0.007179678161721085-1.7175209011938E-7i
66.00000000000001,99.30717967697245,2.4999999999999942,1.4359356323441674E-6-3.435041802387482E-11i,0.007179678161721086-1.7175209011937995E-7i
66,100,3,1.4359356323441679E-6-3.435041802387482E-11i,0.007179678161721084-1.7175209011937995E-7i
63.99999999999999,100,3,1.4359356323441679E-6-3.435041802387482E-11i,0.007179678161721084-1.7175209011937997E-7i
65,98.2679491924311,3,1.4359356323441674E-6-3.435041802387482E-11i,0.007179678161721086-1.7175209011937995E-7i
67,98.26794919243112,3,1.4359356323441677E-6-3.435041802387482E-11i,0.007179678161721085-1.7175209011937997E-7i
68,100,2.9999999999999996,1.4359356323441679E-6-3.435041802387482E-11i,0.0071796781617210845-1.7175209011937997E-7i
70,100,3,1.4359356323441679E-6-3.435041802387482E-11i,0.007179678161721084-1.7175209011937995E-7i
71,98.26794919243113,3,1.4359356323441677E-6-3.435041802387482E-11i,0.007179678161721085-1.7175209011937997E-7i
72.99999999999999,94.80384757729337,3,1.4359356323441679E-6-3.435041802387482E-11i,0.007179678161721084-1.7175209011937995E-7i
73,94.8038475772934,2.5000000000000093,1.435935632344167E-6-3.435041802387482E-11i,0.007179678161721084-1.7175209011937992E-7i
73.99999999999999,96.53589838486224,3,1.4359356323441679E-6-3.435041802387482E-11i,0.0071796781617210845-1.7175209011937997E-7i
74.99999999999997,94.80384757729337,3,1.4359356323441679E-6-3.435041802387482E-11i,0.0071796781617210845-1.7175209011937997E-7i
72,96.53589838486224,3,1.4359356323441679E-6-3.435041802387482E-11i,0.0071796781617210845-1.7175209011937997E-7i
69,98.26794919243113,3,1.4359356323441679E-6-3.435041802387482E-11i,0.007179678161721085-1.7175209011938E-7i
75.99999999999996,93.07179676972447,3,1.4359356323441679E-6-3.435041802387482E-11i,0.0071796781617210845-1.7175209011937997E-7i
75.99999999999997,96.53589838486224,3,1.4359356323441679E-6-3.435041802387482E-11i,0.007179678161721085-1.7175209011938E-7i
70.99999999999999,94.80384757729337,3,1.4359356323441674E-6-3.435041802387482E-11i,0.007179678161721086-1.7175209011937995E-7i
51.500000000000014,99.13397459621555,2.5000000000000027,1.4359356323441679E-6-3.435041802387482E-11i,0.007179678161721085-1.7175209011938E-7i
51.99999999999999,100.00000000000001,3.0000000000000004,1.4359356323441679E-6-3.435041802387482E-11i,0.007179678161721084-1.7175209011937995E-7i
49.99999999999999,100,3,1.4359356323441679E-6-3.435041802387482E-11i,0.007179678161721084-1.7175209011937995E-7i
97.40192378864668,68.49999999999999,2.5000000000000213,1.4359356323441679E-6-3.435041802387482E-11i,0.007179678161721085-1.7175209011938E-7i
96.53589838486224,68,3,1.4359356323441672E-6-3.435041802387482E-11i,0.007179678161721086-1.7175209011937992E-7i
98.26794919243112,67,3,1.4359356323441674E-6-3.435041802387482E-11i,0.007179678161721086-1.7175209011937995E-7i
98.2679491924311,69,3,1.4359356323441679E-6-3.435041802387482E-11i,0.0071796781617210845-1.7175209011937997E-7i
96.53589838486224,70,3,1.4359356323441679E-6-3.435041802387482E-11i,0.007179678161721084-1.7175209011937997E-7i
98.26794919243109,62.00000000000001,2.5000000000000147,1.4359356323441679E-6-3.435041802387482E-11i,0.007179678161721085-1.7175209011938E-7i
98.2679491924311,61.00000000000001,3,1.4359356323441679E-6-3.435041802387482E-11i,0.007179678161721085-1.7175209011938E-7i
100,62.000000000000014,3.0000000000000004,1.4359356323441679E-6-3.435041802387482E-11i,0.007179678161721084-1.7175209011937997E-7i
98.26794919243112,63.000000000000014,3,1.4359356323441679E-6-3.435041802387482E-11i,0.007179678161721085-1.7175209011938E-7i
96.53589838486224,62.000000000000014,3,1.4359356323441677E-6-3.435041802387482E-11i,0.007179678161721085-1.7175209011937997E-7i
100.00000000000003,68.00000000000001,3.000000000000001,1.4359356323441679E-6-3.435041802387482E-11i,0.007179678161721084-1.7175209011937995E-7i
100.00000000000003,64.00000000000001,3.000000000000001,1.4359356323441679E-6-3.435041802387482E-11i,0.007179678161721084-1.7175209011937995E-7i
98.26794919243113,65,3,1.4359356323441679E-6-3.435041802387482E-11i,0.0071796781617210845-1.7175209011937997E-7i
100,66,2.9999999999999996,1.4359356323441679E-6-3.435041802387482E-11i,0.007179678161721084-1.7175209011937995E-7i
90.47372055837117,73.50000000000003,2.5000000000000204,1.4359356323441679E-6-3.435041802387482E-11i,0.007179678161721085-1.7175209011938E-7i
89.60769515458674,74,3,1.4359356323441679E-6-3.435041802387482E-11i,0.007179678161721084-1.7175209011937997E-7i
94.80384757729337,69,3,1.4359356323441679E-6-3.435041802387482E-11i,0.007179678161721084-1.7175209011937997E-7i
93.0717967697245,70,3,1.4359356323441677E-6-3.435041802387482E-11i,0.007179678161721085-1.7175209011937997E-7i
94.80384757729337,67,3,1.4359356323441679E-6-3.435041802387482E-11i,0.007179678161721084-1.7175209011937997E-7i
93.07179676972447,68,3,1.4359356323441679E-6-3.435041802387482E-11i,0.0071796781617210845-1.7175209011937997E-7i
94.80384757729337,65,3,1.4359356323441677E-6-3.435041802387482E-11i,0.007179678161721085-1.7175209011937997E-7i
93.0717967697245,65.99999999999999,3,1.4359356323441679E-6-3.435041802387482E-11i,0.007179678161721085-1.7175209011938E-7i
96.53589838486224,66,3,1.4359356323441674E-6-3.435041802387482E-11i,0.007179678161721086-1.7175209011937995E-7i
91.3397459621556,69.00000000000001,3,1.4359356323441679E-6-3.435041802387482E-11i,0.007179678161721084-1.7175209011937997E-7i
91.3397459621556,66.99999999999999,3,1.4359356323441679E-6-3.435041802387482E-11i,0.0071796781617210845-1.7175209011937997E-7i
91.3397459621556,71,3,1.4359356323441677E-6-3.435041802387482E-11i,0.007179678161721085-1.7175209011937997E-7i
99.04408413901686,59.39782865520439,2.5206439271963967,1.4359356323441677E-6-3.435041802387482E-11i,0.007179678161721085-1.7175209011937997E-7i
98.26794919243113,59,3,1.4359356323441674E-6-3.435041802387482E-11i,0.007179678161721086-1.7175209011937995E-7i
100,60,3,1.4359356323441679E-6-3.435041802387482E-11i,0.007179678161721084-1.7175209011937995E-7i
100,58.00000000000001,3,1.4359356323441679E-6-3.435041802387482E-11i,0.007179678161721084-1.7175209011937997E-7i
98.32631189581501,57.10386494530572,2.4954414371697364,1.435935632344167E-6-3.435041802387482E-11i,0.0071796781617210845-1.7175209011937992E-7i
98.26794919243112,57,3,1.4359356323441679E-6-3.435041802387482E-11i,0.007179678161721084-1.7175209011937995E-7i
100,56,3.0000000000000004,1.4359356323441679E-6-3.435041802387482E-11i,0.007179678161721084-1.7175209011937995E-7i
89.60769515458674,72,3,1.4359356323441672E-6-3.435041802387482E-11i,0.007179678161721085-1.7175209011937992E-7i
82.76465554221366,77.98776445259665,3,1.4359356323441679E-6-3.435041802387482E-11i,0.0071796781617210845-1.7175209011937997E-7i
84.41154273188016,79,3,1.4359356323441679E-6-3.435041802387482E-11i,0.0071796781617210845-1.7175209011937997E-7i
84.41154273188008,77.00000000000006,3,1.4359356323441679E-6-3.435041802387482E-11i,0.007179678161721085-1.7175209011938E-7i
82.75322443885581,79.95771505833926,3,1.4359356323441674E-6-3.435041802387482E-11i,0.007179678161721086-1.7175209011937995E-7i
87.87564434701788,79,3,1.4359356323441679E-6-3.435041802387482E-11i,0.0071796781617210845-1.7175209011937997E-7i
89.60769515458674,78.00000000000001,3,1.4359356323441677E-6-3.435041802387482E-11i,0.007179678161721085-1.7175209011937997E-7i
86.143593539449,78.00000000000004,3,1.4359356323441679E-6-3.435041802387482E-11i,0.007179678161721085-1.7175209011938E-7i
82.94132223029793,84.15750275835245,3,1.435935632344168E-6-3.435041802387482E-11i,0.0071796781617210845-1.7175209011938E-7i
87.87564434701784,77.00000000000001,3,1.4359356323441679E-6-3.435041802387482E-11i,0.007179678161721085-1.7175209011938E-7i
86.14359353944894,75.99999999999997,3,1.4359356323441677E-6-3.435041802387482E-11i,0.007179678161721085-1.7175209011937997E-7i
89.60769515458671,75.99999999999999,3,1.4359356323441679E-6-3.435041802387482E-11i,0.007179678161721085-1.7175209011938E-7i
87.87564434701784,74.99999999999997,3,1.4359356323441672E-6-3.435041802387482E-11i,0.007179678161721086-1.7175209011937992E-7i
82.67949192431115,75.99999999999999,3,1.4359356323441672E-6-3.435041802387482E-11i,0.007179678161721086-1.7175209011937992E-7i
80.99999999999997,91.3397459621556,3,1.4359356323441679E-6-3.435041802387482E-11i,0.007179678161721084-1.7175209011937995E-7i
79.00000000000001,91.3397459621556,3,1.4359356323441679E-6-3.435041802387482E-11i,0.007179678161721084-1.7175209011937997E-7i
79.99999999999999,93.0717967697245,3,1.4359356323441679E-6-3.435041802387482E-11i,0.007179678161721085-1.7175209011938E-7i
80,89.60769515458674,3,1.4359356323441679E-6-3.435041802387482E-11i,0.0071796781617210845-1.7175209011937997E-7i
79.00000000000004,87.87564434701784,3,1.4359356323441679E-6-3.435041802387482E-11i,0.007179678161721084-1.7175209011937997E-7i
78.00000000000001,89.6076951545867,3,1.4359356323441679E-6-3.435041802387482E-11i,0.007179678161721085-1.7175209011938E-7i
76.99999999999997,91.33974596215558,3,1.4359356323441672E-6-3.435041802387482E-11i,0.007179678161721086-1.7175209011937992E-7i
70,96.53589838486225,3,1.4359356323441679E-6-3.435041802387482E-11i,0.007179678161721085-1.7175209011938E-7i
73.99999999999997,93.0717967697245,3,1.4359356323441672E-6-3.435041802387482E-11i,0.007179678161721086-1.7175209011937992E-7i
71.99999999999997,93.0717967697245,3,1.4359356323441677E-6-3.435041802387482E-11i,0.007179678161721085-1.7175209011937997E-7i
74.99999999999994,91.3397459621556,3,1.4359356323441679E-6-3.435041802387482E-11i,0.007179678161721085-1.7175209011938E-7i
78.00000000000003,86.14359353944891,3,1.4359356323441679E-6-3.435041802387482E-11i,0.0071796781617210845-1.7175209011937997E-7i
76.99999999999994,87.87564434701781,3,1.4359356323441677E-6-3.435041802387482E-11i,0.007179678161721085-1.7175209011937997E-7i
75.99999999999989,86.14359353944894,3,1.4359356323441677E-6-3.435041802387482E-11i,0.007179678161721085-1.7175209011937997E-7i
74.99999999999991,87.87564434701785,3,1.4359356323441677E-6-3.435041802387482E-11i,0.007179678161721085-1.7175209011937997E-7i
75.99999999999993,89.60769515458671,3,1.4359356323441677E-6-3.435041802387482E-11i,0.007179678161721085-1.7175209011937997E-7i
72.99999999999997,91.33974596215563,3,1.4359356323441677E-6-3.435041802387482E-11i,0.007179678161721085-1.7175209011937997E-7i
82.89959516687131,81.98687449118387,3,1.4359356323441677E-6-3.435041802387482E-11i,0.007179678161721085-1.7175209011937997E-7i
76.99999999999993,84.41154273187999,3,1.4359356323441677E-6-3.435041802387482E-11i,0.007179678161721085-1.7175209011937997E-7i
79.86885049540878,82.7795435997197,3,1.4359356323441674E-6-3.435041802387482E-11i,0.007179678161721086-1.7175209011937995E-7i
77.86725364957258,82.72570313024428,3,1.4359356323441679E-6-3.435041802387482E-11i,0.007179678161721085-1.7175209011938E-7i
81.47116306558664,82.89780777026165,3,1.4359356323441679E-6-3.435041802387482E-11i,0.007179678161721084-1.7175209011937997E-7i
87.87564434701787,73,3,1.4359356323441679E-6-3.435041802387482E-11i,0.007179678161721085-1.7175209011938E-7i
67.50000000000003,93.93782217350893,2.499999999999979,1.4359356323441679E-6-3.435041802387482E-11i,0.007179678161721085-1.7175209011938E-7i
68.00000000000003,93.07179676972451,3,1.4359356323441674E-6-3.435041802387482E-11i,0.007179678161721086-1.7175209011937995E-7i
69,94.80384757729338,3,1.4359356323441679E-6-3.435041802387482E-11i,0.0071796781617210845-1.7175209011937997E-7i
67.00000000000003,94.80384757729337,3,1.4359356323441677E-6-3.435041802387482E-11i,0.007179678161721085-1.7175209011937997E-7i
68,96.53589838486225,3,1.4359356323441672E-6-3.435041802387482E-11i,0.007179678161721086-1.7175209011937992E-7i
62.49999999999997,95.66987298107783,2.500000000000017,1.4359356323441679E-6-3.435041802387482E-11i,0.007179678161721085-1.7175209011938E-7i
62.99999999999999,94.80384757729337,3,1.4359356323441679E-6-3.435041802387482E-11i,0.007179678161721084-1.7175209011937997E-7i
63.999999999999986,96.53589838486224,3,1.4359356323441677E-6-3.435041802387482E-11i,0.007179678161721085-1.7175209011937997E-7i
61.99999999999999,96.53589838486224,3,1.4359356323441674E-6-3.435041802387482E-11i,0.007179678161721086-1.7175209011937995E-7i
58.5,97.40192378864666,2.5000000000000107,1.4359356323441679E-6-3.435041802387482E-11i,0.007179678161721085-1.7175209011938E-7i
57.99999999999997,96.53589838486221,3,1.4359356323441672E-6-3.435041802387482E-11i,0.007179678161721086-1.7175209011937992E-7i
59.00000000000001,98.2679491924311,3,1.4359356323441674E-6-3.435041802387482E-11i,0.007179678161721086-1.7175209011937995E-7i
56.999999999999964,98.2679491924311,3,1.4359356323441677E-6-3.435041802387482E-11i,0.007179678161721085-1.7175209011937997E-7i
60.00000000000003,96.53589838486224,3,1.4359356323441679E-6-3.435041802387482E-11i,0.0071796781617210845-1.7175209011937997E-7i
66.00000000000003,93.07179676972447,3,1.4359356323441672E-6-3.435041802387482E-11i,0.007179678161721086-1.7175209011937992E-7i
62.99999999999999,98.26794919243112,3,1.4359356323441679E-6-3.435041802387482E-11i,0.007179678161721084-1.7175209011937997E-7i
61.99999999999999,100,3,1.4359356323441679E-6-3.435041802387482E-11i,0.007179678161721084-1.7175209011937995E-7i
61,98.26794919243112,3,1.4359356323441672E-6-3.435041802387482E-11i,0.007179678161721086-1.7175209011937992E-7i
60,100,3,1.4359356323441679E-6-3.435041802387482E-11i,0.007179678161721084-1.7175209011937995E-7i
64.99999999999999,94.80384757729334,3,1.4359356323441679E-6-3.435041802387482E-11i,0.007179678161721084-1.7175209011937997E-7i
63.99999999999997,93.07179676972447,3,1.4359356323441679E-6-3.435041802387482E-11i,0.007179678161721085-1.7175209011938E-7i
66,96.53589838486224,3,1.4359356323441679E-6-3.435041802387482E-11i,0.007179678161721084-1.7175209011937997E-7i
70,93.0717967697245,3,1.4359356323441679E-6-3.435041802387482E-11i,0.0071796781617210845-1.7175209011937997E-7i
70.99999999999997,91.33974596215563,3,1.4359356323441679E-6-3.435041802387482E-11i,0.0071796781617210845-1.7175209011937997E-7i
71.99999999999997,89.60769515458676,3,1.4359356323441679E-6-3.435041802387482E-11i,0.0071796781617210845-1.7175209011937997E-7i
69.99999999999997,89.60769515458678,3,1.4359356323441679E-6-3.435041802387482E-11i,0.007179678161721085-1.7175209011938E-7i
54.999999999999986,98.26794919243112,3,1.4359356323441679E-6-3.435041802387482E-11i,0.007179678161721084-1.7175209011937995E-7i
55,98.2679491924311,2.4999999999999765,1.435935632344167E-6-3.435041802387482E-11i,0.007179678161721084-1.7175209011937992E-7i
53.99999999999999,100,3,1.4359356323441679E-6-3.435041802387482E-11i,0.007179678161721084-1.7175209011937995E-7i
55.999999999999986,100,2.9999999999999996,1.4359356323441679E-6-3.435041802387482E-11i,0.007179678161721084-1.7175209011937995E-7i
55.99999999999996,96.53589838486225,3,1.4359356323441674E-6-3.435041802387482E-11i,0.007179678161721086-1.7175209011937995E-7i
61.00000000000001,94.80384757729337,3,1.4359356323441677E-6-3.435041802387482E-11i,0.007179678161721085-1.7175209011937997E-7i
57.99999999999998,99.99999999999997,2.999999999999999,1.4359356323441679E-6-3.435041802387482E-11i,0.007179678161721084-1.7175209011937995E-7i
48,99.30717967697245,2.500000000000012,1.4359356323441679E-6-3.435041802387482E-11i,0.007179678161721085-1.7175209011938E-7i
47.999999999999986,100,3,1.4359356323441679E-6-3.435041802387482E-11i,0.007179678161721084-1.7175209011937995E-7i
46.99999999999999,98.26794919243112,3,1.4359356323441679E-6-3.435041802387482E-11i,0.007179678161721084-1.7175209011937997E-7i
48.99999999999999,98.26794919243112,3,1.4359356323441679E-6-3.435041802387482E-11i,0.007179678161721085-1.7175209011938E-7i
46,100,3,1.4359356323441679E-6-3.435041802387482E-11i,0.007179678161721084-1.7175209011937997E-7i
54,96.53589838486224,3,1.4359356323441679E-6-3.435041802387482E-11i,0.0071796781617210845-1.7175209011937997E-7i
52.99999999999999,98.2679491924311,3,1.4359356323441672E-6-3.435041802387482E-11i,0.007179678161721085-1.7175209011937992E-7i
50.99999999999999,98.26794919243113,3,1.4359356323441672E-6-3.435041802387482E-11i,0.007179678161721086-1.7175209011937992E-7i
51.999999999999964,93.0717967697245,3,1.4359356323441679E-6-3.435041802387482E-11i,0.007179678161721084-1.7175209011937995E-7i
51.99999999999999,93.07179676972447,2.5000000000000173,1.435935632344167E-6-3.435041802387482E-11i,0.007179678161721084-1.7175209011937992E-7i
50,93.0717967697245,3,1.4359356323441679E-6-3.435041802387482E-11i,0.0071796781617210845-1.7175209011937997E-7i
50.999999999999986,94.80384757729338,3,1.4359356323441677E-6-3.435041802387482E-11i,0.007179678161721085-1.7175209011937997E-7i
54,93.07179676972447,3,1.4359356323441679E-6-3.435041802387482E-11i,0.007179678161721085-1.7175209011938E-7i
52.99999999999997,91.3397459621556,3,1.4359356323441679E-6-3.435041802387482E-11i,0.007179678161721084-1.7175209011937997E-7i
52.999999999999986,94.80384757729337,3,1.4359356323441679E-6-3.435041802387482E-11i,0.0071796781617210845-1.7175209011937997E-7i
50.99999999999998,96.53589838486225,2.5000000000000098,1.4359356323441679E-6-3.435041802387482E-11i,0.007179678161721085-1.7175209011938E-7i
50,96.53589838486225,3,1.4359356323441674E-6-3.435041802387482E-11i,0.007179678161721086-1.7175209011937995E-7i
51.99999999999998,96.53589838486225,3,1.4359356323441677E-6-3.435041802387482E-11i,0.007179678161721085-1.7175209011937997E-7i
47.499999999999986,93.93782217350898,2.4999999999999836,1.4359356323441679E-6-3.435041802387482E-11i,0.007179678161721085-1.7175209011938E-7i
47.999999999999986,93.0717967697245,3,1.4359356323441672E-6-3.435041802387482E-11i,0.007179678161721086-1.7175209011937992E-7i
48.99999999999999,94.80384757729337,3,1.4359356323441679E-6-3.435041802387482E-11i,0.007179678161721085-1.7175209011938E-7i
46.99999999999999,94.80384757729338,3,1.4359356323441672E-6-3.435041802387482E-11i,0.007179678161721086-1.7175209011937992E-7i
98.26794919243113,55,3,1.4359356323441672E-6-3.435041802387482E-11i,0.007179678161721086-1.7175209011937992E-7i
96.53589838486224,58.00000000000001,3,1.4359356323441679E-6-3.435041802387482E-11i,0.007179678161721085-1.7175209011938E-7i
94.80384757729335,59.99999999999998,2.500000000000015,1.4359356323441679E-6-3.435041802387482E-11i,0.007179678161721085-1.7175209011938E-7i
94.80384757729337,58.999999999999986,3,1.4359356323441679E-6-3.435041802387482E-11i,0.0071796781617210845-1.7175209011937997E-7i
96.53589838486224,59.999999999999986,3,1.4359356323441672E-6-3.435041802387482E-11i,0.007179678161721086-1.7175209011937992E-7i
94.80384757729334,61,3,1.4359356323441674E-6-3.435041802387482E-11i,0.007179678161721086-1.7175209011937995E-7i
96.53589838486225,55.99999999999999,3,1.4359356323441672E-6-3.435041802387482E-11i,0.007179678161721086-1.7175209011937992E-7i
98.26794919243113,53,3,1.4359356323441679E-6-3.435041802387482E-11i,0.007179678161721084-1.7175209011937995E-7i
98.2679491924311,53.00000000000001,2.499999999999997,1.435935632344167E-6-3.435041802387482E-11i,0.007179678161721084-1.7175209011937992E-7i
100,54,3,1.4359356323441679E-6-3.435041802387482E-11i,0.007179678161721084-1.7175209011937995E-7i
100,52,2.9999999999999996,1.4359356323441679E-6-3.435041802387482E-11i,0.0071796781617210845-1.7175209011937997E-7i
96.53589838486224,54,3,1.4359356323441679E-6-3.435041802387482E-11i,0.0071796781617210845-1.7175209011937997E-7i
96.53589838486225,52,3,1.4359356323441679E-6-3.435041802387482E-11i,0.007179678161721084-1.7175209011937997E-7i
96.53589838486224,64.00000000000001,3,1.4359356323441679E-6-3.435041802387482E-11i,0.0071796781617210845-1.7175209011937997E-7i
94.80384757729337,63.00000000000003,3,1.4359356323441679E-6-3.435041802387482E-11i,0.0071796781617210845-1.7175209011937997E-7i
93.07179676972447,59.99999999999997,3,1.4359356323441672E-6-3.435041802387482E-11i,0.007179678161721086-1.7175209011937992E-7i
90.47372055837116,57.500000000000014,2.5,1.4359356323441679E-6-3.435041802387482E-11i,0.007179678161721085-1.7175209011938E-7i
91.3397459621556,56.99999999999999,3,1.4359356323441672E-6-3.435041802387482E-11i,0.007179678161721086-1.7175209011937992E-7i
91.3397459621556,58.99999999999996,3,1.4359356323441677E-6-3.435041802387482E-11i,0.007179678161721085-1.7175209011937997E-7i
89.60769515458674,57.99999999999996,3,1.4359356323441679E-6-3.435041802387482E-11i,0.007179678161721085-1.7175209011938E-7i
87.87564434701787,64.00000000000006,2.5000000000000138,1.4359356323441679E-6-3.435041802387482E-11i,0.007179678161721085-1.7175209011938E-7i
87.87564434701787,63.0000000000001,3,1.4359356323441677E-6-3.435041802387482E-11i,0.007179678161721085-1.7175209011937997E-7i
89.60769515458676,64.00000000000003,3,1.4359356323441674E-6-3.435041802387482E-11i,0.007179678161721086-1.7175209011937995E-7i
87.8756443470179,64.99999999999999,3,1.4359356323441672E-6-3.435041802387482E-11i,0.007179678161721086-1.7175209011937992E-7i
86.14359353944904,64.00000000000006,3,1.4359356323441679E-6-3.435041802387482E-11i,0.007179678161721084-1.7175209011937997E-7i
93.0717967697245,64.00000000000001,3,1.4359356323441677E-6-3.435041802387482E-11i,0.007179678161721085-1.7175209011937997E-7i
91.33974596215563,64.99999999999999,3,1.4359356323441677E-6-3.435041802387482E-11i,0.007179678161721085-1.7175209011937997E-7i
89.60769515458674,65.99999999999997,3,1.4359356323441677E-6-3.435041802387482E-11i,0.007179678161721085-1.7175209011937997E-7i
93.07179676972447,62.00000000000003,3,1.4359356323441677E-6-3.435041802387482E-11i,0.007179678161721085-1.7175209011937997E-7i
89.60769515458671,68,3,1.4359356323441679E-6-3.435041802387482E-11i,0.0071796781617210845-1.7175209011937997E-7i
89.60769515458672,70.00000000000001,3,1.4359356323441677E-6-3.435041802387482E-11i,0.007179678161721085-1.7175209011937997E-7i
87.87564434701784,66.99999999999997,3,1.4359356323441679E-6-3.435041802387482E-11i,0.007179678161721085-1.7175209011938E-7i
87.87564434701784,69.00000000000001,3,1.4359356323441679E-6-3.435041802387482E-11i,0.007179678161721085-1.7175209011938E-7i
86.14359353944894,67.99999999999999,3,1.4359356323441677E-6-3.435041802387482E-11i,0.007179678161721085-1.7175209011937997E-7i
86.143593539449,65.99999999999994,3,1.4359356323441674E-6-3.435041802387482E-11i,0.007179678161721086-1.7175209011937995E-7i
84.41154273188008,66.99999999999993,3,1.4359356323441677E-6-3.435041802387482E-11i,0.007179678161721085-1.7175209011937997E-7i
86.14359353944897,70.00000000000003,3,1.4359356323441679E-6-3.435041802387482E-11i,0.007179678161721084-1.7175209011937997E-7i
87.87564434701787,71.00000000000001,3,1.4359356323441679E-6-3.435041802387482E-11i,0.0071796781617210845-1.7175209011937997E-7i
86.14359353944899,72,3,1.4359356323441679E-6-3.435041802387482E-11i,0.0071796781617210845-1.7175209011937997E-7i
84.4115427318801,71.00000000000003,3,1.4359356323441677E-6-3.435041802387482E-11i,0.007179678161721085-1.7175209011937997E-7i
91.3397459621556,63.00000000000006,3,1.4359356323441679E-6-3.435041802387482E-11i,0.0071796781617210845-1.7175209011937997E-7i
98.26794919243113,51,3,1.4359356323441677E-6-3.435041802387482E-11i,0.007179678161721085-1.7175209011937997E-7i
99.30717967697245,50.00000000000001,2.5,1.4359356323441679E-6-3.435041802387482E-11i,0.007179678161721085-1.7175209011938E-7i
100,50,3,1.4359356323441679E-6-3.435041802387482E-11i,0.007179678161721084-1.7175209011937995E-7i
98.26794919243113,49,3,1.4359356323441672E-6-3.435041802387482E-11i,0.007179678161721086-1.7175209011937992E-7i
100.00000000000003,48.00000000000001,3.000000000000001,1.4359356323441679E-6-3.435041802387482E-11i,0.007179678161721084-1.7175209011937995E-7i
98.26794919243112,47,3,1.4359356323441674E-6-3.435041802387482E-11i,0.007179678161721086-1.7175209011937995E-7i
98.26794919243112,45,3,1.4359356323441679E-6-3.435041802387482E-11i,0.007179678161721084-1.7175209011937995E-7i
98.26794919243112,45.00000000000001,2.4999999999999867,1.435935632344167E-6-3.435041802387482E-11i,0.007179678161721084-1.7175209011937992E-7i
96.53589838486224,44.00000000000001,3,1.4359356323441679E-6-3.435041802387482E-11i,0.0071796781617210845-1.7175209011937997E-7i
96.53589838486224,46.00000000000001,3,1.4359356323441674E-6-3.435041802387482E-11i,0.007179678161721086-1.7175209011937995E-7i
100.00000000000003,46,3,1.4359356323441679E-6-3.435041802387482E-11i,0.007179678161721084-1.7175209011937995E-7i
100.00000000000003,44.00000000000001,3.000000000000001,1.4359356323441679E-6-3.435041802387482E-11i,0.007179678161721084-1.7175209011937997E-7i
86.14359353944899,73.99999999999996,3,1.4359356323441679E-6-3.435041802387482E-11i,0.007179678161721085-1.7175209011938E-7i
84.41154273188012,72.99999999999997,3,1.4359356323441679E-6-3.435041802387482E-11i,0.007179678161721085-1.7175209011938E-7i
84.41154273188008,74.99999999999993,3,1.4359356323441677E-6-3.435041802387482E-11i,0.007179678161721085-1.7175209011937997E-7i
82.67949192431124,73.99999999999991,3,1.4359356323441677E-6-3.435041802387482E-11i,0.007179678161721085-1.7175209011937997E-7i
81.08610721353037,77.00594693146965,3,1.4359356323441679E-6-3.435041802387482E-11i,0.007179678161721084-1.7175209011937995E-7i
80.94744111674231,74.99999999999987,3,1.4359356323441679E-6-3.435041802387482E-11i,0.007179678161721085-1.7175209011938E-7i
79.4132093582803,76.00429923788363,3,1.4359356323441679E-6-3.435041802387482E-11i,0.007179678161721085-1.7175209011938E-7i
79.55516809795904,77.97271748789824,3,1.4359356323441679E-6-3.435041802387482E-11i,0.0071796781617210845-1.7175209011937997E-7i
81.1277030148285,78.95534628185014,3,1.4359356323441679E-6-3.435041802387482E-11i,0.0071796781617210845-1.7175209011937997E-7i
80.94744111674231,80.99999999999973,3,1.4359356323441677E-6-3.435041802387482E-11i,0.007179678161721085-1.7175209011937997E-7i
79.65366075896587,79.56128829692938,3,1.4359356323441677E-6-3.435041802387482E-11i,0.007179678161721085-1.7175209011937997E-7i
79.21539030917349,73.99999999999983,3,1.4359356323441679E-6-3.435041802387482E-11i,0.007179678161721084-1.7175209011937995E-7i
79.27062173839093,73.98983015428901,2.499999999999992,1.435935632344167E-6-3.435041802387482E-11i,0.007179678161721084-1.7175209011937992E-7i
80.9474411167424,72.99999999999996,3,1.4359356323441679E-6-3.435041802387482E-11i,0.007179678161721085-1.7175209011938E-7i
79.21539030917353,72.00000000000001,3,1.4359356323441672E-6-3.435041802387482E-11i,0.007179678161721086-1.7175209011937992E-7i
74.99999999999984,84.41154273188008,3,1.4359356323441677E-6-3.435041802387482E-11i,0.007179678161721085-1.7175209011937997E-7i
75.9999999999998,82.67949192431114,3,1.4359356323441679E-6-3.435041802387482E-11i,0.007179678161721085-1.7175209011938E-7i
73.99999999999994,89.60769515458674,3,1.4359356323441679E-6-3.435041802387482E-11i,0.007179678161721085-1.7175209011938E-7i
69,91.33974596215565,3,1.4359356323441679E-6-3.435041802387482E-11i,0.007179678161721084-1.7175209011937997E-7i
68.00000000000007,89.60769515458678,3,1.4359356323441679E-6-3.435041802387482E-11i,0.0071796781617210845-1.7175209011937997E-7i
72.99999999999994,87.87564434701788,3,1.4359356323441679E-6-3.435041802387482E-11i,0.007179678161721085-1.7175209011938E-7i
70.99999999999996,87.8756443470179,3,1.4359356323441674E-6-3.435041802387482E-11i,0.007179678161721086-1.7175209011937995E-7i
67.00000000000013,87.87564434701787,3,1.4359356323441679E-6-3.435041802387482E-11i,0.0071796781617210845-1.7175209011937997E-7i
66.00000000000007,89.60769515458671,3,1.4359356323441674E-6-3.435041802387482E-11i,0.007179678161721086-1.7175209011937995E-7i
69.00000000000003,87.87564434701792,3,1.4359356323441679E-6-3.435041802387482E-11i,0.0071796781617210845-1.7175209011937997E-7i
73.9999999999999,86.143593539449,3,1.4359356323441677E-6-3.435041802387482E-11i,0.007179678161721085-1.7175209011937997E-7i
71.99999999999994,86.143593539449,3,1.4359356323441679E-6-3.435041802387482E-11i,0.0071796781617210845-1.7175209011937997E-7i
72.99999999999991,84.41154273188013,3,1.4359356323441679E-6-3.435041802387482E-11i,0.007179678161721085-1.7175209011938E-7i
77.63132580779694,74.94822197181719,3,1.4359356323441674E-6-3.435041802387482E-11i,0.007179678161721086-1.7175209011937995E-7i
77.52415415082604,72.97628987032658,3,1.4359356323441677E-6-3.435041802387482E-11i,0.007179678161721085-1.7175209011937997E-7i
74.54180012360216,74.60049746022582,3,1.4359356323441679E-6-3.435041802387482E-11i,0.0071796781617210845-1.7175209011937995E-7i
74.56787536231457,74.65562423651035,2.499999999999997,1.4359356323441672E-6-3.435041802387482E-11i,0.007179678161721085-1.7175209011937992E-7i
75.84065119538057,75.95768990423242,3,1.4359356323441677E-6-3.435041802387482E-11i,0.007179678161721085-1.7175209011937997E-7i
75.91461322799971,73.95367026986739,3,1.4359356323441679E-6-3.435041802387482E-11i,0.007179678161721085-1.7175209011938E-7i
73.83003989175093,76.03464575867632,3,1.4359356323441677E-6-3.435041802387482E-11i,0.007179678161721085-1.7175209011937997E-7i
78.77448544922473,80.98327120081808,3,1.4359356323441679E-6-3.435041802387482E-11i,0.007179678161721084-1.7175209011937995E-7i
77.90264657218594,79.04004545679568,3,1.4359356323441677E-6-3.435041802387482E-11i,0.007179678161721085-1.7175209011937997E-7i
76.93246052358754,80.93777856942415,3,1.4359356323441679E-6-3.435041802387482E-11i,0.0071796781617210845-1.7175209011937997E-7i
74.93163753583997,80.93868826962787,3,1.4359356323441679E-6-3.435041802387482E-11i,0.0071796781617210845-1.7175209011937997E-7i
75.82790409250505,79.29997419649759,3,1.4359356323441679E-6-3.435041802387482E-11i,0.0071796781617210845-1.7175209011937997E-7i
76.3928874952691,77.79338869621756,3,1.4359356323441674E-6-3.435041802387482E-11i,0.007179678161721086-1.7175209011937995E-7i
77.72465924104587,76.90983784055312,3,1.4359356323441679E-6-3.435041802387482E-11i,0.007179678161721085-1.7175209011938E-7i
73.99999999999983,82.67949192431126,3,1.4359356323441677E-6-3.435041802387482E-11i,0.007179678161721085-1.7175209011937997E-7i
71.9999999999999,82.67949192431126,3,1.4359356323441679E-6-3.435041802387482E-11i,0.007179678161721085-1.7175209011938E-7i
72.99999999999986,80.94744111674241,3,1.4359356323441674E-6-3.435041802387482E-11i,0.007179678161721086-1.7175209011937995E-7i
74.82959563895427,77.71316409827196,3,1.4359356323441679E-6-3.435041802387482E-11i,0.0071796781617210845-1.7175209011937997E-7i
73.88731104824572,79.25493768779738,3,1.4359356323441679E-6-3.435041802387482E-11i,0.0071796781617210845-1.7175209011937997E-7i
72.87107925919197,77.54776971019918,3,1.4359356323441679E-6-3.435041802387482E-11i,0.007179678161721085-1.7175209011938E-7i
71.99999999999983,79.21539030917354,3,1.4359356323441674E-6-3.435041802387482E-11i,0.007179678161721086-1.7175209011937995E-7i
80.94744111674241,65.99999999999987,2.5000000000000107,1.4359356323441679E-6-3.435041802387482E-11i,0.007179678161721085-1.7175209011938E-7i
80.94744111674251,64.99999999999991,3,1.4359356323441679E-6-3.435041802387482E-11i,0.007179678161721084-1.7175209011937997E-7i
82.67949192431126,65.99999999999986,3,1.4359356323441679E-6-3.435041802387482E-11i,0.007179678161721085-1.7175209011938E-7i
80.9474411167423,66.99999999999983,3,1.4359356323441677E-6-3.435041802387482E-11i,0.007179678161721085-1.7175209011937997E-7i
79.21539030917356,65.99999999999969,3,1.4359356323441672E-6-3.435041802387482E-11i,0.007179678161721085-1.7175209011937992E-7i
75.80273161012666,71.99969571626559,3,1.4359356323441679E-6-3.435041802387482E-11i,0.007179678161721084-1.7175209011937995E-7i
75.83047025302282,72.00328122600973,2.499999999999998,1.435935632344167E-6-3.435041802387482E-11i,0.007179678161721084-1.7175209011937992E-7i
77.48333950160465,71.00000000000013,3,1.4359356323441679E-6-3.435041802387482E-11i,0.007179678161721085-1.7175209011938E-7i
75.7512886940357,70.00000000000028,3,1.4359356323441674E-6-3.435041802387482E-11i,0.007179678161721086-1.7175209011937995E-7i
82.67949192431125,72,3,1.4359356323441679E-6-3.435041802387482E-11i,0.007179678161721084-1.7175209011937997E-7i
80.94744111674237,71.00000000000006,3,1.4359356323441679E-6-3.435041802387482E-11i,0.0071796781617210845-1.7175209011937997E-7i
79.21539030917346,70.00000000000013,3,1.4359356323441679E-6-3.435041802387482E-11i,0.007179678161721085-1.7175209011938E-7i
80.9474411167423,69.00000000000007,3,1.4359356323441679E-6-3.435041802387482E-11i,0.007179678161721085-1.7175209011938E-7i
82.67949192431122,70.00000000000006,3,1.4359356323441679E-6-3.435041802387482E-11i,0.0071796781617210845-1.7175209011937997E-7i
79.21539030917334,67.99999999999994,3,1.4359356323441679E-6-3.435041802387482E-11i,0.0071796781617210845-1.7175209011937997E-7i
84.41154273188008,69.00000000000003,3,1.4359356323441679E-6-3.435041802387482E-11i,0.007179678161721084-1.7175209011937995E-7i
82.67949192431117,67.99999999999997,3,1.4359356323441679E-6-3.435041802387482E-11i,0.0071796781617210845-1.7175209011937997E-7i
84.41154273188017,64.99999999999996,3,1.4359356323441674E-6-3.435041802387482E-11i,0.007179678161721086-1.7175209011937995E-7i
63.499999999999964,88.74166975080227,2.5000000000000075,1.4359356323441679E-6-3.435041802387482E-11i,0.007179678161721085-1.7175209011938E-7i
62.99999999999995,87.87564434701787,3,1.4359356323441679E-6-3.435041802387482E-11i,0.0071796781617210845-1.7175209011937997E-7i
65,87.87564434701781,3,1.4359356323441672E-6-3.435041802387482E-11i,0.007179678161721085-1.7175209011937992E-7i
63.99999999999995,89.60769515458672,3,1.4359356323441679E-6-3.435041802387482E-11i,0.007179678161721085-1.7175209011938E-7i
62.00000000000001,89.60769515458676,3,1.4359356323441679E-6-3.435041802387482E-11i,0.007179678161721084-1.7175209011937997E-7i
62,93.0717967697245,3,1.4359356323441679E-6-3.435041802387482E-11i,0.007179678161721085-1.7175209011938E-7i
67.00000000000009,91.3397459621556,3,1.4359356323441679E-6-3.435041802387482E-11i,0.007179678161721084-1.7175209011937997E-7i
65,91.33974596215558,3,1.4359356323441679E-6-3.435041802387482E-11i,0.007179678161721085-1.7175209011938E-7i
59.00000000000003,94.80384757729333,3,1.4359356323441674E-6-3.435041802387482E-11i,0.007179678161721086-1.7175209011937995E-7i
56.99999999999993,94.80384757729334,3,1.4359356323441679E-6-3.435041802387482E-11i,0.007179678161721084-1.7175209011937997E-7i
57.999999999999964,93.07179676972443,3,1.4359356323441677E-6-3.435041802387482E-11i,0.007179678161721085-1.7175209011937997E-7i
55.99999999999993,93.0717967697245,3,1.4359356323441677E-6-3.435041802387482E-11i,0.007179678161721085-1.7175209011937997E-7i
62.99999999999997,91.3397459621556,3,1.4359356323441677E-6-3.435041802387482E-11i,0.007179678161721085-1.7175209011937997E-7i
68.00000000000014,86.14359353944906,3,1.4359356323441679E-6-3.435041802387482E-11i,0.0071796781617210845-1.7175209011937997E-7i
69.99999999999996,86.14359353944906,3,1.4359356323441679E-6-3.435041802387482E-11i,0.007179678161721085-1.7175209011938E-7i
66.00000000000011,86.14359353944891,3,1.4359356323441679E-6-3.435041802387482E-11i,0.007179678161721085-1.7175209011938E-7i
70.99999999999991,84.41154273188016,3,1.4359356323441679E-6-3.435041802387482E-11i,0.0071796781617210845-1.7175209011937997E-7i
69.00000000000004,84.41154273188022,3,1.4359356323441679E-6-3.435041802387482E-11i,0.007179678161721084-1.7175209011937997E-7i
67.00000000000024,84.4115427318801,3,1.4359356323441679E-6-3.435041802387482E-11i,0.0071796781617210845-1.7175209011937997E-7i
69.99999999999991,82.67949192431135,3,1.4359356323441679E-6-3.435041802387482E-11i,0.007179678161721085-1.7175209011938E-7i
68.00000000000026,82.67949192431134,3,1.4359356323441679E-6-3.435041802387482E-11i,0.0071796781617210845-1.7175209011937997E-7i
70.99999999999984,80.94744111674244,3,1.4359356323441679E-6-3.435041802387482E-11i,0.007179678161721085-1.7175209011938E-7i
69.00000000000009,80.94744111674255,3,1.4359356323441679E-6-3.435041802387482E-11i,0.0071796781617210845-1.7175209011937997E-7i
66.0000000000002,82.6794919243111,3,1.4359356323441679E-6-3.435041802387482E-11i,0.007179678161721085-1.7175209011938E-7i
64.99999999999999,84.41154273187999,3,1.4359356323441677E-6-3.435041802387482E-11i,0.007179678161721085-1.7175209011937997E-7i
63.9999999999998,82.67949192431115,3,1.4359356323441679E-6-3.435041802387482E-11i,0.007179678161721085-1.7175209011938E-7i
64.99999999999994,80.94744111674211,3,1.4359356323441674E-6-3.435041802387482E-11i,0.007179678161721086-1.7175209011937995E-7i
63.999999999999915,86.14359353944894,3,1.4359356323441679E-6-3.435041802387482E-11i,0.007179678161721085-1.7175209011938E-7i
62.999999999999886,84.41154273188015,3,1.4359356323441679E-6-3.435041802387482E-11i,0.007179678161721085-1.7175209011938E-7i
50.99999999999997,91.33974596215563,3,1.4359356323441679E-6-3.435041802387482E-11i,0.007179678161721085-1.7175209011938E-7i
54.999999999999986,94.80384757729337,3,1.4359356323441679E-6-3.435041802387482E-11i,0.007179678161721085-1.7175209011938E-7i
60.00000000000006,93.07179676972447,3,1.4359356323441679E-6-3.435041802387482E-11i,0.007179678161721085-1.7175209011938E-7i
59.00000000000006,91.33974596215555,3,1.4359356323441677E-6-3.435041802387482E-11i,0.007179678161721085-1.7175209011937997E-7i
56.999999999999886,91.33974596215558,3,1.4359356323441679E-6-3.435041802387482E-11i,0.007179678161721085-1.7175209011938E-7i
47.99999999999999,96.53589838486225,3,1.4359356323441679E-6-3.435041802387482E-11i,0.007179678161721085-1.7175209011938E-7i
46,96.53589838486225,3,1.4359356323441679E-6-3.435041802387482E-11i,0.007179678161721085-1.7175209011938E-7i
45,98.26794919243112,3,1.4359356323441679E-6-3.435041802387482E-11i,0.007179678161721085-1.7175209011938E-7i
44,100,3.0000000000000004,1.4359356323441679E-6-3.435041802387482E-11i,0.007179678161721084-1.7175209011937997E-7i
36.99999999999996,98.2679491924311,3,1.4359356323441679E-6-3.435041802387482E-11i,0.007179678161721084-1.7175209011937995E-7i
37,98.2679491924311,2.5000000000000004,1.435935632344167E-6-3.435041802387482E-11i,0.007179678161721084-1.7175209011937992E-7i
37.999999999999986,99.99999999999997,2.999999999999999,1.4359356323441679E-6-3.435041802387482E-11i,0.007179678161721084-1.7175209011937997E-7i
39.000000000000014,98.2679491924311,3,1.4359356323441674E-6-3.435041802387482E-11i,0.007179678161721086-1.7175209011937995E-7i
35.999999999999986,100,2.9999999999999996,1.4359356323441679E-6-3.435041802387482E-11i,0.007179678161721084-1.7175209011937995E-7i
37.999999999999986,96.53589838486221,3,1.4359356323441679E-6-3.435041802387482E-11i,0.007179678161721085-1.7175209011938E-7i
35.99999999999997,96.53589838486224,3,1.4359356323441679E-6-3.435041802387482E-11i,0.007179678161721084-1.7175209011937997E-7i
42.999999999999986,98.26794919243112,3,1.4359356323441679E-6-3.435041802387482E-11i,0.007179678161721084-1.7175209011937995E-7i
42.99999999999999,98.2679491924311,2.5000000000000004,1.435935632344167E-6-3.435041802387482E-11i,0.007179678161721084-1.7175209011937992E-7i
41.99999999999998,100,3,1.4359356323441679E-6-3.435041802387482E-11i,0.007179678161721084-1.7175209011937995E-7i
40.999999999999986,98.26794919243112,3,1.4359356323441679E-6-3.435041802387482E-11i,0.007179678161721085-1.7175209011938E-7i
41.999999999999986,96.53589838486224,3,1.4359356323441679E-6-3.435041802387482E-11i,0.007179678161721085-1.7175209011938E-7i
46.00000000000001,93.0717967697245,3,1.4359356323441679E-6-3.435041802387482E-11i,0.007179678161721085-1.7175209011938E-7i
43.99999999999999,96.53589838486224,3,1.4359356323441674E-6-3.435041802387482E-11i,0.007179678161721086-1.7175209011937995E-7i
39.99999999999999,100.00000000000001,3,1.4359356323441679E-6-3.435041802387482E-11i,0.007179678161721084-1.7175209011937995E-7i
40.000000000000036,94.80384757729337,2.5000000000000093,1.4359356323441679E-6-3.435041802387482E-11i,0.007179678161721085-1.7175209011938E-7i
39.00000000000003,94.80384757729334,3,1.4359356323441674E-6-3.435041802387482E-11i,0.007179678161721086-1.7175209011937995E-7i
41,94.80384757729337,3,1.4359356323441677E-6-3.435041802387482E-11i,0.007179678161721085-1.7175209011937997E-7i
40.000000000000014,96.53589838486224,3,1.4359356323441679E-6-3.435041802387482E-11i,0.0071796781617210845-1.7175209011937997E-7i
34.999999999999986,98.26794919243113,3,1.4359356323441672E-6-3.435041802387482E-11i,0.007179678161721086-1.7175209011937992E-7i
34,100,2.9999999999999996,1.4359356323441679E-6-3.435041802387482E-11i,0.007179678161721084-1.7175209011937995E-7i
48.999999999999964,87.87564434701787,3,1.4359356323441679E-6-3.435041802387482E-11i,0.007179678161721084-1.7175209011937995E-7i
48.99999999999997,87.87564434701787,2.499999999999994,1.435935632344167E-6-3.435041802387482E-11i,0.007179678161721084-1.7175209011937992E-7i
47.99999999999997,89.60769515458676,3,1.4359356323441679E-6-3.435041802387482E-11i,0.007179678161721085-1.7175209011938E-7i
49.999999999999986,89.60769515458674,3,1.4359356323441674E-6-3.435041802387482E-11i,0.007179678161721086-1.7175209011937995E-7i
50.99999999999996,87.87564434701787,3,1.4359356323441679E-6-3.435041802387482E-11i,0.0071796781617210845-1.7175209011937997E-7i
46.99999999999999,87.8756443470179,3,1.4359356323441674E-6-3.435041802387482E-11i,0.007179678161721086-1.7175209011937995E-7i
47.99999999999996,86.14359353944901,3,1.4359356323441677E-6-3.435041802387482E-11i,0.007179678161721085-1.7175209011937997E-7i
51.99999999999994,89.60769515458674,3,1.4359356323441679E-6-3.435041802387482E-11i,0.007179678161721085-1.7175209011938E-7i
54,89.60769515458674,3,1.4359356323441679E-6-3.435041802387482E-11i,0.007179678161721085-1.7175209011938E-7i
54.99999999999997,91.33974596215563,3,1.4359356323441679E-6-3.435041802387482E-11i,0.0071796781617210845-1.7175209011937997E-7i
55.99999999999987,89.60769515458675,3,1.4359356323441679E-6-3.435041802387482E-11i,0.0071796781617210845-1.7175209011937997E-7i
45.00000000000001,94.80384757729337,3,1.4359356323441674E-6-3.435041802387482E-11i,0.007179678161721086-1.7175209011937995E-7i
48.999999999999986,91.3397459621556,3,1.4359356323441674E-6-3.435041802387482E-11i,0.007179678161721086-1.7175209011937995E-7i
47,91.33974596215563,3,1.4359356323441679E-6-3.435041802387482E-11i,0.007179678161721085-1.7175209011938E-7i
89.60769515458672,55.999999999999986,3,1.4359356323441679E-6-3.435041802387482E-11i,0.007179678161721085-1.7175209011938E-7i
93.0717967697245,52.999999999999964,2.5000000000000124,1.4359356323441679E-6-3.435041802387482E-11i,0.007179678161721085-1.7175209011938E-7i
93.0717967697245,51.999999999999986,3,1.4359356323441679E-6-3.435041802387482E-11i,0.007179678161721085-1.7175209011938E-7i
94.80384757729337,52.999999999999986,3,1.4359356323441672E-6-3.435041802387482E-11i,0.007179678161721085-1.7175209011937992E-7i
93.0717967697245,53.99999999999999,3,1.4359356323441679E-6-3.435041802387482E-11i,0.0071796781617210845-1.7175209011937997E-7i
91.33974596215563,52.999999999999986,3,1.4359356323441679E-6-3.435041802387482E-11i,0.007179678161721085-1.7175209011938E-7i
93.0717967697245,57.999999999999986,3,1.4359356323441679E-6-3.435041802387482E-11i,0.0071796781617210845-1.7175209011937997E-7i
89.60769515458668,59.99999999999994,3,1.4359356323441679E-6-3.435041802387482E-11i,0.007179678161721085-1.7175209011938E-7i
87.87564434701784,58.99999999999992,3,1.4359356323441677E-6-3.435041802387482E-11i,0.007179678161721085-1.7175209011937997E-7i
94.80384757729337,55.00000000000001,3,1.4359356323441677E-6-3.435041802387482E-11i,0.007179678161721085-1.7175209011937997E-7i
94.80384757729337,56.99999999999999,3,1.4359356323441679E-6-3.435041802387482E-11i,0.007179678161721084-1.7175209011937995E-7i
93.0717967697245,56,3,1.4359356323441677E-6-3.435041802387482E-11i,0.007179678161721085-1.7175209011937997E-7i
96.53589838486225,50,3,1.4359356323441679E-6-3.435041802387482E-11i,0.0071796781617210845-1.7175209011937997E-7i
94.80384757729338,51,3,1.4359356323441677E-6-3.435041802387482E-11i,0.007179678161721085-1.7175209011937997E-7i
91.3397459621556,54.999999999999986,3,1.4359356323441677E-6-3.435041802387482E-11i,0.007179678161721085-1.7175209011937997E-7i
89.60769515458674,53.99999999999998,3,1.4359356323441677E-6-3.435041802387482E-11i,0.007179678161721085-1.7175209011937997E-7i
89.60769515458676,51.999999999999986,3,1.4359356323441674E-6-3.435041802387482E-11i,0.007179678161721086-1.7175209011937995E-7i
87.87564434701787,52.99999999999997,3,1.4359356323441672E-6-3.435041802387482E-11i,0.007179678161721086-1.7175209011937992E-7i
86.1435935394489,62.00000000000013,3,1.4359356323441679E-6-3.435041802387482E-11i,0.007179678161721084-1.7175209011937997E-7i
84.41154273188012,63.00000000000021,3,1.4359356323441679E-6-3.435041802387482E-11i,0.0071796781617210845-1.7175209011937997E-7i
84.41154273187996,61.00000000000002,3,1.4359356323441674E-6-3.435041802387482E-11i,0.007179678161721086-1.7175209011937995E-7i
82.67949192431111,62.000000000000256,3,1.4359356323441679E-6-3.435041802387482E-11i,0.007179678161721085-1.7175209011938E-7i
82.67949192431135,64.00000000000014,3,1.4359356323441679E-6-3.435041802387482E-11i,0.0071796781617210845-1.7175209011937997E-7i
87.87564434701777,61.00000000000001,3,1.4359356323441679E-6-3.435041802387482E-11i,0.007179678161721085-1.7175209011938E-7i
86.1435935394489,59.99999999999991,3,1.4359356323441677E-6-3.435041802387482E-11i,0.007179678161721085-1.7175209011937997E-7i
89.60769515458668,62.000000000000064,3,1.4359356323441679E-6-3.435041802387482E-11i,0.007179678161721085-1.7175209011938E-7i
91.33974596215556,61,3,1.4359356323441679E-6-3.435041802387482E-11i,0.007179678161721085-1.7175209011938E-7i
87.87564434701785,56.99999999999998,3,1.4359356323441679E-6-3.435041802387482E-11i,0.007179678161721084-1.7175209011937995E-7i
86.14359353944899,57.99999999999993,3,1.4359356323441679E-6-3.435041802387482E-11i,0.0071796781617210845-1.7175209011937997E-7i
86.14359353944897,55.99999999999998,3,1.4359356323441679E-6-3.435041802387482E-11i,0.007179678161721084-1.7175209011937997E-7i
87.87564434701784,54.999999999999964,3,1.4359356323441679E-6-3.435041802387482E-11i,0.007179678161721085-1.7175209011938E-7i
84.4115427318801,56.999999999999964,3,1.4359356323441679E-6-3.435041802387482E-11i,0.0071796781617210845-1.7175209011937997E-7i
86.14359353944897,53.99999999999994,3,1.4359356323441677E-6-3.435041802387482E-11i,0.007179678161721085-1.7175209011937997E-7i
84.41154273188008,54.99999999999995,3,1.4359356323441679E-6-3.435041802387482E-11i,0.007179678161721085-1.7175209011938E-7i
84.41154273188008,58.99999999999985,3,1.4359356323441677E-6-3.435041802387482E-11i,0.007179678161721085-1.7175209011937997E-7i
82.6794919243111,59.99999999999984,3,1.4359356323441677E-6-3.435041802387482E-11i,0.007179678161721085-1.7175209011937997E-7i
80.9474411167421,61.000000000000064,3,1.4359356323441674E-6-3.435041802387482E-11i,0.007179678161721086-1.7175209011937995E-7i
80.9474411167424,63.000000000000405,3,1.4359356323441679E-6-3.435041802387482E-11i,0.007179678161721085-1.7175209011938E-7i
79.21539030917373,64.00000000000026,3,1.4359356323441679E-6-3.435041802387482E-11i,0.007179678161721084-1.7175209011937997E-7i
93.9378221735089,47.50000000000003,2.500000000000016,1.4359356323441679E-6-3.435041802387482E-11i,0.007179678161721085-1.7175209011938E-7i
94.80384757729337,47.000000000000014,3,1.4359356323441677E-6-3.435041802387482E-11i,0.007179678161721085-1.7175209011937997E-7i
94.80384757729337,49.00000000000001,3,1.4359356323441679E-6-3.435041802387482E-11i,0.007179678161721085-1.7175209011938E-7i
93.07179676972447,48.00000000000002,3,1.4359356323441674E-6-3.435041802387482E-11i,0.007179678161721086-1.7175209011937995E-7i
89.60769515458675,50.000000000000036,3,1.4359356323441679E-6-3.435041802387482E-11i,0.007179678161721084-1.7175209011937995E-7i
89.5987887510609,49.8615047134117,2.494931962717553,1.435935632344167E-6-3.435041802387482E-11i,0.007179678161721084-1.7175209011937995E-7i
91.33974596215563,51,3,1.4359356323441677E-6-3.435041802387482E-11i,0.007179678161721085-1.7175209011937997E-7i
91.3397459621556,49.00000000000003,3,1.4359356323441679E-6-3.435041802387482E-11i,0.0071796781617210845-1.7175209011937997E-7i
89.60769515458672,48.00000000000003,3,1.4359356323441679E-6-3.435041802387482E-11i,0.007179678161721085-1.7175209011938E-7i
87.8756443470179,51.00000000000002,3,1.4359356323441679E-6-3.435041802387482E-11i,0.007179678161721085-1.7175209011938E-7i
87.87564434701784,49.000000000000064,3,1.4359356323441674E-6-3.435041802387482E-11i,0.007179678161721086-1.7175209011937995E-7i
89.47409910169904,47.92257070117485,2.423979440763407,1.4359356323441672E-6-3.435041802387482E-11i,0.007179678161721086-1.7175209011937992E-7i
96.53589838486225,48.00000000000001,3,1.4359356323441679E-6-3.435041802387482E-11i,0.007179678161721085-1.7175209011938E-7i
93.0717967697245,50.00000000000001,3,1.4359356323441679E-6-3.435041802387482E-11i,0.007179678161721084-1.7175209011937995E-7i
100,36,3.0000000000000004,1.4359356323441679E-6-3.435041802387482E-11i,0.007179678161721084-1.7175209011937995E-7i
98.26794919243113,36.99999999999999,3,1.4359356323441679E-6-3.435041802387482E-11i,0.007179678161721085-1.7175209011938E-7i
100,37.99999999999999,3,1.4359356323441679E-6-3.435041802387482E-11i,0.007179678161721084-1.7175209011937995E-7i
93.07179676972447,46,3,1.4359356323441672E-6-3.435041802387482E-11i,0.007179678161721086-1.7175209011937992E-7i
98.2679491924311,43.00000000000001,3,1.4359356323441677E-6-3.435041802387482E-11i,0.007179678161721085-1.7175209011937997E-7i
93.93782217350893,44.5,2.5000000000000084,1.4359356323441679E-6-3.435041802387482E-11i,0.007179678161721085-1.7175209011938E-7i
93.0717967697245,44.000000000000014,3,1.4359356323441679E-6-3.435041802387482E-11i,0.007179678161721084-1.7175209011937997E-7i
94.80384757729337,45.00000000000001,3,1.4359356323441679E-6-3.435041802387482E-11i,0.007179678161721084-1.7175209011937997E-7i
96.53589838486224,42,3,1.4359356323441679E-6-3.435041802387482E-11i,0.007179678161721084-1.7175209011937997E-7i
87.87564434701784,47,3,1.4359356323441672E-6-3.435041802387482E-11i,0.007179678161721086-1.7175209011937992E-7i
89.60769515458672,45.999999999999986,3,1.4359356323441677E-6-3.435041802387482E-11i,0.007179678161721085-1.7175209011937997E-7i
94.80384757729337,43,3,1.4359356323441672E-6-3.435041802387482E-11i,0.007179678161721086-1.7175209011937992E-7i
98.26794919243112,39,3,1.4359356323441674E-6-3.435041802387482E-11i,0.007179678161721086-1.7175209011937995E-7i
100,40,3,1.4359356323441679E-6-3.435041802387482E-11i,0.007179678161721084-1.7175209011937997E-7i
100,42,3.0000000000000004,1.4359356323441679E-6-3.435041802387482E-11i,0.007179678161721084-1.7175209011937997E-7i
98.26794919243112,41,3,1.4359356323441679E-6-3.435041802387482E-11i,0.0071796781617210845-1.7175209011937997E-7i
96.53589838486225,37.999999999999986,3,1.4359356323441679E-6-3.435041802387482E-11i,0.0071796781617210845-1.7175209011937997E-7i
98.26794919243113,33,3,1.4359356323441677E-6-3.435041802387482E-11i,0.007179678161721085-1.7175209011937997E-7i
98.26794919243113,35,3,1.4359356323441677E-6-3.435041802387482E-11i,0.007179678161721085-1.7175209011937997E-7i
100,34,3,1.4359356323441679E-6-3.435041802387482E-11i,0.007179678161721084-1.7175209011937995E-7i
100,32,2.9999999999999996,1.4359356323441679E-6-3.435041802387482E-11i,0.007179678161721084-1.7175209011937995E-7i
12,100.00000000000003,3.000000000000001,1.4359356323441679E-6-3.435041802387482E-11i,0.007179678161721084-1.7175209011937995E-7i
11,98.26794919243113,3,1.4359356323441679E-6-3.435041802387482E-11i,0.007179678161721085-1.7175209011938E-7i
10,100,3,1.4359356323441679E-6-3.435041802387482E-11i,0.007179678161721084-1.7175209011937995E-7i
34.99999999999997,94.80384757729337,3,1.4359356323441679E-6-3.435041802387482E-11i,0.0071796781617210845-1.7175209011937997E-7i
34,96.53589838486225,3,1.4359356323441679E-6-3.435041802387482E-11i,0.007179678161721085-1.7175209011938E-7i
36.99999999999994,94.80384757729334,3,1.4359356323441679E-6-3.435041802387482E-11i,0.007179678161721085-1.7175209011938E-7i
33,98.26794919243113,3,1.4359356323441674E-6-3.435041802387482E-11i,0.007179678161721086-1.7175209011937995E-7i
32.00000000000001,100.00000000000003,3.000000000000001,1.4359356323441679E-6-3.435041802387482E-11i,0.007179678161721084-1.7175209011937995E-7i
27.50000000000002,97.40192378864666,2.5000000000000013,1.4359356323441679E-6-3.435041802387482E-11i,0.007179678161721085-1.7175209011938E-7i
27.999999999999986,96.53589838486224,3,1.4359356323441672E-6-3.435041802387482E-11i,0.007179678161721086-1.7175209011937992E-7i
27,98.26794919243113,3,1.4359356323441679E-6-3.435041802387482E-11i,0.007179678161721085-1.7175209011938E-7i
26,96.53589838486225,3,1.4359356323441674E-6-3.435041802387482E-11i,0.007179678161721086-1.7175209011937995E-7i
29,98.2679491924311,3,1.4359356323441677E-6-3.435041802387482E-11i,0.007179678161721085-1.7175209011937997E-7i
31,98.26794919243112,3,1.4359356323441674E-6-3.435041802387482E-11i,0.007179678161721086-1.7175209011937995E-7i
30,100,3,1.4359356323441679E-6-3.435041802387482E-11i,0.007179678161721084-1.7175209011937995E-7i
28,100,2.9999999999999996,1.4359356323441679E-6-3.435041802387482E-11i,0.007179678161721084-1.7175209011937995E-7i
77.48333950160446,69.00000000000014,3,1.4359356323441677E-6-3.435041802387482E-11i,0.007179678161721085-1.7175209011937997E-7i
75.75128869403561,66.99999999999945,2.5000000000000036,1.4359356323441679E-6-3.435041802387482E-11i,0.007179678161721085-1.7175209011938E-7i
75.7512886940359,65.99999999999935,3,1.4359356323441679E-6-3.435041802387482E-11i,0.007179678161721085-1.7175209011938E-7i
75.75128869403545,67.99999999999986,3,1.4359356323441674E-6-3.435041802387482E-11i,0.007179678161721086-1.7175209011937995E-7i
74.01923788646664,66.9999999999992,3,1.4359356323441677E-6-3.435041802387482E-11i,0.007179678161721085-1.7175209011937997E-7i
77.48333950160449,66.99999999999963,3,1.4359356323441679E-6-3.435041802387482E-11i,0.0071796781617210845-1.7175209011937997E-7i
74.31098782717383,73.02117869233935,3,1.4359356323441677E-6-3.435041802387482E-11i,0.007179678161721085-1.7175209011937997E-7i
72.96915990797558,74.36606333370126,3,1.4359356323441679E-6-3.435041802387482E-11i,0.007179678161721085-1.7175209011938E-7i
74.0261767593845,71.07213403326867,3,1.4359356323441674E-6-3.435041802387482E-11i,0.007179678161721086-1.7175209011937995E-7i
70.99999999999973,77.48333950160475,3,1.4359356323441674E-6-3.435041802387482E-11i,0.007179678161721086-1.7175209011937995E-7i
71.94183970131735,75.89619443364923,3,1.4359356323441677E-6-3.435041802387482E-11i,0.007179678161721085-1.7175209011937997E-7i
70.9393453436793,74.14749217019207,3,1.4359356323441674E-6-3.435041802387482E-11i,0.007179678161721086-1.7175209011937995E-7i
69.99999999999987,79.21539030917369,3,1.4359356323441679E-6-3.435041802387482E-11i,0.0071796781617210845-1.7175209011937997E-7i
69.0000000000002,77.48333950160497,3,1.4359356323441679E-6-3.435041802387482E-11i,0.0071796781617210845-1.7175209011937997E-7i
68.00000000000091,75.75128869403605,3,1.4359356323441679E-6-3.435041802387482E-11i,0.007179678161721085-1.7175209011938E-7i
67.00000000000084,77.48333950160449,3,1.4359356323441679E-6-3.435041802387482E-11i,0.007179678161721085-1.7175209011938E-7i
69.99999999999976,75.7512886940361,3,1.4359356323441679E-6-3.435041802387482E-11i,0.007179678161721084-1.7175209011937997E-7i
79.21539030917327,62.00000000000049,3,1.4359356323441679E-6-3.435041802387482E-11i,0.007179678161721085-1.7175209011938E-7i
79.21539030917323,59.999999999999716,3,1.4359356323441677E-6-3.435041802387482E-11i,0.007179678161721085-1.7175209011937997E-7i
77.48333950160414,61.000000000000135,3,1.4359356323441674E-6-3.435041802387482E-11i,0.007179678161721086-1.7175209011937995E-7i
74.08934602390181,69.06348190384611,3,1.4359356323441679E-6-3.435041802387482E-11i,0.0071796781617210845-1.7175209011937997E-7i
72.40672687487796,70.08883655100749,3,1.4359356323441674E-6-3.435041802387482E-11i,0.007179678161721086-1.7175209011937995E-7i
77.48333950160469,63.00000000000077,3,1.4359356323441679E-6-3.435041802387482E-11i,0.007179678161721084-1.7175209011937997E-7i
75.75128869403534,62.000000000000924,3,1.4359356323441679E-6-3.435041802387482E-11i,0.007179678161721085-1.7175209011938E-7i
75.75128869403622,64.00000000000053,3,1.4359356323441679E-6-3.435041802387482E-11i,0.007179678161721085-1.7175209011938E-7i
77.48333950160495,64.99999999999983,3,1.4359356323441679E-6-3.435041802387482E-11i,0.007179678161721085-1.7175209011938E-7i
74.01923788646754,64.99999999999966,3,1.4359356323441672E-6-3.435041802387482E-11i,0.007179678161721086-1.7175209011937992E-7i
62.00000000000003,82.67949192431138,3,1.4359356323441679E-6-3.435041802387482E-11i,0.007179678161721085-1.7175209011938E-7i
61.0000000000002,84.41154273188016,3,1.4359356323441677E-6-3.435041802387482E-11i,0.007179678161721085-1.7175209011937997E-7i
62.00000000000002,86.14359353944903,3,1.4359356323441679E-6-3.435041802387482E-11i,0.007179678161721085-1.7175209011938E-7i
60.000000000000206,86.14359353944893,3,1.4359356323441677E-6-3.435041802387482E-11i,0.007179678161721085-1.7175209011937997E-7i
61.0000000000001,87.87564434701787,3,1.4359356323441677E-6-3.435041802387482E-11i,0.007179678161721085-1.7175209011937997E-7i
60.0000000000001,89.60769515458671,3,1.4359356323441674E-6-3.435041802387482E-11i,0.007179678161721086-1.7175209011937995E-7i
61.00000000000004,91.3397459621556,3,1.4359356323441679E-6-3.435041802387482E-11i,0.007179678161721084-1.7175209011937997E-7i
57.99999999999996,89.60769515458662,3,1.4359356323441677E-6-3.435041802387482E-11i,0.007179678161721085-1.7175209011937997E-7i
59.00000000000009,87.87564434701775,3,1.4359356323441677E-6-3.435041802387482E-11i,0.007179678161721085-1.7175209011937997E-7i
59.00000000000018,84.4115427318799,3,1.4359356323441677E-6-3.435041802387482E-11i,0.007179678161721085-1.7175209011937997E-7i
49.99999999999997,86.143593539449,3,1.4359356323441677E-6-3.435041802387482E-11i,0.007179678161721085-1.7175209011937997E-7i
51.99999999999993,86.14359353944897,3,1.4359356323441679E-6-3.435041802387482E-11i,0.007179678161721084-1.7175209011937997E-7i
51.95384615384609,86.23266929839195,2.5118666513127974,1.435935632344167E-6-3.435041802387482E-11i,0.0071796781617210845-1.7175209011937992E-7i
52.999999999999964,87.87564434701784,3,1.4359356323441679E-6-3.435041802387482E-11i,0.0071796781617210845-1.7175209011937997E-7i
54.00000000000001,86.14359353944897,3,1.4359356323441677E-6-3.435041802387482E-11i,0.007179678161721085-1.7175209011937997E-7i
50.99999999999992,84.4115427318801,3,1.4359356323441679E-6-3.435041802387482E-11i,0.007179678161721085-1.7175209011938E-7i
52.9333333333333,84.52839566061428,2.5017964071856404,1.4359356323441672E-6-3.435041802387482E-11i,0.007179678161721085-1.7175209011937992E-7i
52.99999999999998,84.41154273188006,3,1.4359356323441679E-6-3.435041802387482E-11i,0.0071796781617210845-1.7175209011937997E-7i
54.999999999999915,84.41154273188016,3,1.4359356323441674E-6-3.435041802387482E-11i,0.007179678161721086-1.7175209011937995E-7i
62.99999999999974,80.94744111674245,3,1.4359356323441679E-6-3.435041802387482E-11i,0.007179678161721084-1.7175209011937995E-7i
63.999999999999545,79.21539030917334,3,1.4359356323441679E-6-3.435041802387482E-11i,0.007179678161721084-1.7175209011937997E-7i
62.00000000000005,79.2153903091738,3,1.4359356323441679E-6-3.435041802387482E-11i,0.0071796781617210845-1.7175209011937997E-7i
61.00000000000041,80.94744111674248,3,1.4359356323441679E-6-3.435041802387482E-11i,0.007179678161721085-1.7175209011938E-7i
60.00000000000042,82.67949192431115,3,1.4359356323441677E-6-3.435041802387482E-11i,0.007179678161721085-1.7175209011937997E-7i
66.00000000000064,75.75128869403513,3,1.4359356323441674E-6-3.435041802387482E-11i,0.007179678161721086-1.7175209011937995E-7i
64.9999999999998,77.48333950160414,3,1.4359356323441674E-6-3.435041802387482E-11i,0.007179678161721086-1.7175209011937995E-7i
66.00000000000036,79.21539030917317,3,1.4359356323441674E-6-3.435041802387482E-11i,0.007179678161721086-1.7175209011937995E-7i
68.00000000000048,79.21539030917366,3,1.4359356323441679E-6-3.435041802387482E-11i,0.0071796781617210845-1.7175209011937997E-7i
67.00000000000044,80.94744111674231,3,1.4359356323441679E-6-3.435041802387482E-11i,0.0071796781617210845-1.7175209011937997E-7i
62.00000000000004,75.75128869403643,3,1.4359356323441679E-6-3.435041802387482E-11i,0.0071796781617210845-1.7175209011937997E-7i
60.00000000000159,75.7512886940355,3,1.4359356323441674E-6-3.435041802387482E-11i,0.007179678161721086-1.7175209011937995E-7i
61.000000000000824,77.48333950160492,3,1.4359356323441679E-6-3.435041802387482E-11i,0.007179678161721085-1.7175209011938E-7i
62.9999999999994,77.48333950160485,3,1.4359356323441679E-6-3.435041802387482E-11i,0.0071796781617210845-1.7175209011937997E-7i
63.99999999999899,75.75128869403548,3,1.4359356323441679E-6-3.435041802387482E-11i,0.007179678161721084-1.7175209011937997E-7i
57.99999999999992,86.1435935394488,3,1.4359356323441677E-6-3.435041802387482E-11i,0.007179678161721085-1.7175209011937997E-7i
56.999999999999815,87.87564434701778,3,1.4359356323441679E-6-3.435041802387482E-11i,0.007179678161721085-1.7175209011938E-7i
54.999999999999964,87.8756443470179,3,1.4359356323441679E-6-3.435041802387482E-11i,0.007179678161721085-1.7175209011938E-7i
55.999999999999794,86.143593539449,3,1.4359356323441679E-6-3.435041802387482E-11i,0.0071796781617210845-1.7175209011937997E-7i
56.99999999999968,84.41154273187998,3,1.4359356323441679E-6-3.435041802387482E-11i,0.007179678161721085-1.7175209011938E-7i
40.00000000000006,93.07179676972447,3,1.4359356323441674E-6-3.435041802387482E-11i,0.007179678161721086-1.7175209011937995E-7i
45.000000000000036,91.3397459621556,3,1.4359356323441679E-6-3.435041802387482E-11i,0.0071796781617210845-1.7175209011937997E-7i
46.000000000000036,89.60769515458676,3,1.4359356323441679E-6-3.435041802387482E-11i,0.007179678161721085-1.7175209011938E-7i
44.00000000000003,89.60769515458671,3,1.4359356323441679E-6-3.435041802387482E-11i,0.007179678161721085-1.7175209011938E-7i
37.999999999999986,93.07179676972443,3,1.4359356323441672E-6-3.435041802387482E-11i,0.007179678161721086-1.7175209011937992E-7i
42.99999999999999,94.80384757729337,3,1.4359356323441679E-6-3.435041802387482E-11i,0.007179678161721085-1.7175209011938E-7i
44.000000000000014,93.07179676972447,3,1.4359356323441679E-6-3.435041802387482E-11i,0.0071796781617210845-1.7175209011937997E-7i
43,91.3397459621556,3,1.4359356323441677E-6-3.435041802387482E-11i,0.007179678161721085-1.7175209011937997E-7i
41.999999999999986,93.07179676972447,3,1.4359356323441679E-6-3.435041802387482E-11i,0.007179678161721084-1.7175209011937995E-7i
41.00000000000002,91.3397459621556,3,1.4359356323441679E-6-3.435041802387482E-11i,0.0071796781617210845-1.7175209011937997E-7i
39.00000000000007,91.33974596215555,3,1.4359356323441679E-6-3.435041802387482E-11i,0.007179678161721085-1.7175209011938E-7i
40.00000000000009,89.60769515458671,3,1.4359356323441677E-6-3.435041802387482E-11i,0.007179678161721085-1.7175209011937997E-7i
35.999999999999915,93.07179676972447,3,1.4359356323441679E-6-3.435041802387482E-11i,0.0071796781617210845-1.7175209011937997E-7i
34,93.0717967697245,3,1.4359356323441679E-6-3.435041802387482E-11i,0.007179678161721085-1.7175209011938E-7i
32.000000000000014,96.53589838486224,3,1.4359356323441677E-6-3.435041802387482E-11i,0.007179678161721085-1.7175209011937997E-7i
33.000000000000014,94.80384757729337,3,1.4359356323441679E-6-3.435041802387482E-11i,0.007179678161721084-1.7175209011937997E-7i
32.00000000000003,93.0717967697245,3,1.4359356323441674E-6-3.435041802387482E-11i,0.007179678161721086-1.7175209011937995E-7i
36.99999999999991,91.33974596215555,3,1.4359356323441674E-6-3.435041802387482E-11i,0.007179678161721086-1.7175209011937995E-7i
34.99999999999993,91.33974596215563,3,1.4359356323441677E-6-3.435041802387482E-11i,0.007179678161721085-1.7175209011937997E-7i
35.999999999999844,89.60769515458672,3,1.4359356323441679E-6-3.435041802387482E-11i,0.0071796781617210845-1.7175209011937997E-7i
29.5,90.47372055837117,2.4999999999999867,1.4359356323441679E-6-3.435041802387482E-11i,0.007179678161721085-1.7175209011938E-7i
30,89.60769515458671,3,1.4359356323441674E-6-3.435041802387482E-11i,0.007179678161721086-1.7175209011937995E-7i
31.00000000000003,91.3397459621556,3,1.4359356323441674E-6-3.435041802387482E-11i,0.007179678161721086-1.7175209011937995E-7i
29,91.3397459621556,3,1.4359356323441672E-6-3.435041802387482E-11i,0.007179678161721086-1.7175209011937992E-7i
48.99999999999994,84.41154273188012,3,1.4359356323441672E-6-3.435041802387482E-11i,0.007179678161721086-1.7175209011937992E-7i
45.00000000000008,87.87564434701785,3,1.4359356323441679E-6-3.435041802387482E-11i,0.007179678161721085-1.7175209011938E-7i
46.000000000000064,86.14359353944903,3,1.4359356323441679E-6-3.435041802387482E-11i,0.007179678161721085-1.7175209011938E-7i
47.00000000000001,84.41154273188017,3,1.4359356323441677E-6-3.435041802387482E-11i,0.007179678161721085-1.7175209011937997E-7i
74.01923788646702,63.000000000001485,3,1.4359356323441679E-6-3.435041802387482E-11i,0.007179678161721084-1.7175209011937997E-7i
84.41154273188005,48.000000000000064,2.4999999999999867,1.4359356323441679E-6-3.435041802387482E-11i,0.007179678161721085-1.7175209011938E-7i
84.41154273188005,46.99999999999998,3,1.4359356323441679E-6-3.435041802387482E-11i,0.0071796781617210845-1.7175209011937997E-7i
84.41154273188006,49.000000000000114,3,1.4359356323441679E-6-3.435041802387482E-11i,0.007179678161721085-1.7175209011938E-7i
82.67949192431112,48.000000000000064,3,1.4359356323441679E-6-3.435041802387482E-11i,0.0071796781617210845-1.7175209011937997E-7i
86.14359353944893,48.00000000000004,3,1.4359356323441679E-6-3.435041802387482E-11i,0.007179678161721085-1.7175209011938E-7i
79.2153903091735,50.00000000000031,3,1.4359356323441679E-6-3.435041802387482E-11i,0.007179678161721085-1.7175209011938E-7i
79.21539030917361,51.999999999999936,3,1.4359356323441677E-6-3.435041802387482E-11i,0.007179678161721085-1.7175209011937997E-7i
80.94744111674244,51.00000000000012,3,1.4359356323441674E-6-3.435041802387482E-11i,0.007179678161721086-1.7175209011937995E-7i
77.48333950160479,51.00000000000022,3,1.4359356323441677E-6-3.435041802387482E-11i,0.007179678161721085-1.7175209011937997E-7i
84.41154273188013,52.99999999999993,3,1.4359356323441677E-6-3.435041802387482E-11i,0.007179678161721085-1.7175209011937997E-7i
82.67949192431121,53.99999999999989,3,1.4359356323441677E-6-3.435041802387482E-11i,0.007179678161721085-1.7175209011937997E-7i
82.6794919243113,51.99999999999997,3,1.4359356323441677E-6-3.435041802387482E-11i,0.007179678161721085-1.7175209011937997E-7i
91.3397459621556,47.000000000000014,3,1.4359356323441679E-6-3.435041802387482E-11i,0.007179678161721084-1.7175209011937997E-7i
86.14359353944899,50.000000000000085,3,1.4359356323441679E-6-3.435041802387482E-11i,0.0071796781617210845-1.7175209011937997E-7i
86.14359353944901,51.99999999999998,3,1.4359356323441679E-6-3.435041802387482E-11i,0.007179678161721085-1.7175209011938E-7i
84.41154273188016,51.00000000000006,3,1.4359356323441679E-6-3.435041802387482E-11i,0.007179678161721085-1.7175209011938E-7i
74.01923788646673,58.99999999999899,3,1.4359356323441677E-6-3.435041802387482E-11i,0.007179678161721085-1.7175209011937997E-7i
74.01923788646599,61.00000000000027,3,1.4359356323441674E-6-3.435041802387482E-11i,0.007179678161721086-1.7175209011937995E-7i
75.75128869403525,59.999999999999474,3,1.4359356323441677E-6-3.435041802387482E-11i,0.007179678161721085-1.7175209011937997E-7i
77.48333950160452,58.99999999999948,3,1.4359356323441677E-6-3.435041802387482E-11i,0.007179678161721085-1.7175209011937997E-7i
82.67949192431121,56,3,1.4359356323441679E-6-3.435041802387482E-11i,0.007179678161721084-1.7175209011937997E-7i
82.67949192431125,57.99999999999988,3,1.4359356323441679E-6-3.435041802387482E-11i,0.0071796781617210845-1.7175209011937997E-7i
80.94744111674228,54.99999999999994,3,1.4359356323441679E-6-3.435041802387482E-11i,0.007179678161721085-1.7175209011938E-7i
80.94744111674238,56.99999999999997,3,1.4359356323441679E-6-3.435041802387482E-11i,0.0071796781617210845-1.7175209011937997E-7i
80.94744111674231,58.99999999999973,3,1.4359356323441677E-6-3.435041802387482E-11i,0.007179678161721085-1.7175209011937997E-7i
77.48333950160449,54.99999999999993,3,1.4359356323441679E-6-3.435041802387482E-11i,0.007179678161721085-1.7175209011938E-7i
77.48333950160469,52.999999999999716,3,1.4359356323441677E-6-3.435041802387482E-11i,0.007179678161721085-1.7175209011937997E-7i
75.75128869403564,53.999999999999645,3,1.4359356323441677E-6-3.435041802387482E-11i,0.007179678161721085-1.7175209011937997E-7i
79.21539030917343,53.99999999999981,3,1.4359356323441677E-6-3.435041802387482E-11i,0.007179678161721085-1.7175209011937997E-7i
79.21539030917354,57.99999999999979,3,1.4359356323441679E-6-3.435041802387482E-11i,0.0071796781617210845-1.7175209011937997E-7i
77.48333950160469,57,3,1.4359356323441679E-6-3.435041802387482E-11i,0.0071796781617210845-1.7175209011937997E-7i
79.21539030917344,56.000000000000036,3,1.4359356323441679E-6-3.435041802387482E-11i,0.007179678161721084-1.7175209011937997E-7i
75.75128869403588,57.9999999999996,3,1.4359356323441679E-6-3.435041802387482E-11i,0.0071796781617210845-1.7175209011937997E-7i
74.01923788646707,57.00000000000004,3,1.4359356323441679E-6-3.435041802387482E-11i,0.0071796781617210845-1.7175209011937997E-7i
75.7512886940357,56.00000000000014,3,1.4359356323441679E-6-3.435041802387482E-11i,0.007179678161721084-1.7175209011937997E-7i
74.01923788646664,54.999999999999936,3,1.4359356323441679E-6-3.435041802387482E-11i,0.007179678161721085-1.7175209011938E-7i
72.28718707889794,56.00000000000036,3,1.4359356323441679E-6-3.435041802387482E-11i,0.007179678161721084-1.7175209011937997E-7i
72.28718707889834,57.99999999999922,3,1.4359356323441679E-6-3.435041802387482E-11i,0.0071796781617210845-1.7175209011937997E-7i
80.9474411167424,52.99999999999985,3,1.4359356323441679E-6-3.435041802387482E-11i,0.007179678161721085-1.7175209011938E-7i
77.48333950160445,49.00000000000039,3,1.4359356323441679E-6-3.435041802387482E-11i,0.0071796781617210845-1.7175209011937997E-7i
79.21539030917329,48.0000000000001,3,1.4359356323441679E-6-3.435041802387482E-11i,0.007179678161721084-1.7175209011937997E-7i
77.4833395016044,46.99999999999986,3,1.4359356323441677E-6-3.435041802387482E-11i,0.007179678161721085-1.7175209011937997E-7i
93.0717967697245,40,3,1.4359356323441679E-6-3.435041802387482E-11i,0.007179678161721084-1.7175209011937995E-7i
93.0717967697245,39.99999999999997,2.5000000000000013,1.435935632344167E-6-3.435041802387482E-11i,0.007179678161721084-1.7175209011937992E-7i
94.80384757729337,38.99999999999998,3,1.4359356323441679E-6-3.435041802387482E-11i,0.007179678161721085-1.7175209011938E-7i
93.0717967697245,37.99999999999997,3,1.4359356323441677E-6-3.435041802387482E-11i,0.007179678161721085-1.7175209011937997E-7i
94.80384757729337,41,3,1.4359356323441677E-6-3.435041802387482E-11i,0.007179678161721085-1.7175209011937997E-7i
93.07179676972447,41.999999999999986,3,1.4359356323441677E-6-3.435041802387482E-11i,0.007179678161721085-1.7175209011937997E-7i
90.47372055837117,42.49999999999999,2.5000000000000138,1.4359356323441679E-6-3.435041802387482E-11i,0.007179678161721085-1.7175209011938E-7i
89.60769515458672,41.99999999999998,3,1.4359356323441677E-6-3.435041802387482E-11i,0.007179678161721085-1.7175209011937997E-7i
91.3397459621556,43.00000000000001,3,1.4359356323441677E-6-3.435041802387482E-11i,0.007179678161721085-1.7175209011937997E-7i
89.60769515458674,44.00000000000002,3,1.4359356323441679E-6-3.435041802387482E-11i,0.0071796781617210845-1.7175209011937997E-7i
91.3397459621556,40.999999999999986,3,1.4359356323441674E-6-3.435041802387482E-11i,0.007179678161721086-1.7175209011937995E-7i
91.3397459621556,38.999999999999986,3,1.4359356323441672E-6-3.435041802387482E-11i,0.007179678161721086-1.7175209011937992E-7i
91.3397459621556,45,3,1.4359356323441679E-6-3.435041802387482E-11i,0.0071796781617210845-1.7175209011937997E-7i
87.87564434701785,45.00000000000001,3,1.4359356323441677E-6-3.435041802387482E-11i,0.007179678161721085-1.7175209011937997E-7i
84.4115427318801,45,3,1.4359356323441672E-6-3.435041802387482E-11i,0.007179678161721086-1.7175209011937992E-7i
82.67949192431121,45.99999999999994,3,1.4359356323441674E-6-3.435041802387482E-11i,0.007179678161721086-1.7175209011937995E-7i
86.14359353944897,45.99999999999998,3,1.4359356323441677E-6-3.435041802387482E-11i,0.007179678161721085-1.7175209011937997E-7i
87.87564434701784,43.00000000000001,3,1.4359356323441679E-6-3.435041802387482E-11i,0.007179678161721084-1.7175209011937997E-7i
94.80384757729338,36.999999999999986,3,1.4359356323441679E-6-3.435041802387482E-11i,0.007179678161721085-1.7175209011938E-7i
96.53589838486224,40,3,1.4359356323441677E-6-3.435041802387482E-11i,0.007179678161721085-1.7175209011937997E-7i
96.53589838486225,36,3,1.4359356323441679E-6-3.435041802387482E-11i,0.007179678161721084-1.7175209011937995E-7i
96.53589838486225,34,3,1.4359356323441679E-6-3.435041802387482E-11i,0.0071796781617210845-1.7175209011937997E-7i
94.80384757729338,35,3,1.4359356323441674E-6-3.435041802387482E-11i,0.007179678161721086-1.7175209011937995E-7i
93.0717967697245,36,3,1.4359356323441679E-6-3.435041802387482E-11i,0.007179678161721085-1.7175209011938E-7i
80.94744111674224,46.999999999999936,3,1.4359356323441674E-6-3.435041802387482E-11i,0.007179678161721086-1.7175209011937995E-7i
79.21539030917343,45.99999999999986,3,1.4359356323441677E-6-3.435041802387482E-11i,0.007179678161721085-1.7175209011937997E-7i
80.94744111674235,44.99999999999997,3,1.4359356323441677E-6-3.435041802387482E-11i,0.007179678161721085-1.7175209011937997E-7i
91.33974596215563,36.99999999999997,3,1.4359356323441679E-6-3.435041802387482E-11i,0.0071796781617210845-1.7175209011937997E-7i
94.80384757729338,33,3,1.4359356323441679E-6-3.435041802387482E-11i,0.007179678161721084-1.7175209011937995E-7i
96.53589838486225,32,3,1.4359356323441677E-6-3.435041802387482E-11i,0.007179678161721085-1.7175209011937997E-7i
94.80384757729337,31,3,1.4359356323441677E-6-3.435041802387482E-11i,0.007179678161721085-1.7175209011937997E-7i
93.0717967697245,34,3,1.4359356323441679E-6-3.435041802387482E-11i,0.007179678161721085-1.7175209011938E-7i
91.33974596215563,35,3,1.4359356323441672E-6-3.435041802387482E-11i,0.007179678161721086-1.7175209011937992E-7i
100,30.000000000000007,3,1.4359356323441679E-6-3.435041802387482E-11i,0.007179678161721084-1.7175209011937997E-7i
98.26794919243112,31,3,1.4359356323441679E-6-3.435041802387482E-11i,0.007179678161721084-1.7175209011937997E-7i
96.53589838486225,30,3,1.4359356323441677E-6-3.435041802387482E-11i,0.007179678161721085-1.7175209011937997E-7i
96.53589838486224,26,3,1.4359356323441677E-6-3.435041802387482E-11i,0.007179678161721085-1.7175209011937997E-7i
96.53589838486225,28,3,1.4359356323441677E-6-3.435041802387482E-11i,0.007179678161721085-1.7175209011937997E-7i
98.26794919243112,27,3,1.4359356323441679E-6-3.435041802387482E-11i,0.0071796781617210845-1.7175209011937997E-7i
98.26794919243113,29,3,1.4359356323441679E-6-3.435041802387482E-11i,0.0071796781617210845-1.7175209011937997E-7i
100.00000000000003,28.000000000000007,3.000000000000001,1.4359356323441679E-6-3.435041802387482E-11i,0.007179678161721084-1.7175209011937995E-7i
100,26,2.9999999999999996,1.4359356323441679E-6-3.435041802387482E-11i,0.007179678161721084-1.7175209011937995E-7i
93.0717967697245,32,3,1.4359356323441672E-6-3.435041802387482E-11i,0.007179678161721086-1.7175209011937992E-7i
91.33974596215562,32.00000000000003,2.4999999999999822,1.4359356323441679E-6-3.435041802387482E-11i,0.007179678161721085-1.7175209011938E-7i
91.33974596215563,31.000000000000014,3,1.4359356323441679E-6-3.435041802387482E-11i,0.007179678161721085-1.7175209011938E-7i
91.33974596215563,33,3,1.4359356323441679E-6-3.435041802387482E-11i,0.0071796781617210845-1.7175209011937997E-7i
89.60769515458676,32.000000000000014,3,1.4359356323441679E-6-3.435041802387482E-11i,0.007179678161721085-1.7175209011938E-7i
89.60769515458675,34,3,1.4359356323441679E-6-3.435041802387482E-11i,0.007179678161721085-1.7175209011938E-7i
94.80384757729337,27,3,1.4359356323441679E-6-3.435041802387482E-11i,0.007179678161721085-1.7175209011938E-7i
94.80384757729338,29,3,1.4359356323441679E-6-3.435041802387482E-11i,0.007179678161721085-1.7175209011938E-7i
93.0717967697245,30,3,1.4359356323441679E-6-3.435041802387482E-11i,0.007179678161721085-1.7175209011938E-7i
93.0717967697245,28.000000000000014,3,1.4359356323441679E-6-3.435041802387482E-11i,0.007179678161721084-1.7175209011937997E-7i
91.3397459621556,27.00000000000003,3,1.4359356323441677E-6-3.435041802387482E-11i,0.007179678161721085-1.7175209011937997E-7i
91.33974596215563,29.000000000000014,3,1.4359356323441674E-6-3.435041802387482E-11i,0.007179678161721086-1.7175209011937995E-7i
96.53589838486225,24,3,1.4359356323441679E-6-3.435041802387482E-11i,0.007179678161721085-1.7175209011938E-7i
98.26794919243112,25,3,1.4359356323441679E-6-3.435041802387482E-11i,0.007179678161721084-1.7175209011937995E-7i
98.26794919243112,23,3,1.4359356323441679E-6-3.435041802387482E-11i,0.007179678161721085-1.7175209011938E-7i
100.00000000000003,24.000000000000007,3.000000000000001,1.4359356323441679E-6-3.435041802387482E-11i,0.007179678161721084-1.7175209011937997E-7i
94.80384757729337,24.999999999999986,3,1.4359356323441679E-6-3.435041802387482E-11i,0.007179678161721084-1.7175209011937995E-7i
94.80384757729338,23,3,1.4359356323441677E-6-3.435041802387482E-11i,0.007179678161721085-1.7175209011937997E-7i
93.0717967697245,23.99999999999997,3,1.4359356323441679E-6-3.435041802387482E-11i,0.007179678161721085-1.7175209011938E-7i
93.07179676972447,26.000000000000014,3,1.4359356323441679E-6-3.435041802387482E-11i,0.0071796781617210845-1.7175209011937997E-7i
96.53589838486225,22,3,1.4359356323441679E-6-3.435041802387482E-11i,0.007179678161721085-1.7175209011938E-7i
100,22,3.0000000000000004,1.4359356323441679E-6-3.435041802387482E-11i,0.007179678161721084-1.7175209011937997E-7i
98.26794919243113,15,3,1.4359356323441679E-6-3.435041802387482E-11i,0.007179678161721084-1.7175209011937995E-7i
98.26794919243112,15.000000000000002,2.500000000000007,1.435935632344167E-6-3.435041802387482E-11i,0.007179678161721084-1.7175209011937992E-7i
96.53589838486224,14.000000000000014,3,1.4359356323441679E-6-3.435041802387482E-11i,0.007179678161721084-1.7175209011937997E-7i
96.53589838486225,16,3,1.4359356323441672E-6-3.435041802387482E-11i,0.007179678161721086-1.7175209011937992E-7i
98.26794919243112,17,3,1.4359356323441674E-6-3.435041802387482E-11i,0.007179678161721086-1.7175209011937995E-7i
100,16,3.0000000000000004,1.4359356323441679E-6-3.435041802387482E-11i,0.007179678161721084-1.7175209011937995E-7i
98.26794919243112,13,3,1.4359356323441674E-6-3.435041802387482E-11i,0.007179678161721086-1.7175209011937995E-7i
100,14,3,1.4359356323441679E-6-3.435041802387482E-11i,0.007179678161721084-1.7175209011937995E-7i
98.26794919243113,21,3,1.4359356323441679E-6-3.435041802387482E-11i,0.007179678161721084-1.7175209011937997E-7i
96.53589838486225,20,3,1.4359356323441677E-6-3.435041802387482E-11i,0.007179678161721085-1.7175209011937997E-7i
98.26794919243112,19,3,1.4359356323441679E-6-3.435041802387482E-11i,0.007179678161721085-1.7175209011938E-7i
100,20,3,1.4359356323441679E-6-3.435041802387482E-11i,0.007179678161721084-1.7175209011937995E-7i
100,18,3,1.4359356323441679E-6-3.435041802387482E-11i,0.007179678161721084-1.7175209011937995E-7i
100,12.000000000000002,2.9999999999999996,1.4359356323441679E-6-3.435041802387482E-11i,0.007179678161721084-1.7175209011937995E-7i
98.26794919243113,11,3,1.4359356323441679E-6-3.435041802387482E-11i,0.0071796781617210845-1.7175209011937997E-7i
0,100,3,1.4359356323441679E-6-3.435041802387482E-11i,0.007179678161721084-1.7175209011937995E-7i
1.4481192983392077,98.72200185750171,3,1.4359356323441677E-6-3.435041802387482E-11i,0.007179678161721085-1.7175209011937997E-7i
0,98.00000000000001,3.0000000000000004,1.4359356323441679E-6-3.435041802387482E-11i,0.007179678161721084-1.7175209011937995E-7i
1.9999999999999996,100,3,1.435935632344168E-6-3.435041802387482E-11i,0.0071796781617210845-1.7175209011938E-7i
2.093537749548797,98.54875386665714,2.499999999999998,1.4359356323441679E-6-3.435041802387482E-11i,0.007179678161721085-1.7175209011938E-7i
3.0798017192563236,98.57326437346146,3,1.4359356323441679E-6-3.435041802387482E-11i,0.007179678161721085-1.7175209011938E-7i
1.846229980600171,96.8997492356641,3,1.4359356323441677E-6-3.435041802387482E-11i,0.007179678161721085-1.7175209011937997E-7i
5.999999999999998,100,3,1.4359356323441679E-6-3.435041802387482E-11i,0.007179678161721084-1.7175209011937995E-7i
5.020393780305824,98.33008514591913,3,1.4359356323441677E-6-3.435041802387482E-11i,0.007179678161721085-1.7175209011937997E-7i
3.999999999999999,100,3.0000000000000004,1.4359356323441679E-6-3.435041802387482E-11i,0.007179678161721084-1.7175209011937995E-7i
15.000000000000012,98.9607695154587,2.5000000000000173,1.4359356323441674E-6-3.435041802387482E-11i,0.007179678161721086-1.7175209011937995E-7i
15,98.26794919243113,3,1.4359356323441677E-6-3.435041802387482E-11i,0.007179678161721085-1.7175209011937997E-7i
16.000000000000004,100.00000000000003,3.000000000000001,1.4359356323441679E-6-3.435041802387482E-11i,0.007179678161721084-1.7175209011937997E-7i
13.999999999999998,100,2.9999999999999996,1.4359356323441679E-6-3.435041802387482E-11i,0.007179678161721084-1.7175209011937995E-7i
13,98.2679491924311,3,1.4359356323441679E-6-3.435041802387482E-11i,0.007179678161721085-1.7175209011938E-7i
12.500000000000014,97.40192378864668,2.4999999999999964,1.4359356323441679E-6-3.435041802387482E-11i,0.007179678161721085-1.7175209011938E-7i
12,96.53589838486224,3,1.4359356323441672E-6-3.435041802387482E-11i,0.007179678161721086-1.7175209011937992E-7i
8.507997903432127,97.41810067371553,2.5000000000000036,1.4359356323441679E-6-3.435041802387482E-11i,0.007179678161721085-1.7175209011938E-7i
8.031991615201107,96.60060592503109,3,1.4359356323441679E-6-3.435041802387482E-11i,0.007179678161721085-1.7175209011938E-7i
9,98.26794919243112,3,1.4359356323441679E-6-3.435041802387482E-11i,0.007179678161721085-1.7175209011938E-7i
7,98.26794919243112,3,1.4359356323441677E-6-3.435041802387482E-11i,0.007179678161721085-1.7175209011937997E-7i
10,96.53589838486225,3,1.4359356323441674E-6-3.435041802387482E-11i,0.007179678161721086-1.7175209011937995E-7i
7.999999999999997,100,2.9999999999999996,1.4359356323441679E-6-3.435041802387482E-11i,0.007179678161721084-1.7175209011937995E-7i
14.000000000000014,96.53589838486225,3,1.4359356323441674E-6-3.435041802387482E-11i,0.007179678161721086-1.7175209011937995E-7i
17,98.2679491924311,3,1.4359356323441674E-6-3.435041802387482E-11i,0.007179678161721086-1.7175209011937995E-7i
15.999999999999986,96.53589838486224,3,1.4359356323441679E-6-3.435041802387482E-11i,0.007179678161721084-1.7175209011937995E-7i
16.000000000000014,96.53589838486224,2.5000000000000218,1.435935632344167E-6-3.435041802387482E-11i,0.007179678161721084-1.7175209011937992E-7i
18.00000000000003,96.53589838486224,3,1.4359356323441677E-6-3.435041802387482E-11i,0.007179678161721085-1.7175209011937997E-7i
14.999999999999972,94.80384757729338,3,1.4359356323441674E-6-3.435041802387482E-11i,0.007179678161721086-1.7175209011937995E-7i
18,100,3.0000000000000004,1.4359356323441679E-6-3.435041802387482E-11i,0.007179678161721084-1.7175209011937997E-7i
27.99999999999997,89.60769515458672,3,1.4359356323441672E-6-3.435041802387482E-11i,0.007179678161721086-1.7175209011937992E-7i
17.000000000000014,94.80384757729334,3,1.4359356323441674E-6-3.435041802387482E-11i,0.007179678161721086-1.7175209011937995E-7i
19,98.26794919243113,3,1.4359356323441679E-6-3.435041802387482E-11i,0.007179678161721085-1.7175209011938E-7i
26.999999999999986,94.80384757729337,3,1.4359356323441679E-6-3.435041802387482E-11i,0.007179678161721085-1.7175209011938E-7i
29,94.80384757729337,3,1.4359356323441679E-6-3.435041802387482E-11i,0.007179678161721085-1.7175209011938E-7i
27.999999999999986,93.07179676972447,3,1.4359356323441679E-6-3.435041802387482E-11i,0.007179678161721085-1.7175209011938E-7i
30,93.07179676972447,3,1.4359356323441679E-6-3.435041802387482E-11i,0.007179678161721084-1.7175209011937997E-7i
31.000000000000014,94.80384757729337,3,1.4359356323441679E-6-3.435041802387482E-11i,0.007179678161721085-1.7175209011938E-7i
30,96.53589838486224,3,1.4359356323441679E-6-3.435041802387482E-11i,0.0071796781617210845-1.7175209011937997E-7i
25.999999999999986,93.0717967697245,3,1.4359356323441679E-6-3.435041802387482E-11i,0.007179678161721084-1.7175209011937995E-7i
26.99999999999997,91.3397459621556,3,1.4359356323441679E-6-3.435041802387482E-11i,0.007179678161721085-1.7175209011938E-7i
25,91.33974596215563,3,1.4359356323441679E-6-3.435041802387482E-11i,0.0071796781617210845-1.7175209011937997E-7i
24.000000000000014,93.0717967697245,3,1.4359356323441679E-6-3.435041802387482E-11i,0.0071796781617210845-1.7175209011937997E-7i
25,94.80384757729337,3,1.4359356323441679E-6-3.435041802387482E-11i,0.007179678161721085-1.7175209011938E-7i
24.000000000000014,96.53589838486225,3,1.4359356323441679E-6-3.435041802387482E-11i,0.0071796781617210845-1.7175209011937997E-7i
23,94.80384757729337,3,1.4359356323441679E-6-3.435041802387482E-11i,0.007179678161721085-1.7175209011938E-7i
21.999999999999986,96.53589838486225,3,1.4359356323441674E-6-3.435041802387482E-11i,0.007179678161721086-1.7175209011937995E-7i
21,98.26794919243113,3,1.4359356323441679E-6-3.435041802387482E-11i,0.007179678161721085-1.7175209011938E-7i
20,96.53589838486225,3,1.4359356323441679E-6-3.435041802387482E-11i,0.007179678161721085-1.7175209011938E-7i
20,100,3,1.4359356323441679E-6-3.435041802387482E-11i,0.007179678161721084-1.7175209011937995E-7i
23,98.26794919243112,3,1.4359356323441679E-6-3.435041802387482E-11i,0.007179678161721084-1.7175209011937997E-7i
22,100,3,1.4359356323441679E-6-3.435041802387482E-11i,0.007179678161721084-1.7175209011937995E-7i
24,100,3.0000000000000004,1.4359356323441679E-6-3.435041802387482E-11i,0.007179678161721084-1.7175209011937997E-7i
25,98.26794919243113,3,1.4359356323441679E-6-3.435041802387482E-11i,0.0071796781617210845-1.7175209011937997E-7i
26,100,3,1.4359356323441679E-6-3.435041802387482E-11i,0.007179678161721084-1.7175209011937995E-7i
61.000000000001634,74.01923788646755,3,1.4359356323441679E-6-3.435041802387482E-11i,0.007179678161721085-1.7175209011938E-7i
62.999999999998685,74.0192378864674,3,1.4359356323441679E-6-3.435041802387482E-11i,0.0071796781617210845-1.7175209011937997E-7i
72.28718707889726,62.00000000000179,3,1.4359356323441679E-6-3.435041802387482E-11i,0.007179678161721085-1.7175209011938E-7i
72.28718707889897,64.00000000000102,3,1.4359356323441677E-6-3.435041802387482E-11i,0.007179678161721085-1.7175209011937997E-7i
70.55513627132947,63.00000000000288,3,1.4359356323441679E-6-3.435041802387482E-11i,0.007179678161721084-1.7175209011937995E-7i
70.55730338193825,63.002497910953174,2.499999999999998,1.435935632344167E-6-3.435041802387482E-11i,0.007179678161721084-1.7175209011937992E-7i
70.55513627132746,61.00000000000053,3,1.4359356323441677E-6-3.435041802387482E-11i,0.007179678161721085-1.7175209011937997E-7i
68.82308546375887,62.00000000000345,3,1.4359356323441679E-6-3.435041802387482E-11i,0.007179678161721084-1.7175209011937997E-7i
68.83825523795065,64.01748537661382,3,1.4359356323441679E-6-3.435041802387482E-11i,0.007179678161721085-1.7175209011938E-7i
70.5551362713305,64.9999999999993,3,1.4359356323441674E-6-3.435041802387482E-11i,0.007179678161721086-1.7175209011937995E-7i
68.16195713787208,68.60367256853485,2.5000000000000027,1.4359356323441679E-6-3.435041802387482E-11i,0.007179678161721085-1.7175209011938E-7i
67.54118571833266,69.00216945242748,3,1.435935632344168E-6-3.435041802387482E-11i,0.0071796781617210845-1.7175209011938E-7i
69.01579931542022,68.08462838450622,3,1.4359356323441679E-6-3.435041802387482E-11i,0.0071796781617210845-1.7175209011937997E-7i
69.03859922111769,70.28581336599174,3,1.4359356323441674E-6-3.435041802387482E-11i,0.007179678161721086-1.7175209011937995E-7i
72.28718707889836,65.99999999999866,3,1.4359356323441679E-6-3.435041802387482E-11i,0.007179678161721084-1.7175209011937995E-7i
70.64936410296416,67.01338758507815,3,1.4359356323441677E-6-3.435041802387482E-11i,0.007179678161721085-1.7175209011937997E-7i
72.35017589967873,68.04187619658289,3,1.4359356323441679E-6-3.435041802387482E-11i,0.0071796781617210845-1.7175209011937997E-7i
70.69815753167765,68.9961457587462,3,1.4359356323441674E-6-3.435041802387482E-11i,0.007179678161721086-1.7175209011937995E-7i
72.14010477099059,72.26114622482513,3,1.435935632344168E-6-3.435041802387482E-11i,0.0071796781617210845-1.7175209011938E-7i
70.82617228706313,70.74397084294138,3,1.4359356323441679E-6-3.435041802387482E-11i,0.007179678161721084-1.7175209011937997E-7i
69.91643095937143,72.25795410797761,3,1.4359356323441679E-6-3.435041802387482E-11i,0.0071796781617210845-1.7175209011937997E-7i
68.91211884809326,74.05077230509589,3,1.4359356323441677E-6-3.435041802387482E-11i,0.007179678161721085-1.7175209011937997E-7i
67.98986676096253,72.17277223725046,3,1.4359356323441679E-6-3.435041802387482E-11i,0.0071796781617210845-1.7175209011937997E-7i
67.00000000000158,74.01923788646661,3,1.4359356323441679E-6-3.435041802387482E-11i,0.007179678161721085-1.7175209011938E-7i
65.96508984544528,72.25767123209245,3,1.4359356323441677E-6-3.435041802387482E-11i,0.007179678161721085-1.7175209011937997E-7i
64.9999999999995,74.01923788646592,3,1.4359356323441674E-6-3.435041802387482E-11i,0.007179678161721086-1.7175209011937995E-7i
67.0522442966265,67.04207907122085,3,1.4359356323441672E-6-3.435041802387482E-11i,0.007179678161721085-1.7175209011937992E-7i
64.45080662381447,69.6964847244919,2.499999999999997,1.4359356323441679E-6-3.435041802387482E-11i,0.007179678161721085-1.7175209011938E-7i
64.96253687285795,70.5426777534968,3,1.4359356323441679E-6-3.435041802387482E-11i,0.0071796781617210845-1.7175209011937997E-7i
62.99999999999722,70.5551362713303,3,1.4359356323441677E-6-3.435041802387482E-11i,0.007179678161721085-1.7175209011937997E-7i
63.93351225799714,68.83828084379107,3,1.4359356323441674E-6-3.435041802387482E-11i,0.007179678161721086-1.7175209011937995E-7i
65.90717736440638,68.8498440293486,3,1.4359356323441679E-6-3.435041802387482E-11i,0.007179678161721085-1.7175209011938E-7i
72.28718707889709,59.999999999998984,3,1.4359356323441677E-6-3.435041802387482E-11i,0.007179678161721085-1.7175209011937997E-7i
55.99999999999935,79.21539030917356,3,1.4359356323441679E-6-3.435041802387482E-11i,0.0071796781617210845-1.7175209011937997E-7i
56.999999999999005,77.48333950160423,3,1.4359356323441679E-6-3.435041802387482E-11i,0.007179678161721085-1.7175209011938E-7i
54.99999999999974,77.4833395016049,3,1.4359356323441679E-6-3.435041802387482E-11i,0.0071796781617210845-1.7175209011937997E-7i
57.99999999999976,79.21539030917292,3,1.4359356323441677E-6-3.435041802387482E-11i,0.007179678161721085-1.7175209011937997E-7i
56.99999999999945,80.94744111674214,3,1.4359356323441679E-6-3.435041802387482E-11i,0.007179678161721085-1.7175209011938E-7i
60.00000000000081,79.21539030917334,3,1.4359356323441674E-6-3.435041802387482E-11i,0.007179678161721086-1.7175209011937995E-7i
59.000000000000334,80.94744111674198,3,1.4359356323441677E-6-3.435041802387482E-11i,0.007179678161721085-1.7175209011937997E-7i
55.99999999999964,82.67949192431126,3,1.4359356323441679E-6-3.435041802387482E-11i,0.0071796781617210845-1.7175209011937997E-7i
54.99999999999985,80.94744111674248,3,1.4359356323441679E-6-3.435041802387482E-11i,0.0071796781617210845-1.7175209011937997E-7i
57.99999999999986,82.67949192431092,3,1.4359356323441677E-6-3.435041802387482E-11i,0.007179678161721085-1.7175209011937997E-7i
59.00000000000065,77.48333950160392,3,1.4359356323441677E-6-3.435041802387482E-11i,0.007179678161721085-1.7175209011937997E-7i
54.00000000000004,82.67949192431124,3,1.4359356323441679E-6-3.435041802387482E-11i,0.007179678161721084-1.7175209011937995E-7i
53.000000000000036,80.94744111674228,3,1.4359356323441679E-6-3.435041802387482E-11i,0.007179678161721085-1.7175209011938E-7i
51.999999999999915,82.67949192431118,3,1.4359356323441679E-6-3.435041802387482E-11i,0.0071796781617210845-1.7175209011937997E-7i
49.99999999999992,82.67949192431124,3,1.4359356323441677E-6-3.435041802387482E-11i,0.007179678161721085-1.7175209011937997E-7i
50.99999999999986,80.94744111674233,3,1.4359356323441679E-6-3.435041802387482E-11i,0.0071796781617210845-1.7175209011937997E-7i
54.000000000000114,79.21539030917356,3,1.4359356323441679E-6-3.435041802387482E-11i,0.007179678161721084-1.7175209011937997E-7i
53.00000000000016,77.48333950160452,3,1.4359356323441677E-6-3.435041802387482E-11i,0.007179678161721085-1.7175209011937997E-7i
51.99999999999991,79.21539030917337,3,1.4359356323441677E-6-3.435041802387482E-11i,0.007179678161721085-1.7175209011937997E-7i
54.00000000000028,75.75128869403596,3,1.4359356323441679E-6-3.435041802387482E-11i,0.007179678161721084-1.7175209011937997E-7i
55.9999999999988,75.7512886940359,3,1.4359356323441679E-6-3.435041802387482E-11i,0.0071796781617210845-1.7175209011937997E-7i
51.99999999999997,75.75128869403552,3,1.4359356323441679E-6-3.435041802387482E-11i,0.007179678161721085-1.7175209011938E-7i
54.9999999999995,74.01923788646751,3,1.4359356323441679E-6-3.435041802387482E-11i,0.0071796781617210845-1.7175209011937997E-7i
53.000000000000504,74.01923788646677,3,1.4359356323441679E-6-3.435041802387482E-11i,0.007179678161721085-1.7175209011938E-7i
63.99999999999781,72.28718707889753,3,1.4359356323441679E-6-3.435041802387482E-11i,0.007179678161721085-1.7175209011938E-7i
62.00000000000002,72.28718707889949,3,1.4359356323441679E-6-3.435041802387482E-11i,0.0071796781617210845-1.7175209011937997E-7i
60.000000000003126,72.28718707889759,3,1.4359356323441674E-6-3.435041802387482E-11i,0.007179678161721086-1.7175209011937995E-7i
59.00000000000126,74.01923788646562,3,1.4359356323441677E-6-3.435041802387482E-11i,0.007179678161721085-1.7175209011937997E-7i
57.99999999999956,75.75128869403471,3,1.4359356323441677E-6-3.435041802387482E-11i,0.007179678161721085-1.7175209011937997E-7i
56.99999999999814,74.01923788646621,3,1.4359356323441679E-6-3.435041802387482E-11i,0.007179678161721085-1.7175209011938E-7i
47.99999999999993,82.6794919243113,3,1.4359356323441674E-6-3.435041802387482E-11i,0.007179678161721086-1.7175209011937995E-7i
42,89.60769515458674,3,1.4359356323441679E-6-3.435041802387482E-11i,0.007179678161721084-1.7175209011937995E-7i
41.00000000000007,87.87564434701787,3,1.4359356323441679E-6-3.435041802387482E-11i,0.007179678161721085-1.7175209011938E-7i
42.999999999999986,87.87564434701784,3,1.4359356323441679E-6-3.435041802387482E-11i,0.0071796781617210845-1.7175209011937997E-7i
37.999999999999986,89.60769515458662,3,1.4359356323441677E-6-3.435041802387482E-11i,0.007179678161721085-1.7175209011937997E-7i
42.99999999999997,84.41154273188008,3,1.4359356323441679E-6-3.435041802387482E-11i,0.007179678161721084-1.7175209011937995E-7i
41.000000000000135,84.41154273188016,3,1.4359356323441679E-6-3.435041802387482E-11i,0.0071796781617210845-1.7175209011937997E-7i
42,86.143593539449,3,1.4359356323441679E-6-3.435041802387482E-11i,0.0071796781617210845-1.7175209011937997E-7i
45.000000000000135,84.4115427318801,3,1.4359356323441679E-6-3.435041802387482E-11i,0.007179678161721085-1.7175209011938E-7i
44.00000000000007,82.67949192431115,3,1.4359356323441679E-6-3.435041802387482E-11i,0.0071796781617210845-1.7175209011937997E-7i
41.99999999999997,82.6794919243113,3,1.4359356323441679E-6-3.435041802387482E-11i,0.0071796781617210845-1.7175209011937997E-7i
44.00000000000005,86.14359353944894,3,1.4359356323441679E-6-3.435041802387482E-11i,0.007179678161721085-1.7175209011938E-7i
40.00000000000019,86.14359353944894,3,1.4359356323441677E-6-3.435041802387482E-11i,0.007179678161721085-1.7175209011937997E-7i
39.000000000000114,87.87564434701775,3,1.4359356323441677E-6-3.435041802387482E-11i,0.007179678161721085-1.7175209011937997E-7i
37.99999999999997,86.14359353944879,3,1.4359356323441677E-6-3.435041802387482E-11i,0.007179678161721085-1.7175209011937997E-7i
40.00000000000038,82.6794919243112,3,1.4359356323441679E-6-3.435041802387482E-11i,0.007179678161721085-1.7175209011938E-7i
39.00000000000022,84.41154273187993,3,1.4359356323441677E-6-3.435041802387482E-11i,0.007179678161721085-1.7175209011937997E-7i
37.99999999999995,82.6794919243109,3,1.4359356323441677E-6-3.435041802387482E-11i,0.007179678161721085-1.7175209011937997E-7i
36.99999999999969,84.41154273187993,3,1.4359356323441677E-6-3.435041802387482E-11i,0.007179678161721085-1.7175209011937997E-7i
36.99999999999983,87.87564434701775,3,1.4359356323441677E-6-3.435041802387482E-11i,0.007179678161721085-1.7175209011937997E-7i
34.99999999999987,87.87564434701792,3,1.4359356323441679E-6-3.435041802387482E-11i,0.007179678161721085-1.7175209011938E-7i
33.00000000000003,91.33974596215563,3,1.4359356323441679E-6-3.435041802387482E-11i,0.007179678161721084-1.7175209011937995E-7i
32.00000000000006,89.60769515458674,3,1.4359356323441677E-6-3.435041802387482E-11i,0.007179678161721085-1.7175209011937997E-7i
33.999999999999986,89.60769515458679,3,1.4359356323441679E-6-3.435041802387482E-11i,0.007179678161721084-1.7175209011937997E-7i
33.00000000000007,87.8756443470179,3,1.4359356323441679E-6-3.435041802387482E-11i,0.007179678161721084-1.7175209011937997E-7i
35.999999999999716,86.14359353944897,3,1.4359356323441679E-6-3.435041802387482E-11i,0.007179678161721085-1.7175209011938E-7i
33.99999999999997,86.14359353944909,3,1.4359356323441679E-6-3.435041802387482E-11i,0.0071796781617210845-1.7175209011937997E-7i
32.00000000000014,86.14359353944897,3,1.4359356323441679E-6-3.435041802387482E-11i,0.007179678161721085-1.7175209011938E-7i
31.000000000000057,87.87564434701781,3,1.4359356323441679E-6-3.435041802387482E-11i,0.0071796781617210845-1.7175209011937997E-7i
26.999999999999957,87.87564434701784,3,1.4359356323441679E-6-3.435041802387482E-11i,0.007179678161721085-1.7175209011938E-7i
28.99999999999997,87.87564434701783,3,1.4359356323441677E-6-3.435041802387482E-11i,0.007179678161721085-1.7175209011937997E-7i
30,86.14359353944891,3,1.4359356323441674E-6-3.435041802387482E-11i,0.007179678161721086-1.7175209011937995E-7i
27.999999999999943,86.14359353944896,3,1.4359356323441677E-6-3.435041802387482E-11i,0.007179678161721085-1.7175209011937997E-7i
31.000000000000128,84.41154273188003,3,1.4359356323441677E-6-3.435041802387482E-11i,0.007179678161721085-1.7175209011937997E-7i
34.999999999999744,84.41154273188025,3,1.4359356323441679E-6-3.435041802387482E-11i,0.0071796781617210845-1.7175209011937997E-7i
33.00000000000017,84.41154273188022,3,1.4359356323441679E-6-3.435041802387482E-11i,0.007179678161721084-1.7175209011937997E-7i
35.999999999999446,82.67949192431121,3,1.4359356323441679E-6-3.435041802387482E-11i,0.007179678161721085-1.7175209011938E-7i
33.99999999999997,82.67949192431146,3,1.4359356323441679E-6-3.435041802387482E-11i,0.0071796781617210845-1.7175209011937997E-7i
46.000000000000135,82.6794919243113,3,1.4359356323441677E-6-3.435041802387482E-11i,0.007179678161721085-1.7175209011937997E-7i
47.00000000000002,80.94744111674248,3,1.4359356323441679E-6-3.435041802387482E-11i,0.007179678161721085-1.7175209011938E-7i
48.99999999999988,80.9474411167424,3,1.4359356323441677E-6-3.435041802387482E-11i,0.007179678161721085-1.7175209011937997E-7i
44.0000000000001,79.21539030917336,3,1.4359356323441679E-6-3.435041802387482E-11i,0.0071796781617210845-1.7175209011937997E-7i
45.000000000000384,77.48333950160456,3,1.4359356323441679E-6-3.435041802387482E-11i,0.007179678161721085-1.7175209011938E-7i
42.99999999999979,77.48333950160456,3,1.4359356323441679E-6-3.435041802387482E-11i,0.0071796781617210845-1.7175209011937997E-7i
46.00000000000025,79.21539030917359,3,1.4359356323441677E-6-3.435041802387482E-11i,0.007179678161721085-1.7175209011937997E-7i
45.00000000000023,80.94744111674234,3,1.4359356323441679E-6-3.435041802387482E-11i,0.007179678161721085-1.7175209011938E-7i
42.999999999999915,80.94744111674231,3,1.4359356323441679E-6-3.435041802387482E-11i,0.0071796781617210845-1.7175209011937997E-7i
41.99999999999993,79.21539030917361,3,1.4359356323441679E-6-3.435041802387482E-11i,0.0071796781617210845-1.7175209011937997E-7i
41.00000000000025,80.94744111674248,3,1.4359356323441679E-6-3.435041802387482E-11i,0.0071796781617210845-1.7175209011937997E-7i
39.00000000000042,80.94744111674204,3,1.4359356323441674E-6-3.435041802387482E-11i,0.007179678161721086-1.7175209011937995E-7i
68.82308546376102,57.999999999998465,3,1.4359356323441679E-6-3.435041802387482E-11i,0.0071796781617210845-1.7175209011937997E-7i
67.09103465619248,57.00000000000034,3,1.4359356323441679E-6-3.435041802387482E-11i,0.0071796781617210845-1.7175209011937997E-7i
67.09103465619104,58.99999999999609,3,1.4359356323441677E-6-3.435041802387482E-11i,0.007179678161721085-1.7175209011937997E-7i
68.82308546375853,59.99999999999801,3,1.4359356323441677E-6-3.435041802387482E-11i,0.007179678161721085-1.7175209011937997E-7i
70.5551362713289,58.99999999999802,3,1.4359356323441677E-6-3.435041802387482E-11i,0.007179678161721085-1.7175209011937997E-7i
70.55513627132962,57.00000000000013,3,1.4359356323441679E-6-3.435041802387482E-11i,0.0071796781617210845-1.7175209011937997E-7i
75.7512886940358,50.000000000000604,3,1.4359356323441679E-6-3.435041802387482E-11i,0.007179678161721085-1.7175209011938E-7i
75.7512886940354,48.00000000000016,3,1.4359356323441679E-6-3.435041802387482E-11i,0.007179678161721085-1.7175209011938E-7i
74.01923788646725,51.000000000000426,3,1.4359356323441677E-6-3.435041802387482E-11i,0.007179678161721085-1.7175209011937997E-7i
75.75128869403602,51.99999999999988,3,1.4359356323441677E-6-3.435041802387482E-11i,0.007179678161721085-1.7175209011937997E-7i
68.82308546376022,56.000000000000846,3,1.4359356323441679E-6-3.435041802387482E-11i,0.007179678161721084-1.7175209011937997E-7i
70.55513627132869,54.99999999999998,3,1.4359356323441679E-6-3.435041802387482E-11i,0.007179678161721085-1.7175209011938E-7i
72.2871870788978,53.99999999999936,3,1.4359356323441677E-6-3.435041802387482E-11i,0.007179678161721085-1.7175209011937997E-7i
74.01923788646702,52.99999999999944,3,1.4359356323441677E-6-3.435041802387482E-11i,0.007179678161721085-1.7175209011937997E-7i
80.94744111674227,49.000000000000206,3,1.4359356323441679E-6-3.435041802387482E-11i,0.007179678161721084-1.7175209011937997E-7i
82.67949192431124,50.00000000000016,3,1.4359356323441679E-6-3.435041802387482E-11i,0.0071796781617210845-1.7175209011937997E-7i
70.55513627132942,52.9999999999989,3,1.4359356323441677E-6-3.435041802387482E-11i,0.007179678161721085-1.7175209011937997E-7i
68.82308546375985,53.99999999999881,3,1.4359356323441677E-6-3.435041802387482E-11i,0.007179678161721085-1.7175209011937997E-7i
72.28718707889855,51.99999999999974,3,1.4359356323441677E-6-3.435041802387482E-11i,0.007179678161721085-1.7175209011937997E-7i
74.01923788646658,49.00000000000074,3,1.4359356323441679E-6-3.435041802387482E-11i,0.007179678161721084-1.7175209011937997E-7i
75.75128869403555,46.999999999999936,2.499999999999999,1.4359356323441679E-6-3.435041802387482E-11i,0.007179678161721085-1.7175209011938E-7i
77.48333950160463,44.99999999999991,3,1.4359356323441679E-6-3.435041802387482E-11i,0.007179678161721085-1.7175209011938E-7i
74.0192378864665,46.999999999999694,3,1.4359356323441672E-6-3.435041802387482E-11i,0.007179678161721085-1.7175209011937992E-7i
75.75128869403565,45.99999999999969,3,1.4359356323441677E-6-3.435041802387482E-11i,0.007179678161721085-1.7175209011937997E-7i
82.67949192431121,44.00000000000003,3,1.4359356323441679E-6-3.435041802387482E-11i,0.0071796781617210845-1.7175209011937997E-7i
80.94744111674231,43.000000000000014,3,1.4359356323441679E-6-3.435041802387482E-11i,0.0071796781617210845-1.7175209011937997E-7i
75.75128869403576,44.000000000000036,3,1.4359356323441679E-6-3.435041802387482E-11i,0.0071796781617210845-1.7175209011937997E-7i
74.01923788646683,43.00000000000011,3,1.4359356323441679E-6-3.435041802387482E-11i,0.0071796781617210845-1.7175209011937997E-7i
74.01923788646694,44.999999999999766,3,1.4359356323441677E-6-3.435041802387482E-11i,0.007179678161721085-1.7175209011937997E-7i
75.75128869403565,42.00000000000001,3,1.4359356323441679E-6-3.435041802387482E-11i,0.0071796781617210845-1.7175209011937997E-7i
89.60769515458676,35.999999999999986,3,1.4359356323441679E-6-3.435041802387482E-11i,0.007179678161721085-1.7175209011938E-7i
89.60769515458674,37.99999999999996,3,1.4359356323441674E-6-3.435041802387482E-11i,0.007179678161721086-1.7175209011937995E-7i
87.87564434701787,36.99999999999996,3,1.4359356323441674E-6-3.435041802387482E-11i,0.007179678161721086-1.7175209011937995E-7i
87.87564434701785,40.99999999999998,3,1.4359356323441679E-6-3.435041802387482E-11i,0.0071796781617210845-1.7175209011937997E-7i
86.14359353944896,41.99999999999997,3,1.4359356323441679E-6-3.435041802387482E-11i,0.007179678161721084-1.7175209011937997E-7i
86.14359353944897,44.00000000000002,3,1.4359356323441679E-6-3.435041802387482E-11i,0.0071796781617210845-1.7175209011937997E-7i
84.41154273188008,43.00000000000001,3,1.4359356323441679E-6-3.435041802387482E-11i,0.0071796781617210845-1.7175209011937997E-7i
84.4115427318801,40.999999999999964,3,1.4359356323441679E-6-3.435041802387482E-11i,0.007179678161721085-1.7175209011938E-7i
86.14359353944897,39.99999999999998,3,1.4359356323441677E-6-3.435041802387482E-11i,0.007179678161721085-1.7175209011937997E-7i
87.87564434701784,38.99999999999997,3,1.4359356323441677E-6-3.435041802387482E-11i,0.007179678161721085-1.7175209011937997E-7i
89.60769515458674,40,3,1.4359356323441679E-6-3.435041802387482E-11i,0.0071796781617210845-1.7175209011937997E-7i
82.67949192431121,41.99999999999997,3,1.4359356323441679E-6-3.435041802387482E-11i,0.007179678161721084-1.7175209011937997E-7i
86.14359353944897,37.999999999999936,3,1.4359356323441679E-6-3.435041802387482E-11i,0.007179678161721085-1.7175209011938E-7i
84.41154273188008,38.99999999999996,3,1.4359356323441679E-6-3.435041802387482E-11i,0.007179678161721085-1.7175209011938E-7i
82.67949192431121,39.99999999999997,3,1.4359356323441679E-6-3.435041802387482E-11i,0.007179678161721085-1.7175209011938E-7i
77.48333950160456,43.000000000000036,3,1.4359356323441679E-6-3.435041802387482E-11i,0.0071796781617210845-1.7175209011937997E-7i
77.48333950160455,40.99999999999997,3,1.4359356323441679E-6-3.435041802387482E-11i,0.0071796781617210845-1.7175209011937997E-7i
79.21539030917347,44.00000000000003,3,1.4359356323441679E-6-3.435041802387482E-11i,0.0071796781617210845-1.7175209011937997E-7i
80.94744111674234,40.999999999999964,3,1.4359356323441679E-6-3.435041802387482E-11i,0.0071796781617210845-1.7175209011937997E-7i
79.21539030917343,41.99999999999997,3,1.4359356323441679E-6-3.435041802387482E-11i,0.0071796781617210845-1.7175209011937997E-7i
79.21539030917343,39.99999999999997,3,1.4359356323441677E-6-3.435041802387482E-11i,0.007179678161721085-1.7175209011937997E-7i
84.41154273188013,36.999999999999915,3,1.4359356323441679E-6-3.435041802387482E-11i,0.007179678161721085-1.7175209011938E-7i
82.67949192431121,37.9999999999999,3,1.4359356323441677E-6-3.435041802387482E-11i,0.007179678161721085-1.7175209011937997E-7i
80.94744111674231,38.99999999999993,3,1.4359356323441674E-6-3.435041802387482E-11i,0.007179678161721086-1.7175209011937995E-7i
86.14359353944901,35.99999999999997,3,1.4359356323441677E-6-3.435041802387482E-11i,0.007179678161721085-1.7175209011937997E-7i
87.87564434701788,35,3,1.4359356323441677E-6-3.435041802387482E-11i,0.007179678161721085-1.7175209011937997E-7i
86.143593539449,34.000000000000014,3,1.4359356323441679E-6-3.435041802387482E-11i,0.0071796781617210845-1.7175209011937997E-7i
87.87564434701787,33,3,1.4359356323441677E-6-3.435041802387482E-11i,0.007179678161721085-1.7175209011937997E-7i
86.143593539449,32.000000000000014,3,1.4359356323441674E-6-3.435041802387482E-11i,0.007179678161721086-1.7175209011937995E-7i
93.93782217350893,20.49999999999999,2.4999999999999987,1.4359356323441679E-6-3.435041802387482E-11i,0.007179678161721085-1.7175209011938E-7i
93.0717967697245,20,3,1.4359356323441679E-6-3.435041802387482E-11i,0.007179678161721085-1.7175209011938E-7i
94.80384757729337,21,3,1.4359356323441679E-6-3.435041802387482E-11i,0.0071796781617210845-1.7175209011937997E-7i
93.0717967697245,22.000000000000014,3,1.4359356323441679E-6-3.435041802387482E-11i,0.007179678161721085-1.7175209011938E-7i
94.80384757729337,19,3,1.4359356323441677E-6-3.435041802387482E-11i,0.007179678161721085-1.7175209011937997E-7i
91.3397459621556,24.999999999999986,3,1.4359356323441674E-6-3.435041802387482E-11i,0.007179678161721086-1.7175209011937995E-7i
96.53589838486225,18,3,1.4359356323441677E-6-3.435041802387482E-11i,0.007179678161721085-1.7175209011937997E-7i
91.33974596215563,22.999999999999986,3,1.4359356323441677E-6-3.435041802387482E-11i,0.007179678161721085-1.7175209011937997E-7i
89.60769515458674,28.00000000000003,3,1.4359356323441679E-6-3.435041802387482E-11i,0.007179678161721084-1.7175209011937997E-7i
89.60769515458671,26.00000000000003,3,1.4359356323441679E-6-3.435041802387482E-11i,0.007179678161721085-1.7175209011938E-7i
89.60769515458675,30,3,1.4359356323441679E-6-3.435041802387482E-11i,0.0071796781617210845-1.7175209011937997E-7i
87.87564434701785,27.000000000000057,3,1.4359356323441679E-6-3.435041802387482E-11i,0.007179678161721085-1.7175209011938E-7i
87.87564434701787,29.00000000000003,3,1.4359356323441679E-6-3.435041802387482E-11i,0.007179678161721084-1.7175209011937995E-7i
86.143593539449,30.000000000000014,3,1.4359356323441677E-6-3.435041802387482E-11i,0.007179678161721085-1.7175209011937997E-7i
87.87564434701787,31.00000000000003,3,1.4359356323441679E-6-3.435041802387482E-11i,0.007179678161721085-1.7175209011938E-7i
86.14359353944899,28.000000000000057,3,1.4359356323441679E-6-3.435041802387482E-11i,0.007179678161721085-1.7175209011938E-7i
84.41154273188012,31.000000000000014,3,1.4359356323441679E-6-3.435041802387482E-11i,0.007179678161721085-1.7175209011938E-7i
87.87564434701783,24.999999999999986,3,1.4359356323441672E-6-3.435041802387482E-11i,0.007179678161721086-1.7175209011937992E-7i
86.14359353944894,26.000000000000043,3,1.4359356323441674E-6-3.435041802387482E-11i,0.007179678161721086-1.7175209011937995E-7i
91.33974596215563,21.000000000000014,3,1.4359356323441677E-6-3.435041802387482E-11i,0.007179678161721085-1.7175209011937997E-7i
94.80384757729337,17,3,1.4359356323441679E-6-3.435041802387482E-11i,0.0071796781617210845-1.7175209011937997E-7i
93.0717967697245,17.999999999999986,3,1.4359356323441674E-6-3.435041802387482E-11i,0.007179678161721086-1.7175209011937995E-7i
91.3397459621556,19,3,1.4359356323441674E-6-3.435041802387482E-11i,0.007179678161721086-1.7175209011937995E-7i
93.93782217350893,14.499999999999995,2.5000000000000013,1.4359356323441679E-6-3.435041802387482E-11i,0.007179678161721085-1.7175209011938E-7i
93.0717967697245,14.000000000000028,3,1.4359356323441677E-6-3.435041802387482E-11i,0.007179678161721085-1.7175209011937997E-7i
94.80384757729337,13,3,1.4359356323441672E-6-3.435041802387482E-11i,0.007179678161721086-1.7175209011937992E-7i
94.80384757729337,15,3,1.4359356323441679E-6-3.435041802387482E-11i,0.007179678161721085-1.7175209011938E-7i
93.0717967697245,16,3,1.4359356323441674E-6-3.435041802387482E-11i,0.007179678161721086-1.7175209011937995E-7i
91.33974596215563,17,3,1.4359356323441679E-6-3.435041802387482E-11i,0.007179678161721084-1.7175209011937997E-7i
89.60769515458674,18,3,1.4359356323441672E-6-3.435041802387482E-11i,0.007179678161721086-1.7175209011937992E-7i
89.5800324240121,16.035804141357062,3,1.4359356323441677E-6-3.435041802387482E-11i,0.007179678161721085-1.7175209011937997E-7i
96.53589838486224,12,3,1.4359356323441674E-6-3.435041802387482E-11i,0.007179678161721086-1.7175209011937995E-7i
100,10,3,1.4359356323441679E-6-3.435041802387482E-11i,0.007179678161721084-1.7175209011937995E-7i
96.59290931034299,10.050159148560482,3,1.4359356323441677E-6-3.435041802387482E-11i,0.007179678161721085-1.7175209011937997E-7i
98.26794919243112,9,3,1.4359356323441674E-6-3.435041802387482E-11i,0.007179678161721086-1.7175209011937995E-7i
98.97104040167832,5.084111464258674,2.4999999999999973,1.4359356323441679E-6-3.435041802387482E-11i,0.007179678161721085-1.7175209011938E-7i
98.35903955398845,5.263525496004007,3,1.4359356323441677E-6-3.435041802387482E-11i,0.007179678161721085-1.7175209011937997E-7i
100.00000000000003,4.000000000000001,3.000000000000001,1.4359356323441679E-6-3.435041802387482E-11i,0.007179678161721084-1.7175209011937995E-7i
100,6,2.9999999999999996,1.4359356323441679E-6-3.435041802387482E-11i,0.007179678161721084-1.7175209011937997E-7i
98.15630313816385,3.0878295801144304,3,1.4359356323441672E-6-3.435041802387482E-11i,0.007179678161721085-1.7175209011937992E-7i
96.82760345563767,4.660104620582814,3,1.4359356323441679E-6-3.435041802387482E-11i,0.0071796781617210845-1.7175209011937995E-7i
96.83269010734841,4.600888970996726,2.5000000000000027,1.4359356323441672E-6-3.435041802387482E-11i,0.007179678161721085-1.7175209011937992E-7i
96.69949535808479,6.177868468654339,3,1.4359356323441679E-6-3.435041802387482E-11i,0.0071796781617210845-1.7175209011937997E-7i
95.99582444244218,3.271429332059924,3,1.4359356323441677E-6-3.435041802387482E-11i,0.007179678161721085-1.7175209011937997E-7i
97.86666870409691,1.4037624624641314,2.4963552422934474,1.4359356323441679E-6-3.435041802387482E-11i,0.007179678161721085-1.7175209011938E-7i
98.5568406762813,1.281217208043742,3,1.4359356323441677E-6-3.435041802387482E-11i,0.007179678161721085-1.7175209011937997E-7i
97.01345190181186,1.440861300813225,3,1.4359356323441679E-6-3.435041802387482E-11i,0.0071796781617210845-1.7175209011937997E-7i
100,2,3.0000000000000004,1.4359356323441679E-6-3.435041802387482E-11i,0.007179678161721084-1.7175209011937995E-7i
100,0,3,1.4359356323441679E-6-3.435041802387482E-11i,0.007179678161721084-1.7175209011937995E-7i
94.84260141278247,11.152950180682026,3,1.4359356323441679E-6-3.435041802387482E-11i,0.007179678161721085-1.7175209011938E-7i
93.11497914155177,12.142045237707208,3,1.4359356323441674E-6-3.435041802387482E-11i,0.007179678161721086-1.7175209011937995E-7i
94.8632072845327,9.19340953391145,3,1.4359356323441679E-6-3.435041802387482E-11i,0.007179678161721085-1.7175209011938E-7i
96.63436503325845,8.201305382844879,3,1.4359356323441677E-6-3.435041802387482E-11i,0.007179678161721085-1.7175209011937997E-7i
100.00000000000003,8,3.000000000000001,1.4359356323441679E-6-3.435041802387482E-11i,0.007179678161721084-1.7175209011937995E-7i
98,0,3,1.4359356323441679E-6-3.435041802387482E-11i,0.007179678161721084-1.7175209011937997E-7i
9.114562045962629,93.33618878925682,2.500000000000008,1.4359356323441679E-6-3.435041802387482E-11i,0.007179678161721085-1.7175209011938E-7i
8.117837791781525,93.49883989256148,3,1.4359356323441679E-6-3.435041802387482E-11i,0.007179678161721085-1.7175209011938E-7i
10.09856529077905,93.19192507637575,3,1.4359356323441679E-6-3.435041802387482E-11i,0.007179678161721084-1.7175209011937997E-7i
9.097852076098889,94.9375030374008,3,1.4359356323441677E-6-3.435041802387482E-11i,0.007179678161721085-1.7175209011937997E-7i
9.1441543337761,91.69748824912287,3,1.4359356323441677E-6-3.435041802387482E-11i,0.007179678161721085-1.7175209011937997E-7i
2.517621685128003,94.32434780002922,2.500000000000008,1.4359356323441679E-6-3.435041802387482E-11i,0.007179678161721085-1.7175209011938E-7i
3.1804504007006926,95.34658063358157,3,1.4359356323441674E-6-3.435041802387482E-11i,0.007179678161721086-1.7175209011937995E-7i
1.767008241102289,94.83901859425518,3,1.4359356323441677E-6-3.435041802387482E-11i,0.007179678161721085-1.7175209011937997E-7i
3.2857697237236607,93.85283628672732,3,1.4359356323441679E-6-3.435041802387482E-11i,0.007179678161721085-1.7175209011938E-7i
1.7320508075688679,93,3,1.4359356323441677E-6-3.435041802387482E-11i,0.007179678161721085-1.7175209011937997E-7i
3.37851920526748,91.83979678642655,3,1.4359356323441679E-6-3.435041802387482E-11i,0.007179678161721084-1.7175209011937995E-7i
3.429898467841792,91.9093740505485,2.500000000000014,1.4359356323441672E-6-3.435041802387482E-11i,0.007179678161721085-1.7175209011937992E-7i
5.233028416629651,92.79100652396701,3,1.4359356323441679E-6-3.435041802387482E-11i,0.007179678161721085-1.7175209011938E-7i
5.183768682668358,90.88197877125799,3,1.4359356323441674E-6-3.435041802387482E-11i,0.007179678161721086-1.7175209011937995E-7i
1.732050807568882,91,3,1.4359356323441672E-6-3.435041802387482E-11i,0.007179678161721085-1.7175209011937992E-7i
6.52188696198499,93.57487186624786,3,1.4359356323441679E-6-3.435041802387482E-11i,0.007179678161721084-1.7175209011937997E-7i
5.0531005660371875,94.8303108292948,3,1.4359356323441674E-6-3.435041802387482E-11i,0.007179678161721086-1.7175209011937995E-7i
7.1413080521084,95.11876164291402,3,1.4359356323441672E-6-3.435041802387482E-11i,0.007179678161721086-1.7175209011937992E-7i
0,96.00000000000003,3.000000000000001,1.4359356323441679E-6-3.435041802387482E-11i,0.007179678161721084-1.7175209011937995E-7i
6.1009851678781075,96.65942681978541,3,1.4359356323441679E-6-3.435041802387482E-11i,0.0071796781617210845-1.7175209011937997E-7i
4.04262336959124,96.73777725854924,3,1.4359356323441677E-6-3.435041802387482E-11i,0.007179678161721085-1.7175209011937997E-7i
0,93.99999999999997,2.9999999999999996,1.4359356323441679E-6-3.435041802387482E-11i,0.007179678161721084-1.7175209011937997E-7i
13.000000000000028,94.80384757729337,3,1.4359356323441679E-6-3.435041802387482E-11i,0.007179678161721084-1.7175209011937995E-7i
14.000000000000028,93.07179676972451,3,1.4359356323441679E-6-3.435041802387482E-11i,0.007179678161721084-1.7175209011937997E-7i
11,94.80384757729337,3,1.4359356323441679E-6-3.435041802387482E-11i,0.007179678161721085-1.7175209011938E-7i
12,93.07179676972447,3,1.4359356323441677E-6-3.435041802387482E-11i,0.007179678161721085-1.7175209011937997E-7i
20.999999999999968,89.60769515458675,2.5000000000000053,1.4359356323441679E-6-3.435041802387482E-11i,0.007179678161721085-1.7175209011938E-7i
20.00000000000003,89.60769515458676,3,1.4359356323441679E-6-3.435041802387482E-11i,0.007179678161721084-1.7175209011937997E-7i
21.999999999999986,89.60769515458672,3,1.4359356323441679E-6-3.435041802387482E-11i,0.007179678161721084-1.7175209011937997E-7i
20.99999999999997,91.33974596215563,3,1.4359356323441672E-6-3.435041802387482E-11i,0.007179678161721085-1.7175209011937992E-7i
14.517087379527863,90.48352472461133,2.5000000000000244,1.4359356323441679E-6-3.435041802387482E-11i,0.007179678161721085-1.7175209011938E-7i
14.999999999999943,91.33974596215563,3,1.4359356323441674E-6-3.435041802387482E-11i,0.007179678161721086-1.7175209011937995E-7i
13.000000000000057,91.3397459621556,3,1.4359356323441677E-6-3.435041802387482E-11i,0.007179678161721085-1.7175209011937997E-7i
14.034174759075995,89.62730348706634,3,1.4359356323441679E-6-3.435041802387482E-11i,0.0071796781617210845-1.7175209011937997E-7i
15.999999999999915,89.60769515458671,3,1.4359356323441672E-6-3.435041802387482E-11i,0.007179678161721086-1.7175209011937992E-7i
20.99999999999997,87.8756443470179,3,1.4359356323441672E-6-3.435041802387482E-11i,0.007179678161721086-1.7175209011937992E-7i
15.999999999999943,93.07179676972447,3,1.4359356323441677E-6-3.435041802387482E-11i,0.007179678161721085-1.7175209011937997E-7i
19.00000000000003,94.80384757729337,3,1.4359356323441679E-6-3.435041802387482E-11i,0.007179678161721085-1.7175209011938E-7i
18.000000000000057,93.07179676972447,3,1.4359356323441677E-6-3.435041802387482E-11i,0.007179678161721085-1.7175209011937997E-7i
21,94.80384757729337,3,1.4359356323441679E-6-3.435041802387482E-11i,0.0071796781617210845-1.7175209011937997E-7i
20.000000000000014,93.0717967697245,3,1.4359356323441679E-6-3.435041802387482E-11i,0.0071796781617210845-1.7175209011937997E-7i
21.999999999999986,93.0717967697245,3,1.4359356323441679E-6-3.435041802387482E-11i,0.007179678161721085-1.7175209011938E-7i
17,91.33974596215556,3,1.4359356323441679E-6-3.435041802387482E-11i,0.0071796781617210845-1.7175209011937997E-7i
23,91.3397459621556,3,1.4359356323441677E-6-3.435041802387482E-11i,0.007179678161721085-1.7175209011937997E-7i
23.000000000000014,87.87564434701784,3,1.4359356323441674E-6-3.435041802387482E-11i,0.007179678161721086-1.7175209011937995E-7i
24.00000000000003,89.60769515458674,3,1.4359356323441679E-6-3.435041802387482E-11i,0.0071796781617210845-1.7175209011937997E-7i
25.99999999999997,89.60769515458674,3,1.4359356323441679E-6-3.435041802387482E-11i,0.007179678161721085-1.7175209011938E-7i
19.00000000000007,91.3397459621556,3,1.4359356323441679E-6-3.435041802387482E-11i,0.0071796781617210845-1.7175209011937997E-7i
18.000000000000085,89.60769515458668,3,1.4359356323441679E-6-3.435041802387482E-11i,0.007179678161721085-1.7175209011938E-7i
11.052203315625775,91.49297783882648,3,1.4359356323441677E-6-3.435041802387482E-11i,0.007179678161721085-1.7175209011937997E-7i
9.943685270382787,89.68547659090603,3,1.435935632344168E-6-3.435041802387482E-11i,0.0071796781617210845-1.7175209011938E-7i
23.019049265074322,82.71563750142545,2.4990717321339404,1.4359356323441679E-6-3.435041802387482E-11i,0.007179678161721085-1.7175209011938E-7i
22.045845409440247,82.74950405787293,3,1.4359356323441679E-6-3.435041802387482E-11i,0.007179678161721084-1.7175209011937997E-7i
24.000000000000085,82.67949192431121,3,1.4359356323441679E-6-3.435041802387482E-11i,0.007179678161721084-1.7175209011937997E-7i
23.000000000000014,84.41154273188006,3,1.4359356323441674E-6-3.435041802387482E-11i,0.007179678161721086-1.7175209011937995E-7i
23.098698225990702,81.06697575529529,3,1.4359356323441674E-6-3.435041802387482E-11i,0.007179678161721086-1.7175209011937995E-7i
66.92086066146085,70.52711812231937,3,1.4359356323441679E-6-3.435041802387482E-11i,0.0071796781617210845-1.7175209011937997E-7i
61.00000000000321,70.5551362713306,3,1.4359356323441679E-6-3.435041802387482E-11i,0.007179678161721085-1.7175209011938E-7i
61.99999999999996,68.82308546376338,3,1.4359356323441679E-6-3.435041802387482E-11i,0.0071796781617210845-1.7175209011937997E-7i
68.89110592314987,66.00234595801514,3,1.4359356323441679E-6-3.435041802387482E-11i,0.007179678161721084-1.7175209011937995E-7i
67.20682758137909,64.9994787060179,3,1.4359356323441674E-6-3.435041802387482E-11i,0.007179678161721086-1.7175209011937995E-7i
67.09103465618817,61.00000000000102,3,1.4359356323441677E-6-3.435041802387482E-11i,0.007179678161721085-1.7175209011937997E-7i
67.14586641860785,63.0354533194123,3,1.4359356323441677E-6-3.435041802387482E-11i,0.007179678161721085-1.7175209011937997E-7i
65.75420381492938,65.6103557868662,3,1.4359356323441679E-6-3.435041802387482E-11i,0.0071796781617210845-1.7175209011937995E-7i
63.947759669343434,65.11702894917164,3,1.4359356323441674E-6-3.435041802387482E-11i,0.007179678161721086-1.7175209011937995E-7i
64.87916965419414,67.05164759764395,3,1.4359356323441679E-6-3.435041802387482E-11i,0.0071796781617210845-1.7175209011937997E-7i
65.63240036547236,63.970246907347274,3,1.4359356323441677E-6-3.435041802387482E-11i,0.007179678161721085-1.7175209011937997E-7i
59.00000000000246,70.55513627132677,3,1.4359356323441677E-6-3.435041802387482E-11i,0.007179678161721085-1.7175209011937997E-7i
57.999999999999176,72.2871870788961,3,1.4359356323441677E-6-3.435041802387482E-11i,0.007179678161721085-1.7175209011937997E-7i
62.999586936191896,67.04452905552571,3,1.4359356323441679E-6-3.435041802387482E-11i,0.007179678161721084-1.7175209011937995E-7i
61.8901563836746,65.36315938248876,3,1.4359356323441679E-6-3.435041802387482E-11i,0.007179678161721085-1.7175209011938E-7i
60.97418694424594,67.08957828843076,3,1.4359356323441679E-6-3.435041802387482E-11i,0.007179678161721085-1.7175209011938E-7i
60.00000000000615,68.82308546375957,3,1.4359356323441674E-6-3.435041802387482E-11i,0.007179678161721086-1.7175209011937995E-7i
59.982338291860486,65.3871227369895,3,1.4359356323441677E-6-3.435041802387482E-11i,0.007179678161721085-1.7175209011937997E-7i
59.00000000000484,67.09103465618689,3,1.4359356323441679E-6-3.435041802387482E-11i,0.007179678161721085-1.7175209011938E-7i
64.5751247993021,61.4798359100636,2.5,1.4359356323441679E-6-3.435041802387482E-11i,0.007179678161721085-1.7175209011938E-7i
63.70055861132785,60.964282161972925,3,1.4359356323441672E-6-3.435041802387482E-11i,0.007179678161721086-1.7175209011937992E-7i
65.35898384861923,59.99999999999608,3,1.4359356323441679E-6-3.435041802387482E-11i,0.0071796781617210845-1.7175209011937997E-7i
65.4246009781171,61.988865500805765,3,1.4359356323441679E-6-3.435041802387482E-11i,0.0071796781617210845-1.7175209011937997E-7i
63.81635575880278,62.96619597968516,3,1.4359356323441674E-6-3.435041802387482E-11i,0.007179678161721086-1.7175209011937995E-7i
67.09103465619054,55.000000000000156,3,1.4359356323441679E-6-3.435041802387482E-11i,0.0071796781617210845-1.7175209011937997E-7i
62.44258278762202,63.87586725337219,3,1.4359356323441679E-6-3.435041802387482E-11i,0.007179678161721084-1.7175209011937997E-7i
65.35898384862416,57.99999999999698,3,1.4359356323441679E-6-3.435041802387482E-11i,0.0071796781617210845-1.7175209011937997E-7i
65.35898384862257,56.00000000000191,3,1.4359356323441679E-6-3.435041802387482E-11i,0.0071796781617210845-1.7175209011937997E-7i
63.67058885917666,59.00590599627819,3,1.4359356323441679E-6-3.435041802387482E-11i,0.007179678161721085-1.7175209011938E-7i
61.886555202592696,61.994848301979886,3,1.4359356323441674E-6-3.435041802387482E-11i,0.007179678161721086-1.7175209011937995E-7i
54.000000000001414,68.82308546376159,3,1.4359356323441679E-6-3.435041802387482E-11i,0.007179678161721084-1.7175209011937997E-7i
53.00000000000303,67.0910346561914,3,1.4359356323441679E-6-3.435041802387482E-11i,0.007179678161721085-1.7175209011938E-7i
52.00000000000077,68.82308546375936,3,1.4359356323441679E-6-3.435041802387482E-11i,0.007179678161721085-1.7175209011938E-7i
54.99999999999804,67.09103465619427,3,1.4359356323441679E-6-3.435041802387482E-11i,0.0071796781617210845-1.7175209011937997E-7i
53.000000000001286,70.55513627132905,3,1.4359356323441679E-6-3.435041802387482E-11i,0.007179678161721085-1.7175209011938E-7i
55.999999999995495,68.82308546376112,3,1.4359356323441679E-6-3.435041802387482E-11i,0.0071796781617210845-1.7175209011937997E-7i
49.999999999999815,79.21539030917347,3,1.4359356323441679E-6-3.435041802387482E-11i,0.007179678161721084-1.7175209011937997E-7i
50.999999999999766,77.48333950160452,3,1.4359356323441677E-6-3.435041802387482E-11i,0.007179678161721085-1.7175209011937997E-7i
48.99999999999973,77.48333950160469,3,1.4359356323441677E-6-3.435041802387482E-11i,0.007179678161721085-1.7175209011937997E-7i
47.99999999999987,79.21539030917361,3,1.4359356323441677E-6-3.435041802387482E-11i,0.007179678161721085-1.7175209011937997E-7i
49.99999999999961,75.75128869403571,3,1.4359356323441679E-6-3.435041802387482E-11i,0.007179678161721085-1.7175209011938E-7i
50.99999999999962,74.01923788646663,3,1.4359356323441679E-6-3.435041802387482E-11i,0.007179678161721085-1.7175209011938E-7i
54.00000000000065,72.28718707889857,3,1.4359356323441679E-6-3.435041802387482E-11i,0.007179678161721084-1.7175209011937997E-7i
55.99999999999769,72.2871870788984,3,1.4359356323441679E-6-3.435041802387482E-11i,0.0071796781617210845-1.7175209011937997E-7i
52.000000000000185,72.28718707889755,3,1.4359356323441679E-6-3.435041802387482E-11i,0.007179678161721085-1.7175209011938E-7i
54.99999999999902,70.5551362713305,3,1.4359356323441679E-6-3.435041802387482E-11i,0.0071796781617210845-1.7175209011937997E-7i
50.99999999999939,70.55513627132855,3,1.4359356323441679E-6-3.435041802387482E-11i,0.007179678161721085-1.7175209011938E-7i
56.99999999999644,70.55513627132791,3,1.4359356323441679E-6-3.435041802387482E-11i,0.007179678161721085-1.7175209011938E-7i
57.99999999999846,68.82308546375664,3,1.4359356323441677E-6-3.435041802387482E-11i,0.007179678161721085-1.7175209011937997E-7i
56.99999999999311,67.09103465618911,3,1.4359356323441679E-6-3.435041802387482E-11i,0.007179678161721085-1.7175209011938E-7i
54.00000000000303,65.35898384862547,3,1.4359356323441679E-6-3.435041802387482E-11i,0.007179678161721084-1.7175209011937997E-7i
55.999999999991104,65.35898384862432,3,1.4359356323441679E-6-3.435041802387482E-11i,0.0071796781617210845-1.7175209011937997E-7i
54.99999999999606,63.62693304105963,3,1.4359356323441677E-6-3.435041802387482E-11i,0.007179678161721085-1.7175209011937997E-7i
53.000000000006814,63.62693304105394,3,1.4359356323441679E-6-3.435041802387482E-11i,0.007179678161721085-1.7175209011938E-7i
52.00000000000222,65.35898384862062,3,1.4359356323441679E-6-3.435041802387482E-11i,0.007179678161721085-1.7175209011938E-7i
47.999999999999766,75.75128869403599,3,1.4359356323441677E-6-3.435041802387482E-11i,0.007179678161721085-1.7175209011937997E-7i
48.999999999999446,74.01923788646702,3,1.4359356323441677E-6-3.435041802387482E-11i,0.007179678161721085-1.7175209011937997E-7i
47.00000000000007,77.48333950160485,3,1.4359356323441677E-6-3.435041802387482E-11i,0.007179678161721085-1.7175209011937997E-7i
47.00000000000018,74.0192378864673,3,1.4359356323441677E-6-3.435041802387482E-11i,0.007179678161721085-1.7175209011937997E-7i
46.000000000000476,75.7512886940359,3,1.4359356323441677E-6-3.435041802387482E-11i,0.007179678161721085-1.7175209011937997E-7i
41.00000000000048,77.48333950160489,3,1.4359356323441679E-6-3.435041802387482E-11i,0.0071796781617210845-1.7175209011937997E-7i
40.00000000000072,79.21539030917344,3,1.4359356323441679E-6-3.435041802387482E-11i,0.007179678161721085-1.7175209011938E-7i
44.00000000000008,75.75128869403551,3,1.4359356323441679E-6-3.435041802387482E-11i,0.0071796781617210845-1.7175209011937997E-7i
41.99999999999985,75.75128869403605,3,1.4359356323441679E-6-3.435041802387482E-11i,0.0071796781617210845-1.7175209011937997E-7i
45.000000000000625,74.01923788646671,3,1.4359356323441679E-6-3.435041802387482E-11i,0.007179678161721085-1.7175209011938E-7i
42.99999999999949,74.01923788646684,3,1.4359356323441679E-6-3.435041802387482E-11i,0.0071796781617210845-1.7175209011937997E-7i
46.00000000000091,72.28718707889826,3,1.4359356323441677E-6-3.435041802387482E-11i,0.007179678161721085-1.7175209011937997E-7i
36.99999999999942,80.94744111674203,3,1.4359356323441677E-6-3.435041802387482E-11i,0.007179678161721085-1.7175209011937997E-7i
35.999999999998934,79.21539030917347,3,1.4359356323441679E-6-3.435041802387482E-11i,0.007179678161721085-1.7175209011938E-7i
37.99999999999993,79.21539030917286,3,1.4359356323441677E-6-3.435041802387482E-11i,0.007179678161721085-1.7175209011937997E-7i
36.99999999999889,77.483339501604,3,1.4359356323441677E-6-3.435041802387482E-11i,0.007179678161721085-1.7175209011937997E-7i
32.0000000000003,82.67949192431124,3,1.4359356323441679E-6-3.435041802387482E-11i,0.0071796781617210845-1.7175209011937997E-7i
33.000000000000355,80.94744111674257,3,1.4359356323441679E-6-3.435041802387482E-11i,0.0071796781617210845-1.7175209011937997E-7i
31.00000000000027,80.94744111674221,3,1.4359356323441679E-6-3.435041802387482E-11i,0.007179678161721085-1.7175209011938E-7i
30.00000000000003,82.6794919243111,3,1.4359356323441677E-6-3.435041802387482E-11i,0.007179678161721085-1.7175209011937997E-7i
28.999999999999943,84.41154273188003,3,1.4359356323441677E-6-3.435041802387482E-11i,0.007179678161721085-1.7175209011937997E-7i
25.00000000000003,84.41154273188013,3,1.4359356323441679E-6-3.435041802387482E-11i,0.007179678161721084-1.7175209011937997E-7i
25.999999999999943,82.67949192431126,3,1.4359356323441679E-6-3.435041802387482E-11i,0.0071796781617210845-1.7175209011937997E-7i
25.000000000000057,80.9474411167424,3,1.4359356323441677E-6-3.435041802387482E-11i,0.007179678161721085-1.7175209011937997E-7i
25,87.87564434701787,3,1.4359356323441679E-6-3.435041802387482E-11i,0.007179678161721084-1.7175209011937995E-7i
25.999999999999957,86.143593539449,3,1.4359356323441679E-6-3.435041802387482E-11i,0.007179678161721085-1.7175209011938E-7i
24.000000000000057,86.14359353944897,3,1.4359356323441679E-6-3.435041802387482E-11i,0.0071796781617210845-1.7175209011937997E-7i
20.000000000000085,86.14359353944903,3,1.4359356323441677E-6-3.435041802387482E-11i,0.007179678161721085-1.7175209011937997E-7i
21.999999999999957,86.14359353944897,3,1.4359356323441679E-6-3.435041802387482E-11i,0.007179678161721085-1.7175209011938E-7i
20.999999999999957,84.41154273188016,3,1.4359356323441679E-6-3.435041802387482E-11i,0.0071796781617210845-1.7175209011937997E-7i
26.999999999999915,84.4115427318801,3,1.4359356323441679E-6-3.435041802387482E-11i,0.007179678161721085-1.7175209011938E-7i
27.999999999999886,82.67949192431118,3,1.4359356323441677E-6-3.435041802387482E-11i,0.007179678161721085-1.7175209011937997E-7i
26.999999999999844,80.94744111674237,3,1.4359356323441679E-6-3.435041802387482E-11i,0.007179678161721085-1.7175209011938E-7i
34.99999999999949,80.94744111674262,3,1.4359356323441679E-6-3.435041802387482E-11i,0.0071796781617210845-1.7175209011937997E-7i
33.99999999999997,79.21539030917398,3,1.4359356323441679E-6-3.435041802387482E-11i,0.0071796781617210845-1.7175209011937997E-7i
32.000000000000625,79.21539030917349,3,1.4359356323441679E-6-3.435041802387482E-11i,0.007179678161721085-1.7175209011938E-7i
33.000000000000725,77.48333950160506,3,1.4359356323441679E-6-3.435041802387482E-11i,0.007179678161721084-1.7175209011937997E-7i
34.99999999999902,77.48333950160517,3,1.4359356323441679E-6-3.435041802387482E-11i,0.0071796781617210845-1.7175209011937997E-7i
26.611438970103748,76.7622069023802,2.499952779071229,1.4359356323441679E-6-3.435041802387482E-11i,0.007179678161721085-1.7175209011938E-7i
26.142325777389033,75.97861454666017,3,1.4359356323441679E-6-3.435041802387482E-11i,0.0071796781617210845-1.7175209011937997E-7i
27.069511118359827,77.53557265603749,3,1.4359356323441674E-6-3.435041802387482E-11i,0.007179678161721086-1.7175209011937995E-7i
25.067628882761966,77.60821960690103,3,1.4359356323441677E-6-3.435041802387482E-11i,0.007179678161721085-1.7175209011937997E-7i
40.0000000000014,75.75128869403568,3,1.4359356323441677E-6-3.435041802387482E-11i,0.007179678161721085-1.7175209011937997E-7i
39.000000000000824,77.48333950160404,3,1.4359356323441674E-6-3.435041802387482E-11i,0.007179678161721086-1.7175209011937995E-7i
35.999999999997925,75.75128869403574,3,1.4359356323441679E-6-3.435041802387482E-11i,0.007179678161721085-1.7175209011938E-7i
33.99999999999997,75.75128869403676,3,1.4359356323441679E-6-3.435041802387482E-11i,0.0071796781617210845-1.7175209011937997E-7i
41.00000000000095,74.01923788646747,3,1.4359356323441679E-6-3.435041802387482E-11i,0.0071796781617210845-1.7175209011937997E-7i
43.99999999999995,72.28718707889756,3,1.4359356323441679E-6-3.435041802387482E-11i,0.0071796781617210845-1.7175209011937997E-7i
41.99999999999969,72.28718707889871,3,1.4359356323441679E-6-3.435041802387482E-11i,0.0071796781617210845-1.7175209011937997E-7i
39.000000000001634,74.01923788646579,3,1.4359356323441677E-6-3.435041802387482E-11i,0.007179678161721085-1.7175209011937997E-7i
40.00000000000274,72.28718707889794,3,1.4359356323441679E-6-3.435041802387482E-11i,0.007179678161721085-1.7175209011938E-7i
37.9999999999999,75.75128869403456,3,1.4359356323441677E-6-3.435041802387482E-11i,0.007179678161721085-1.7175209011937997E-7i
36.99999999999788,74.01923788646567,3,1.4359356323441677E-6-3.435041802387482E-11i,0.007179678161721085-1.7175209011937997E-7i
28.043830730210317,75.86694666711341,3,1.4359356323441679E-6-3.435041802387482E-11i,0.007179678161721085-1.7175209011938E-7i
62.08058883887598,59.94796994082912,3,1.4359356323441679E-6-3.435041802387482E-11i,0.007179678161721084-1.7175209011937995E-7i
62.05937993728559,59.917076424385655,2.5000000000000036,1.435935632344167E-6-3.435041802387482E-11i,0.007179678161721084-1.7175209011937992E-7i
61.9712089386343,58.00037863235867,3,1.4359356323441677E-6-3.435041802387482E-11i,0.007179678161721085-1.7175209011937997E-7i
60.602799649625354,60.54867827077308,3,1.4359356323441679E-6-3.435041802387482E-11i,0.007179678161721084-1.7175209011937997E-7i
60.503359472779884,58.95747167560293,3,1.4359356323441677E-6-3.435041802387482E-11i,0.007179678161721085-1.7175209011937997E-7i
61.648857478573845,57.39119208761158,2.4999999999999876,1.4359356323441674E-6-3.435041802387482E-11i,0.007179678161721086-1.7175209011937995E-7i
60.24790371056672,56.998110133738955,3,1.4359356323441677E-6-3.435041802387482E-11i,0.007179678161721085-1.7175209011937997E-7i
61.894882233485056,56.0000000000042,3,1.4359356323441677E-6-3.435041802387482E-11i,0.007179678161721085-1.7175209011937997E-7i
63.626933041055985,57.000000000000824,3,1.4359356323441677E-6-3.435041802387482E-11i,0.007179678161721085-1.7175209011937997E-7i
63.62693304105199,55.000000000000654,3,1.4359356323441679E-6-3.435041802387482E-11i,0.0071796781617210845-1.7175209011937997E-7i
65.35898384862165,53.999999999997804,3,1.4359356323441677E-6-3.435041802387482E-11i,0.007179678161721085-1.7175209011937997E-7i
67.09103465619192,52.999999999997826,3,1.4359356323441677E-6-3.435041802387482E-11i,0.007179678161721085-1.7175209011937997E-7i
68.82308546376136,51.99999999999944,3,1.4359356323441677E-6-3.435041802387482E-11i,0.007179678161721085-1.7175209011937997E-7i
72.28718707889814,50.00000000000115,3,1.4359356323441679E-6-3.435041802387482E-11i,0.007179678161721085-1.7175209011938E-7i
70.5551362713299,51.00000000000081,3,1.4359356323441677E-6-3.435041802387482E-11i,0.007179678161721085-1.7175209011937997E-7i
72.28718707889735,48.00000000000029,3,1.4359356323441679E-6-3.435041802387482E-11i,0.007179678161721084-1.7175209011937997E-7i
67.09103465619292,51.00000000000153,3,1.4359356323441677E-6-3.435041802387482E-11i,0.007179678161721085-1.7175209011937997E-7i
68.82308546376055,50.000000000002224,3,1.4359356323441679E-6-3.435041802387482E-11i,0.0071796781617210845-1.7175209011937997E-7i
67.0910346561904,49.000000000002686,3,1.4359356323441679E-6-3.435041802387482E-11i,0.0071796781617210845-1.7175209011937997E-7i
68.82308546375904,48.00000000000053,3,1.4359356323441679E-6-3.435041802387482E-11i,0.007179678161721084-1.7175209011937997E-7i
67.09103465619009,46.99999999999876,3,1.4359356323441674E-6-3.435041802387482E-11i,0.007179678161721086-1.7175209011937995E-7i
65.35898384862017,48.00000000000099,3,1.4359356323441679E-6-3.435041802387482E-11i,0.007179678161721084-1.7175209011937997E-7i
65.35898384862314,50.00000000000429,3,1.4359356323441679E-6-3.435041802387482E-11i,0.0071796781617210845-1.7175209011937997E-7i
75.75128869403564,39.99999999999996,3,1.4359356323441677E-6-3.435041802387482E-11i,0.007179678161721085-1.7175209011937997E-7i
74.01923788646675,41,3,1.4359356323441679E-6-3.435041802387482E-11i,0.007179678161721085-1.7175209011938E-7i
70.5551362713286,49.0000000000014,3,1.4359356323441679E-6-3.435041802387482E-11i,0.007179678161721084-1.7175209011937997E-7i
72.28718707889786,45.99999999999935,3,1.4359356323441677E-6-3.435041802387482E-11i,0.007179678161721085-1.7175209011937997E-7i
70.55513627132845,46.99999999999938,3,1.4359356323441674E-6-3.435041802387482E-11i,0.007179678161721086-1.7175209011937995E-7i
68.82308546376002,45.99999999999869,3,1.4359356323441677E-6-3.435041802387482E-11i,0.007179678161721085-1.7175209011937997E-7i
70.5551362713293,44.99999999999948,3,1.4359356323441677E-6-3.435041802387482E-11i,0.007179678161721085-1.7175209011937997E-7i
72.28718707889787,42.000000000000114,3,1.4359356323441679E-6-3.435041802387482E-11i,0.007179678161721084-1.7175209011937997E-7i
72.2871870788981,44.00000000000004,3,1.4359356323441679E-6-3.435041802387482E-11i,0.0071796781617210845-1.7175209011937997E-7i
70.55513627132913,43.00000000000028,3,1.4359356323441679E-6-3.435041802387482E-11i,0.0071796781617210845-1.7175209011937997E-7i
74.01923788646671,38.99999999999979,3,1.4359356323441679E-6-3.435041802387482E-11i,0.007179678161721085-1.7175209011938E-7i
72.2871870788978,39.999999999999936,3,1.4359356323441677E-6-3.435041802387482E-11i,0.007179678161721085-1.7175209011937997E-7i
72.28718707889792,37.99999999999952,3,1.4359356323441677E-6-3.435041802387482E-11i,0.007179678161721085-1.7175209011937997E-7i
77.48333950160452,38.99999999999988,3,1.4359356323441679E-6-3.435041802387482E-11i,0.007179678161721085-1.7175209011938E-7i
84.41154273188013,35,3,1.4359356323441677E-6-3.435041802387482E-11i,0.007179678161721085-1.7175209011937997E-7i
82.67949192431126,35.99999999999994,3,1.4359356323441679E-6-3.435041802387482E-11i,0.007179678161721085-1.7175209011938E-7i
80.94744111674238,36.99999999999987,3,1.4359356323441679E-6-3.435041802387482E-11i,0.0071796781617210845-1.7175209011937997E-7i
80.9474411167424,35.00000000000003,3,1.4359356323441677E-6-3.435041802387482E-11i,0.007179678161721085-1.7175209011937997E-7i
79.21539030917344,37.99999999999983,3,1.4359356323441677E-6-3.435041802387482E-11i,0.007179678161721085-1.7175209011937997E-7i
77.48333950160466,36.999999999999794,3,1.4359356323441677E-6-3.435041802387482E-11i,0.007179678161721085-1.7175209011937997E-7i
75.75128869403568,37.999999999999716,3,1.4359356323441677E-6-3.435041802387482E-11i,0.007179678161721085-1.7175209011937997E-7i
74.01923788646695,36.999999999999666,3,1.4359356323441677E-6-3.435041802387482E-11i,0.007179678161721085-1.7175209011937997E-7i
75.75128869403586,35.99999999999993,3,1.4359356323441679E-6-3.435041802387482E-11i,0.007179678161721085-1.7175209011938E-7i
79.21539030917356,35.99999999999994,3,1.4359356323441679E-6-3.435041802387482E-11i,0.007179678161721085-1.7175209011938E-7i
71.39657224956952,34.54214728446793,2.500730141625135,1.4359356323441679E-6-3.435041802387482E-11i,0.007179678161721085-1.7175209011938E-7i
72.27123733546854,34.05502803867738,3,1.4359356323441677E-6-3.435041802387482E-11i,0.007179678161721085-1.7175209011937997E-7i
72.28718707889823,35.9999999999999,3,1.4359356323441679E-6-3.435041802387482E-11i,0.007179678161721085-1.7175209011938E-7i
70.5260679896779,35.023806643683145,3,1.4359356323441672E-6-3.435041802387482E-11i,0.007179678161721085-1.7175209011937992E-7i
79.21539030917347,34.00000000000006,3,1.4359356323441677E-6-3.435041802387482E-11i,0.007179678161721085-1.7175209011937997E-7i
84.4115427318801,33.000000000000014,3,1.4359356323441679E-6-3.435041802387482E-11i,0.0071796781617210845-1.7175209011937997E-7i
82.67949192431124,34.00000000000003,3,1.4359356323441677E-6-3.435041802387482E-11i,0.007179678161721085-1.7175209011937997E-7i
82.67949192431124,32,3,1.4359356323441679E-6-3.435041802387482E-11i,0.007179678161721085-1.7175209011938E-7i
78.47602584593749,25.631650955939975,2.5046644422587807,1.4359356323441679E-6-3.435041802387482E-11i,0.007179678161721085-1.7175209011938E-7i
77.6936646679475,25.19006592030732,3,1.4359356323441672E-6-3.435041802387482E-11i,0.007179678161721086-1.7175209011937992E-7i
79.29512989163095,26.092589624859954,3,1.4359356323441677E-6-3.435041802387482E-11i,0.007179678161721085-1.7175209011937997E-7i
77.57492965713283,27.144263698187984,3,1.4359356323441679E-6-3.435041802387482E-11i,0.007179678161721085-1.7175209011938E-7i
79.3714682054634,24.232658013641384,3,1.4359356323441672E-6-3.435041802387482E-11i,0.007179678161721086-1.7175209011937992E-7i
84.41154273188008,27.000000000000085,3,1.4359356323441679E-6-3.435041802387482E-11i,0.007179678161721085-1.7175209011938E-7i
76.09061044089552,26.210505649768123,3,1.4359356323441679E-6-3.435041802387482E-11i,0.0071796781617210845-1.7175209011937997E-7i
75.87501415472138,28.104554506551068,3,1.4359356323441679E-6-3.435041802387482E-11i,0.007179678161721085-1.7175209011938E-7i
81.00162242901209,25.111375148895988,3,1.4359356323441679E-6-3.435041802387482E-11i,0.0071796781617210845-1.7175209011937997E-7i
80.94744111674234,33,3,1.4359356323441679E-6-3.435041802387482E-11i,0.007179678161721085-1.7175209011938E-7i
80.94744111674238,31,3,1.4359356323441679E-6-3.435041802387482E-11i,0.007179678161721085-1.7175209011938E-7i
79.21539030917347,31.99999999999997,3,1.4359356323441679E-6-3.435041802387482E-11i,0.007179678161721085-1.7175209011938E-7i
84.41154273188013,29.000000000000043,3,1.4359356323441679E-6-3.435041802387482E-11i,0.007179678161721084-1.7175209011937995E-7i
82.67949192431126,30.00000000000003,3,1.4359356323441679E-6-3.435041802387482E-11i,0.0071796781617210845-1.7175209011937997E-7i
82.67949192431125,28.000000000000114,3,1.4359356323441679E-6-3.435041802387482E-11i,0.007179678161721084-1.7175209011937997E-7i
80.9474411167424,29.000000000000085,3,1.4359356323441679E-6-3.435041802387482E-11i,0.0071796781617210845-1.7175209011937997E-7i
79.21539030917353,30.00000000000003,3,1.4359356323441679E-6-3.435041802387482E-11i,0.007179678161721084-1.7175209011937997E-7i
79.2153903091735,28.000000000000227,3,1.4359356323441679E-6-3.435041802387482E-11i,0.0071796781617210845-1.7175209011937997E-7i
80.9474411167423,27.000000000000185,3,1.4359356323441679E-6-3.435041802387482E-11i,0.007179678161721085-1.7175209011938E-7i
84.41154273188005,24.999999999999957,3,1.4359356323441674E-6-3.435041802387482E-11i,0.007179678161721086-1.7175209011937995E-7i
82.67949192431114,26.000000000000057,3,1.4359356323441674E-6-3.435041802387482E-11i,0.007179678161721086-1.7175209011937995E-7i
89.60769515458674,23.999999999999957,3,1.4359356323441679E-6-3.435041802387482E-11i,0.007179678161721084-1.7175209011937997E-7i
89.60769515458676,22,3,1.4359356323441679E-6-3.435041802387482E-11i,0.007179678161721085-1.7175209011938E-7i
89.60769515458674,20.000000000000014,3,1.4359356323441679E-6-3.435041802387482E-11i,0.007179678161721085-1.7175209011938E-7i
87.87564434701787,21.00000000000003,3,1.4359356323441679E-6-3.435041802387482E-11i,0.0071796781617210845-1.7175209011937997E-7i
87.87564434701788,22.999999999999943,3,1.4359356323441679E-6-3.435041802387482E-11i,0.007179678161721084-1.7175209011937995E-7i
86.14359353944897,23.999999999999915,3,1.4359356323441679E-6-3.435041802387482E-11i,0.007179678161721085-1.7175209011938E-7i
86.14359353944903,22,3,1.4359356323441679E-6-3.435041802387482E-11i,0.0071796781617210845-1.7175209011937997E-7i
84.39265792188945,21.088912994427176,3,1.4359356323441677E-6-3.435041802387482E-11i,0.007179678161721085-1.7175209011937997E-7i
84.41154273188016,22.9999999999999,3,1.4359356323441679E-6-3.435041802387482E-11i,0.0071796781617210845-1.7175209011937997E-7i
86.1278934265195,20.072544458724906,3,1.4359356323441679E-6-3.435041802387482E-11i,0.007179678161721085-1.7175209011938E-7i
87.87564434701784,19.000000000000014,3,1.4359356323441679E-6-3.435041802387482E-11i,0.007179678161721085-1.7175209011938E-7i
86.08778096725011,18.061354448570086,3,1.4359356323441677E-6-3.435041802387482E-11i,0.007179678161721085-1.7175209011937997E-7i
84.38672893640359,19.152234745858536,3,1.4359356323441672E-6-3.435041802387482E-11i,0.007179678161721086-1.7175209011937992E-7i
87.86743341778165,17.13231931990157,3,1.4359356323441679E-6-3.435041802387482E-11i,0.007179678161721084-1.7175209011937995E-7i
87.86949179519014,17.072187887007022,2.499999999999995,1.435935632344167E-6-3.435041802387482E-11i,0.007179678161721084-1.7175209011937992E-7i
87.9195395805705,15.083786086859675,3,1.4359356323441672E-6-3.435041802387482E-11i,0.007179678161721086-1.7175209011937992E-7i
86.1483166751132,16.192051212361903,3,1.4359356323441677E-6-3.435041802387482E-11i,0.007179678161721085-1.7175209011937997E-7i
84.13814124568331,17.061354744548055,3,1.4359356323441679E-6-3.435041802387482E-11i,0.007179678161721084-1.7175209011937997E-7i
82.98891830186047,15.36209704426804,3,1.4359356323441674E-6-3.435041802387482E-11i,0.007179678161721086-1.7175209011937995E-7i
81.98955100981371,17.138625872626903,3,1.4359356323441679E-6-3.435041802387482E-11i,0.007179678161721085-1.7175209011938E-7i
84.62602092793892,15.259077777323114,3,1.435935632344168E-6-3.435041802387482E-11i,0.0071796781617210845-1.7175209011938E-7i
82.88543011114709,18.56373897792588,3,1.4359356323441679E-6-3.435041802387482E-11i,0.007179678161721084-1.7175209011937997E-7i
80.96759763849451,19.067463292636873,3,1.4359356323441674E-6-3.435041802387482E-11i,0.007179678161721086-1.7175209011937995E-7i
82.75105048377986,20.138110786711394,3,1.4359356323441679E-6-3.435041802387482E-11i,0.007179678161721085-1.7175209011938E-7i
94.9578746950254,5.14457632834052,3,1.4359356323441674E-6-3.435041802387482E-11i,0.007179678161721086-1.7175209011937995E-7i
93.9834211714576,3.3667499003323087,3,1.4359356323441679E-6-3.435041802387482E-11i,0.007179678161721084-1.7175209011937995E-7i
93.98849495453682,3.389487169202433,2.500000000000008,1.435935632344167E-6-3.435041802387482E-11i,0.007179678161721084-1.7175209011937992E-7i
92.970090953333,5.0702920986386175,3,1.4359356323441679E-6-3.435041802387482E-11i,0.007179678161721085-1.7175209011938E-7i
95.01541390225549,1.699344724456779,3,1.4359356323441679E-6-3.435041802387482E-11i,0.007179678161721085-1.7175209011938E-7i
93,1.7320508075688963,3,1.4359356323441679E-6-3.435041802387482E-11i,0.0071796781617210845-1.7175209011937997E-7i
91.3395233552018,15.02911902603907,3,1.4359356323441679E-6-3.435041802387482E-11i,0.0071796781617210845-1.7175209011937997E-7i
93.15904938594635,10.26624008088811,3,1.4359356323441679E-6-3.435041802387482E-11i,0.007179678161721085-1.7175209011938E-7i
89.64158351591102,14.045081531594676,3,1.4359356323441679E-6-3.435041802387482E-11i,0.007179678161721084-1.7175209011937997E-7i
91.30281791646917,13.021402541642175,3,1.4359356323441679E-6-3.435041802387482E-11i,0.007179678161721085-1.7175209011938E-7i
88.01536130174513,13.433911603678865,3,1.4359356323441679E-6-3.435041802387482E-11i,0.007179678161721084-1.7175209011937997E-7i
91.4603857521679,11.164527439756085,3,1.4359356323441679E-6-3.435041802387482E-11i,0.0071796781617210845-1.7175209011937997E-7i
91.64584485753454,9.588082572915326,3,1.435935632344168E-6-3.435041802387482E-11i,0.0071796781617210845-1.7175209011938E-7i
92.94386739099778,8.19327388991681,3,1.4359356323441674E-6-3.435041802387482E-11i,0.007179678161721086-1.7175209011937995E-7i
94.91940437027733,7.352898272760939,3,1.4359356323441677E-6-3.435041802387482E-11i,0.007179678161721085-1.7175209011937997E-7i
91.99683951362945,3.441966992223456,3,1.4359356323441674E-6-3.435041802387482E-11i,0.007179678161721086-1.7175209011937995E-7i
98.3398593158721,7.069202245187768,3,1.4359356323441679E-6-3.435041802387482E-11i,0.007179678161721084-1.7175209011937995E-7i
93.49909557289833,6.461848796324773,3,1.435935632344168E-6-3.435041802387482E-11i,0.0071796781617210845-1.7175209011938E-7i
96,0,3.0000000000000004,1.4359356323441679E-6-3.435041802387482E-11i,0.007179678161721084-1.7175209011937997E-7i
94,0,3,1.4359356323441679E-6-3.435041802387482E-11i,0.007179678161721084-1.7175209011937997E-7i
7.035417679413968,91.88193898655103,3,1.4359356323441677E-6-3.435041802387482E-11i,0.007179678161721085-1.7175209011937997E-7i
8.179787745492291,90.43783794403284,3,1.435935632344168E-6-3.435041802387482E-11i,0.0071796781617210845-1.7175209011938E-7i
8.075179099445677,89.1040846422899,3,1.435935632344168E-6-3.435041802387482E-11i,0.0071796781617210845-1.7175209011938E-7i
11.087341472918283,87.87168862527373,3,1.4359356323441679E-6-3.435041802387482E-11i,0.007179678161721085-1.7175209011938E-7i
9.031439914095955,87.44551958496828,3,1.435935632344168E-6-3.435041802387482E-11i,0.0071796781617210845-1.7175209011938E-7i
12.092484632671216,86.55715443575679,3,1.4359356323441679E-6-3.435041802387482E-11i,0.007179678161721084-1.7175209011937997E-7i
10.495561331835418,85.98453508508129,3,1.4359356323441679E-6-3.435041802387482E-11i,0.0071796781617210845-1.7175209011937997E-7i
13.053328907037326,87.93013726117123,3,1.4359356323441674E-6-3.435041802387482E-11i,0.007179678161721086-1.7175209011937995E-7i
7.007478857466225,87.98087239772705,3,1.4359356323441674E-6-3.435041802387482E-11i,0.007179678161721086-1.7175209011937995E-7i
8.73918518628534,85.16325205176253,3,1.4359356323441677E-6-3.435041802387482E-11i,0.007179678161721085-1.7175209011937997E-7i
7.1706518548529345,86.07962614169587,3,1.4359356323441677E-6-3.435041802387482E-11i,0.007179678161721085-1.7175209011937997E-7i
6.044730380135023,89.40831718586738,2.5000000000000084,1.4359356323441679E-6-3.435041802387482E-11i,0.007179678161721085-1.7175209011938E-7i
6.701140352175116,89.83919426986103,3,1.4359356323441679E-6-3.435041802387482E-11i,0.007179678161721084-1.7175209011937997E-7i
5.286533628021047,88.93122330375365,3,1.4359356323441672E-6-3.435041802387482E-11i,0.007179678161721086-1.7175209011937992E-7i
3.464101615137764,89.99999999999999,3,1.4359356323441677E-6-3.435041802387482E-11i,0.007179678161721085-1.7175209011937997E-7i
6.245009521738733,85.57132873505894,2.4999999999999867,1.4359356323441679E-6-3.435041802387482E-11i,0.007179678161721085-1.7175209011938E-7i
5.319367192124133,85.063031326549,3,1.4359356323441677E-6-3.435041802387482E-11i,0.007179678161721085-1.7175209011937997E-7i
5.277696090934981,86.9851444407841,3,1.4359356323441677E-6-3.435041802387482E-11i,0.007179678161721085-1.7175209011937997E-7i
7.038927763071769,84.07539071230312,3,1.4359356323441679E-6-3.435041802387482E-11i,0.0071796781617210845-1.7175209011937997E-7i
1.732050807568882,87,3,1.4359356323441679E-6-3.435041802387482E-11i,0.007179678161721084-1.7175209011937995E-7i
1.732050807568886,86.99999999999999,2.5000000000000018,1.435935632344167E-6-3.435041802387482E-11i,0.007179678161721084-1.7175209011937992E-7i
0,88,2.9999999999999996,1.4359356323441679E-6-3.435041802387482E-11i,0.007179678161721084-1.7175209011937995E-7i
1.732050807568882,89,3,1.4359356323441674E-6-3.435041802387482E-11i,0.007179678161721086-1.7175209011937995E-7i
3.464101615137764,88,3,1.4359356323441679E-6-3.435041802387482E-11i,0.007179678161721084-1.7175209011937997E-7i
3.464101615137764,86,3,1.4359356323441674E-6-3.435041802387482E-11i,0.007179678161721086-1.7175209011937995E-7i
1.732050807568882,85,3,1.4359356323441679E-6-3.435041802387482E-11i,0.007179678161721085-1.7175209011938E-7i
0,86,3,1.4359356323441679E-6-3.435041802387482E-11i,0.007179678161721084-1.7175209011937995E-7i
0,92.00000000000001,3.000000000000001,1.4359356323441679E-6-3.435041802387482E-11i,0.007179678161721084-1.7175209011937995E-7i
0,90,3,1.4359356323441679E-6-3.435041802387482E-11i,0.007179678161721084-1.7175209011937995E-7i
2.5980762113533125,84.50000000000003,2.499999999999986,1.4359356323441679E-6-3.435041802387482E-11i,0.007179678161721085-1.7175209011938E-7i
3.464101615137764,84,3,1.4359356323441679E-6-3.435041802387482E-11i,0.0071796781617210845-1.7175209011937997E-7i
1.7320508075688963,83,3,1.4359356323441677E-6-3.435041802387482E-11i,0.007179678161721085-1.7175209011937997E-7i
12.016928911416358,89.72839343683307,3,1.4359356323441679E-6-3.435041802387482E-11i,0.007179678161721084-1.7175209011937995E-7i
14.95984589559842,87.88097220432915,3,1.4359356323441674E-6-3.435041802387482E-11i,0.007179678161721086-1.7175209011937995E-7i
13.903935546030965,86.01175092090492,3,1.4359356323441674E-6-3.435041802387482E-11i,0.007179678161721086-1.7175209011937995E-7i
19.000000000000142,87.87564434701785,3,1.4359356323441679E-6-3.435041802387482E-11i,0.007179678161721084-1.7175209011937997E-7i
16.951603361589434,87.98345141461093,3,1.4359356323441679E-6-3.435041802387482E-11i,0.0071796781617210845-1.7175209011937997E-7i
18.031089114707385,86.24234475322547,3,1.4359356323441679E-6-3.435041802387482E-11i,0.007179678161721085-1.7175209011938E-7i
16.015539450901557,86.31559806437716,3,1.4359356323441679E-6-3.435041802387482E-11i,0.007179678161721085-1.7175209011938E-7i
19.025659029120646,84.49227564267945,3,1.4359356323441679E-6-3.435041802387482E-11i,0.007179678161721085-1.7175209011938E-7i
20.073319364051116,82.73273795652887,3,1.4359356323441677E-6-3.435041802387482E-11i,0.007179678161721085-1.7175209011937997E-7i
17.055605794365988,84.63387234173604,3,1.4359356323441672E-6-3.435041802387482E-11i,0.007179678161721086-1.7175209011937992E-7i
18.032073566997738,82.89368548401515,3,1.4359356323441677E-6-3.435041802387482E-11i,0.007179678161721085-1.7175209011937997E-7i
10.426095413251716,84.01674983851913,3,1.4359356323441679E-6-3.435041802387482E-11i,0.007179678161721085-1.7175209011938E-7i
12.15142377015556,84.92129442903136,3,1.4359356323441679E-6-3.435041802387482E-11i,0.007179678161721085-1.7175209011938E-7i
13.96103210260398,83.87985583353141,3,1.4359356323441679E-6-3.435041802387482E-11i,0.007179678161721085-1.7175209011938E-7i
21.098153752431884,81.13202295905084,3,1.4359356323441679E-6-3.435041802387482E-11i,0.007179678161721085-1.7175209011938E-7i
19.026377088660354,80.9373210760015,3,1.4359356323441672E-6-3.435041802387482E-11i,0.007179678161721086-1.7175209011937992E-7i
10.40920012928799,83.00837491925839,2.499999999999989,1.4359356323441679E-6-3.435041802387482E-11i,0.007179678161721085-1.7175209011938E-7i
8.684778924212381,83.07169058869752,3,1.4359356323441677E-6-3.435041802387482E-11i,0.007179678161721085-1.7175209011937997E-7i
10.392304845413264,81.99999999999994,3,1.4359356323441677E-6-3.435041802387482E-11i,0.007179678161721085-1.7175209011937997E-7i
12.167901576962407,82.93294551114126,3,1.4359356323441674E-6-3.435041802387482E-11i,0.007179678161721086-1.7175209011937995E-7i
15.862593704971019,82.93134447343189,3,1.4359356323441679E-6-3.435041802387482E-11i,0.007179678161721084-1.7175209011937997E-7i
15.381469917272767,84.75213768818945,3,1.4359356323441679E-6-3.435041802387482E-11i,0.007179678161721084-1.7175209011937997E-7i
15.636635732004777,80.87896337889583,3,1.4359356323441672E-6-3.435041802387482E-11i,0.007179678161721086-1.7175209011937992E-7i
13.97725108794279,81.94503744776998,3,1.4359356323441674E-6-3.435041802387482E-11i,0.007179678161721086-1.7175209011937995E-7i
17.1131737963303,81.45328238964987,3,1.4359356323441679E-6-3.435041802387482E-11i,0.007179678161721084-1.7175209011937997E-7i
18.99557196660376,79.8072741481859,2.500000000000009,1.4359356323441677E-6-3.435041802387482E-11i,0.007179678161721085-1.7175209011937997E-7i
19.053359709356783,78.7863717613018,3,1.4359356323441677E-6-3.435041802387482E-11i,0.007179678161721085-1.7175209011937997E-7i
17.23762850104586,79.8704348453563,3,1.4359356323441679E-6-3.435041802387482E-11i,0.0071796781617210845-1.7175209011937997E-7i
20.48235034045433,79.63394880925243,3,1.4359356323441674E-6-3.435041802387482E-11i,0.007179678161721086-1.7175209011937995E-7i
18.16471273781775,78.33586304980702,2.5000000000000058,1.4359356323441677E-6-3.435041802387482E-11i,0.007179678161721085-1.7175209011937997E-7i
17.27606576615827,77.88535433867739,3,1.4359356323441679E-6-3.435041802387482E-11i,0.0071796781617210845-1.7175209011937997E-7i
19.078911639779264,76.9018748083433,3,1.4359356323441674E-6-3.435041802387482E-11i,0.007179678161721086-1.7175209011937995E-7i
13.91208488394966,79.9546618623171,3,1.4359356323441679E-6-3.435041802387482E-11i,0.007179678161721085-1.7175209011938E-7i
12.124355652982118,80.99999999999994,3,1.4359356323441677E-6-3.435041802387482E-11i,0.007179678161721085-1.7175209011937997E-7i
15.598239730517946,78.95116942985504,3,1.4359356323441679E-6-3.435041802387482E-11i,0.0071796781617210845-1.7175209011937997E-7i
22.074192407317938,79.51194388393384,3,1.4359356323441679E-6-3.435041802387482E-11i,0.007179678161721084-1.7175209011937995E-7i
20.94383263794856,77.86546535919433,3,1.4359356323441677E-6-3.435041802387482E-11i,0.007179678161721085-1.7175209011937997E-7i
24.044128874513888,79.25592000861698,3,1.4359356323441679E-6-3.435041802387482E-11i,0.007179678161721084-1.7175209011937997E-7i
23.09597327386203,77.75661685807783,3,1.4359356323441674E-6-3.435041802387482E-11i,0.007179678161721086-1.7175209011937995E-7i
25.999999999999915,79.21539030917357,3,1.4359356323441679E-6-3.435041802387482E-11i,0.0071796781617210845-1.7175209011937997E-7i
27.99999999999973,79.21539030917339,3,1.4359356323441674E-6-3.435041802387482E-11i,0.007179678161721086-1.7175209011937995E-7i
24.01972450045332,75.83317435270061,3,1.4359356323441674E-6-3.435041802387482E-11i,0.007179678161721086-1.7175209011937995E-7i
59.37157425899197,56.50431365648582,2.5,1.4359356323441679E-6-3.435041802387482E-11i,0.007179678161721085-1.7175209011938E-7i
58.43078061834787,56.00000000000907,3,1.4359356323441677E-6-3.435041802387482E-11i,0.007179678161721085-1.7175209011937997E-7i
60.1628314259126,55.000000000001926,3,1.4359356323441679E-6-3.435041802387482E-11i,0.007179678161721085-1.7175209011938E-7i
58.77370965133827,58.040178864553916,3,1.4359356323441677E-6-3.435041802387482E-11i,0.007179678161721085-1.7175209011937997E-7i
56.463786975167515,62.82540082147643,2.5000000000000173,1.4359356323441679E-6-3.435041802387482E-11i,0.007179678161721085-1.7175209011938E-7i
55.957544577729564,61.93156465206802,3,1.4359356323441672E-6-3.435041802387482E-11i,0.007179678161721086-1.7175209011937992E-7i
57.91113105246005,61.91925108957188,3,1.4359356323441679E-6-3.435041802387482E-11i,0.007179678161721085-1.7175209011938E-7i
56.97169702668769,63.72259918389339,3,1.4359356323441679E-6-3.435041802387482E-11i,0.007179678161721085-1.7175209011938E-7i
60.848958356766595,63.78760307509461,3,1.4359356323441679E-6-3.435041802387482E-11i,0.007179678161721085-1.7175209011938E-7i
59.725737322413366,61.9490528500806,3,1.4359356323441672E-6-3.435041802387482E-11i,0.007179678161721086-1.7175209011937992E-7i
58.82265132841365,63.7353195903672,3,1.4359356323441677E-6-3.435041802387482E-11i,0.007179678161721085-1.7175209011937997E-7i
57.99999999999706,65.35898384861557,3,1.4359356323441679E-6-3.435041802387482E-11i,0.0071796781617210845-1.7175209011937997E-7i
56.874549326954174,60.24134555563773,3,1.4359356323441679E-6-3.435041802387482E-11i,0.007179678161721084-1.7175209011937997E-7i
58.8533112149547,60.03660918478819,3,1.4359356323441672E-6-3.435041802387482E-11i,0.007179678161721086-1.7175209011937992E-7i
57.45650022620565,58.79551233618591,3,1.435935632344168E-6-3.435041802387482E-11i,0.0071796781617210845-1.7175209011938E-7i
55.915992225463974,58.684418936450406,3,1.4359356323441679E-6-3.435041802387482E-11i,0.0071796781617210845-1.7175209011937997E-7i
54.975223280930265,60.21198032424575,3,1.4359356323441672E-6-3.435041802387482E-11i,0.007179678161721086-1.7175209011937992E-7i
52.93137355093436,60.071031390315284,2.505102375505227,1.435935632344167E-6-3.435041802387482E-11i,0.0071796781617210845-1.7175209011937992E-7i
53.00000000001485,60.16283142591689,3,1.4359356323441679E-6-3.435041802387482E-11i,0.007179678161721084-1.7175209011937997E-7i
50.999999999997655,60.16283142590925,3,1.4359356323441679E-6-3.435041802387482E-11i,0.007179678161721085-1.7175209011938E-7i
52.050975166208524,58.46141615165501,3,1.4359356323441679E-6-3.435041802387482E-11i,0.007179678161721084-1.7175209011937997E-7i
54.02147093688138,58.553035561548924,3,1.4359356323441672E-6-3.435041802387482E-11i,0.007179678161721086-1.7175209011937992E-7i
52.000000000005535,61.894882233480885,3,1.4359356323441677E-6-3.435041802387482E-11i,0.007179678161721085-1.7175209011937997E-7i
47.99999999999958,72.28718707889851,3,1.4359356323441677E-6-3.435041802387482E-11i,0.007179678161721085-1.7175209011937997E-7i
47.99999999999925,68.82308546376126,3,1.4359356323441677E-6-3.435041802387482E-11i,0.007179678161721085-1.7175209011937997E-7i
47.000000000000455,70.5551362713299,3,1.4359356323441677E-6-3.435041802387482E-11i,0.007179678161721085-1.7175209011937997E-7i
48.99999999999886,70.55513627132943,3,1.4359356323441677E-6-3.435041802387482E-11i,0.007179678161721085-1.7175209011937997E-7i
49.99999999999836,68.82308546375995,3,1.4359356323441679E-6-3.435041802387482E-11i,0.007179678161721085-1.7175209011938E-7i
48.99999999999766,67.091034656192,3,1.4359356323441679E-6-3.435041802387482E-11i,0.007179678161721085-1.7175209011938E-7i
50.99999999999905,67.09103465619003,3,1.4359356323441679E-6-3.435041802387482E-11i,0.007179678161721085-1.7175209011938E-7i
49.99999999999667,65.3589838486217,3,1.4359356323441679E-6-3.435041802387482E-11i,0.007179678161721085-1.7175209011938E-7i
49.9999999999992,72.28718707889789,3,1.4359356323441679E-6-3.435041802387482E-11i,0.007179678161721085-1.7175209011938E-7i
50.9999999999985,63.62693304105062,3,1.4359356323441679E-6-3.435041802387482E-11i,0.007179678161721085-1.7175209011938E-7i
49.99999999999319,61.89488223348286,3,1.4359356323441679E-6-3.435041802387482E-11i,0.007179678161721085-1.7175209011938E-7i
48.99999999999521,63.62693304105485,3,1.4359356323441679E-6-3.435041802387482E-11i,0.007179678161721085-1.7175209011938E-7i
54.00000000000637,61.89488223349117,3,1.4359356323441679E-6-3.435041802387482E-11i,0.007179678161721084-1.7175209011937997E-7i
47.99999999999865,65.35898384862455,3,1.4359356323441674E-6-3.435041802387482E-11i,0.007179678161721086-1.7175209011937995E-7i
47.00000000000106,67.0910346561928,3,1.4359356323441677E-6-3.435041802387482E-11i,0.007179678161721085-1.7175209011937997E-7i
46.00000000000175,68.82308546376062,3,1.4359356323441677E-6-3.435041802387482E-11i,0.007179678161721085-1.7175209011937997E-7i
45.00000000000104,70.55513627132873,3,1.4359356323441679E-6-3.435041802387482E-11i,0.007179678161721085-1.7175209011938E-7i
42.99999999999881,70.55513627132918,3,1.4359356323441679E-6-3.435041802387482E-11i,0.0071796781617210845-1.7175209011937997E-7i
41.00000000000188,70.55513627133037,3,1.4359356323441679E-6-3.435041802387482E-11i,0.0071796781617210845-1.7175209011937997E-7i
43.99999999999955,68.8230854637594,3,1.4359356323441679E-6-3.435041802387482E-11i,0.0071796781617210845-1.7175209011937997E-7i
41.99999999999932,68.82308546376183,3,1.4359356323441679E-6-3.435041802387482E-11i,0.0071796781617210845-1.7175209011937997E-7i
39.00000000000323,70.55513627132709,3,1.4359356323441674E-6-3.435041802387482E-11i,0.007179678161721086-1.7175209011937995E-7i
37.99999999999986,72.28718707889571,3,1.4359356323441677E-6-3.435041802387482E-11i,0.007179678161721085-1.7175209011937997E-7i
40.000000000005414,68.82308546376025,3,1.4359356323441677E-6-3.435041802387482E-11i,0.007179678161721085-1.7175209011937997E-7i
45.000000000001705,67.09103465619046,3,1.4359356323441679E-6-3.435041802387482E-11i,0.007179678161721085-1.7175209011938E-7i
42.999999999997335,67.09103465619165,3,1.4359356323441679E-6-3.435041802387482E-11i,0.0071796781617210845-1.7175209011937997E-7i
46.00000000000342,65.35898384862294,3,1.4359356323441677E-6-3.435041802387482E-11i,0.007179678161721085-1.7175209011937997E-7i
43.99999999999849,65.35898384862084,3,1.4359356323441679E-6-3.435041802387482E-11i,0.0071796781617210845-1.7175209011937997E-7i
28.999999999999886,80.94744111674221,3,1.4359356323441677E-6-3.435041802387482E-11i,0.007179678161721085-1.7175209011937997E-7i
30.000000000000085,79.21539030917322,3,1.4359356323441677E-6-3.435041802387482E-11i,0.007179678161721085-1.7175209011937997E-7i
32.00000000000131,75.75128869403576,3,1.4359356323441679E-6-3.435041802387482E-11i,0.0071796781617210845-1.7175209011937997E-7i
31.000000000000597,77.48333950160432,3,1.4359356323441679E-6-3.435041802387482E-11i,0.007179678161721085-1.7175209011938E-7i
28.999999999999744,77.48333950160432,3,1.4359356323441679E-6-3.435041802387482E-11i,0.007179678161721085-1.7175209011938E-7i
30.000000000000156,75.7512886940352,3,1.4359356323441677E-6-3.435041802387482E-11i,0.007179678161721085-1.7175209011937997E-7i
34.99999999999807,74.01923788646799,3,1.4359356323441679E-6-3.435041802387482E-11i,0.0071796781617210845-1.7175209011937997E-7i
33.00000000000149,74.01923788646779,3,1.4359356323441679E-6-3.435041802387482E-11i,0.0071796781617210845-1.7175209011937997E-7i
30.919833025828837,74.10602782407028,3,1.4359356323441674E-6-3.435041802387482E-11i,0.007179678161721086-1.7175209011937995E-7i
33.99999999999996,72.28718707890005,3,1.4359356323441679E-6-3.435041802387482E-11i,0.007179678161721085-1.7175209011938E-7i
24.023454314188,73.7962684404186,3,1.4359356323441677E-6-3.435041802387482E-11i,0.007179678161721085-1.7175209011937997E-7i
22.274977003056478,74.86034994038633,3,1.4359356323441679E-6-3.435041802387482E-11i,0.0071796781617210845-1.7175209011937997E-7i
32.002182213305815,72.32093443652514,3,1.4359356323441674E-6-3.435041802387482E-11i,0.007179678161721086-1.7175209011937995E-7i
33.00358887463213,70.64896578645337,3,1.4359356323441679E-6-3.435041802387482E-11i,0.007179678161721084-1.7175209011937995E-7i
33.00362318689372,70.62684347990768,2.500000000000007,1.435935632344167E-6-3.435041802387482E-11i,0.007179678161721084-1.7175209011937992E-7i
34.99999999999619,70.55513627133136,3,1.4359356323441679E-6-3.435041802387482E-11i,0.0071796781617210845-1.7175209011937997E-7i
31.02453455436512,70.69104218577044,3,1.4359356323441677E-6-3.435041802387482E-11i,0.007179678161721085-1.7175209011937997E-7i
29.437928055549914,73.25975810416254,2.500000000000005,1.4359356323441679E-6-3.435041802387482E-11i,0.007179678161721085-1.7175209011938E-7i
29.965512827106423,72.46647243970021,3,1.4359356323441677E-6-3.435041802387482E-11i,0.007179678161721085-1.7175209011937997E-7i
28.903073540859054,74.05529331666564,3,1.4359356323441679E-6-3.435041802387482E-11i,0.0071796781617210845-1.7175209011937997E-7i
27.77929952481182,72.11467121166544,3,1.4359356323441672E-6-3.435041802387482E-11i,0.007179678161721086-1.7175209011937992E-7i
25.921153352244914,70.93507131879608,3,1.4359356323441679E-6-3.435041802387482E-11i,0.007179678161721084-1.7175209011937995E-7i
25.92606033685689,70.9723380658267,2.499999999999994,1.435935632344167E-6-3.435041802387482E-11i,0.007179678161721084-1.7175209011937992E-7i
25.655407061404233,72.97509813803529,3,1.4359356323441679E-6-3.435041802387482E-11i,0.007179678161721085-1.7175209011938E-7i
24.145458046715362,71.97223364030063,3,1.4359356323441679E-6-3.435041802387482E-11i,0.007179678161721085-1.7175209011938E-7i
24.216809935646864,69.95686619837215,3,1.4359356323441679E-6-3.435041802387482E-11i,0.0071796781617210845-1.7175209011937997E-7i
27.78250194952679,69.91912819646093,3,1.4359356323441679E-6-3.435041802387482E-11i,0.0071796781617210845-1.7175209011937997E-7i
25.981792489325215,68.93329775951358,3,1.4359356323441679E-6-3.435041802387482E-11i,0.007179678161721085-1.7175209011938E-7i
26.999413450485164,74.23195343963731,3,1.4359356323441679E-6-3.435041802387482E-11i,0.007179678161721085-1.7175209011938E-7i
25.4214486179211,74.46312882306302,3,1.4359356323441679E-6-3.435041802387482E-11i,0.007179678161721084-1.7175209011937997E-7i
37.99999999999981,68.82308546375585,3,1.4359356323441679E-6-3.435041802387482E-11i,0.007179678161721084-1.7175209011937995E-7i
38.0062325312725,68.84617329296209,2.5000000000000075,1.435935632344167E-6-3.435041802387482E-11i,0.007179678161721084-1.7175209011937992E-7i
39.00000000000642,67.09103465618747,3,1.4359356323441677E-6-3.435041802387482E-11i,0.007179678161721085-1.7175209011937997E-7i
36.999999999995914,70.5551362713268,3,1.4359356323441679E-6-3.435041802387482E-11i,0.007179678161721085-1.7175209011938E-7i
36.006042705894515,68.88773271073798,3,1.4359356323441679E-6-3.435041802387482E-11i,0.007179678161721085-1.7175209011938E-7i
41.999999999998494,65.35898384862587,3,1.4359356323441677E-6-3.435041802387482E-11i,0.007179678161721085-1.7175209011937997E-7i
41.00000000000372,67.091034656194,3,1.4359356323441679E-6-3.435041802387482E-11i,0.0071796781617210845-1.7175209011937997E-7i
39.527974734681386,64.53857749668117,2.5010676104130063,1.4359356323441679E-6-3.435041802387482E-11i,0.007179678161721085-1.7175209011938E-7i
39.05776252629577,63.72579595036975,3,1.4359356323441679E-6-3.435041802387482E-11i,0.007179678161721085-1.7175209011938E-7i
41.021345772593534,63.6601872223878,3,1.4359356323441679E-6-3.435041802387482E-11i,0.0071796781617210845-1.7175209011937997E-7i
40.00000000001073,65.35898384862267,3,1.4359356323441677E-6-3.435041802387482E-11i,0.007179678161721085-1.7175209011937997E-7i
38.03555726172416,65.45928340318275,3,1.4359356323441674E-6-3.435041802387482E-11i,0.007179678161721086-1.7175209011937995E-7i
31.949284315497295,69.02191528959875,3,1.4359356323441679E-6-3.435041802387482E-11i,0.007179678161721085-1.7175209011938E-7i
34.04577235056169,68.86272331097882,3,1.4359356323441674E-6-3.435041802387482E-11i,0.007179678161721086-1.7175209011937995E-7i
37.03758439249743,67.18800245253983,3,1.4359356323441677E-6-3.435041802387482E-11i,0.007179678161721085-1.7175209011937997E-7i
32.96028812132337,65.94440618617365,2.49999999999852,1.4359356323441679E-6-3.435041802387482E-11i,0.007179678161721085-1.7175209011938E-7i
32.9911540161917,64.89582839369726,3,1.4359356323441679E-6-3.435041802387482E-11i,0.0071796781617210845-1.7175209011937997E-7i
34.42759933654639,65.74648587149892,3,1.4359356323441677E-6-3.435041802387482E-11i,0.007179678161721085-1.7175209011937997E-7i
32.98680234099504,67.03588440427876,3,1.4359356323441677E-6-3.435041802387482E-11i,0.007179678161721085-1.7175209011937997E-7i
35.999999999995964,72.28718707889801,3,1.4359356323441679E-6-3.435041802387482E-11i,0.007179678161721085-1.7175209011938E-7i
35.058677635500274,67.24125657900157,3,1.4359356323441679E-6-3.435041802387482E-11i,0.0071796781617210845-1.7175209011937997E-7i
56.39199312446512,55.15332620668274,2.500000000000002,1.435935632344167E-6-3.435041802387482E-11i,0.007179678161721084-1.7175209011937992E-7i
56.28781977995983,55.21415952280534,3,1.435935632344168E-6-3.435041802387482E-11i,0.0071796781617210845-1.7175209011938E-7i
58.351763978929014,54.077402973856074,3,1.4359356323441677E-6-3.435041802387482E-11i,0.007179678161721085-1.7175209011937997E-7i
57.10824648714818,57.26047090191819,3,1.4359356323441679E-6-3.435041802387482E-11i,0.007179678161721085-1.7175209011938E-7i
61.8948822334829,53.99999999999593,3,1.4359356323441677E-6-3.435041802387482E-11i,0.007179678161721085-1.7175209011937997E-7i
56.70824152712904,53.02384834493166,3,1.4359356323441677E-6-3.435041802387482E-11i,0.007179678161721085-1.7175209011937997E-7i
55.04512355240176,53.65881371589826,3,1.435935632344168E-6-3.435041802387482E-11i,0.0071796781617210845-1.7175209011938E-7i
63.626933041054585,52.999999999995694,3,1.4359356323441677E-6-3.435041802387482E-11i,0.007179678161721085-1.7175209011937997E-7i
65.35898384862466,51.999999999998806,3,1.4359356323441677E-6-3.435041802387482E-11i,0.007179678161721085-1.7175209011937997E-7i
61.89488223348893,51.99999999999746,3,1.4359356323441674E-6-3.435041802387482E-11i,0.007179678161721086-1.7175209011937995E-7i
63.62693304105668,51.00000000000287,3,1.4359356323441679E-6-3.435041802387482E-11i,0.007179678161721085-1.7175209011938E-7i
63.62693304105178,49.0000000000052,3,1.4359356323441679E-6-3.435041802387482E-11i,0.0071796781617210845-1.7175209011937997E-7i
61.89488223348606,50.000000000008285,3,1.4359356323441679E-6-3.435041802387482E-11i,0.0071796781617210845-1.7175209011937997E-7i
63.62693304105116,46.99999999999748,3,1.4359356323441674E-6-3.435041802387482E-11i,0.007179678161721086-1.7175209011937995E-7i
61.894882233480246,48.000000000001876,3,1.4359356323441679E-6-3.435041802387482E-11i,0.007179678161721084-1.7175209011937997E-7i
65.35898384862212,45.99999999999733,3,1.4359356323441677E-6-3.435041802387482E-11i,0.007179678161721085-1.7175209011937997E-7i
60.162831425921894,51.000000000005365,3,1.4359356323441679E-6-3.435041802387482E-11i,0.007179678161721085-1.7175209011938E-7i
58.43078061835502,51.99999999999462,3,1.4359356323441674E-6-3.435041802387482E-11i,0.007179678161721086-1.7175209011937995E-7i
60.1628314259175,52.99999999999148,3,1.4359356323441677E-6-3.435041802387482E-11i,0.007179678161721085-1.7175209011937997E-7i
61.89488223348407,45.99999999999451,3,1.4359356323441677E-6-3.435041802387482E-11i,0.007179678161721085-1.7175209011937997E-7i
60.162831425911044,46.999999999994884,3,1.4359356323441679E-6-3.435041802387482E-11i,0.007179678161721085-1.7175209011938E-7i
60.16283142591233,49.00000000001011,3,1.4359356323441679E-6-3.435041802387482E-11i,0.0071796781617210845-1.7175209011937997E-7i
60.293219954589794,45.06792318258343,3,1.4359356323441679E-6-3.435041802387482E-11i,0.007179678161721084-1.7175209011937995E-7i
60.27824400884288,45.06707243266228,2.4999999999999947,1.435935632344167E-6-3.435041802387482E-11i,0.007179678161721084-1.7175209011937992E-7i
58.576906362593874,46.022573118137096,3,1.4359356323441677E-6-3.435041802387482E-11i,0.007179678161721085-1.7175209011937997E-7i
61.95852998215363,44.07084948644923,3,1.4359356323441677E-6-3.435041802387482E-11i,0.007179678161721085-1.7175209011937997E-7i
67.09103465619182,44.999999999998884,3,1.4359356323441677E-6-3.435041802387482E-11i,0.007179678161721085-1.7175209011937997E-7i
65.35898384862334,44,3,1.4359356323441679E-6-3.435041802387482E-11i,0.0071796781617210845-1.7175209011937997E-7i
63.71944221960662,43.04755961338499,3,1.4359356323441679E-6-3.435041802387482E-11i,0.0071796781617210845-1.7175209011937997E-7i
63.626933041054656,44.999999999997605,3,1.4359356323441677E-6-3.435041802387482E-11i,0.007179678161721085-1.7175209011937997E-7i
70.5551362713289,41.00000000000009,3,1.4359356323441679E-6-3.435041802387482E-11i,0.007179678161721085-1.7175209011938E-7i
68.82308546376008,42.000000000000384,3,1.4359356323441679E-6-3.435041802387482E-11i,0.007179678161721084-1.7175209011937997E-7i
68.82308546376058,44.00000000000003,3,1.4359356323441679E-6-3.435041802387482E-11i,0.0071796781617210845-1.7175209011937997E-7i
70.55513627132885,38.999999999999616,3,1.4359356323441679E-6-3.435041802387482E-11i,0.007179678161721085-1.7175209011938E-7i
68.82308546375985,39.9999999999999,3,1.4359356323441677E-6-3.435041802387482E-11i,0.007179678161721085-1.7175209011937997E-7i
68.82308546376014,37.999999999999126,3,1.4359356323441679E-6-3.435041802387482E-11i,0.0071796781617210845-1.7175209011937997E-7i
67.09103465619155,43.00000000000064,3,1.4359356323441679E-6-3.435041802387482E-11i,0.0071796781617210845-1.7175209011937997E-7i
67.09103465619093,41.00000000000035,3,1.4359356323441679E-6-3.435041802387482E-11i,0.007179678161721085-1.7175209011938E-7i
65.35898384862227,42.00000000000103,3,1.4359356323441679E-6-3.435041802387482E-11i,0.007179678161721085-1.7175209011938E-7i
60.37634366344216,43.21437077066627,3,1.4359356323441677E-6-3.435041802387482E-11i,0.007179678161721085-1.7175209011937997E-7i
63.98955109749214,34.40825626185469,3,1.4359356323441679E-6-3.435041802387482E-11i,0.0071796781617210845-1.7175209011937997E-7i
64.10279168857433,34.45176225863675,2.4999999995047086,1.4359356323441672E-6-3.435041802387482E-11i,0.007179678161721085-1.7175209011937992E-7i
62.97433306712003,36.203251629608914,3,1.4359356323441679E-6-3.435041802387482E-11i,0.007179678161721085-1.7175209011938E-7i
65.09897106429528,36.05789276708575,3,1.4359356323441674E-6-3.435041802387482E-11i,0.007179678161721086-1.7175209011937995E-7i
65.55150932656542,34.2790524783054,3,1.4359356323441679E-6-3.435041802387482E-11i,0.007179678161721084-1.7175209011937997E-7i
70.52380741271456,33.109774975546316,3,1.4359356323441677E-6-3.435041802387482E-11i,0.007179678161721085-1.7175209011937997E-7i
68.83983565928912,34.094455425132494,3,1.4359356323441679E-6-3.435041802387482E-11i,0.007179678161721084-1.7175209011937997E-7i
68.98761416799549,33.40060475919713,2.5347222222222276,1.4359356323441677E-6-3.435041802387482E-11i,0.007179678161721085-1.7175209011937997E-7i
70.5551362713293,36.99999999999944,3,1.4359356323441679E-6-3.435041802387482E-11i,0.007179678161721085-1.7175209011938E-7i
68.81715511498493,36.130556527498726,3,1.4359356323441677E-6-3.435041802387482E-11i,0.007179678161721085-1.7175209011937997E-7i
67.03579709979752,37.10233974293688,3,1.4359356323441679E-6-3.435041802387482E-11i,0.007179678161721085-1.7175209011938E-7i
67.1193523571894,35.18672706098249,3,1.4359356323441679E-6-3.435041802387482E-11i,0.007179678161721085-1.7175209011938E-7i
74.01923788646697,35.00000000000014,3,1.4359356323441679E-6-3.435041802387482E-11i,0.007179678161721085-1.7175209011938E-7i
77.48333950160463,30.999999999999943,3,1.4359356323441679E-6-3.435041802387482E-11i,0.007179678161721084-1.7175209011937997E-7i
77.48333950160469,29.000000000000156,3,1.4359356323441679E-6-3.435041802387482E-11i,0.007179678161721085-1.7175209011938E-7i
77.48333950160458,33.000000000000014,3,1.4359356323441679E-6-3.435041802387482E-11i,0.007179678161721085-1.7175209011938E-7i
75.7512886940357,31.99999999999993,3,1.4359356323441677E-6-3.435041802387482E-11i,0.007179678161721085-1.7175209011937997E-7i
75.75128869403585,30,3,1.4359356323441677E-6-3.435041802387482E-11i,0.007179678161721085-1.7175209011937997E-7i
75.75128869403572,34.00000000000013,3,1.4359356323441677E-6-3.435041802387482E-11i,0.007179678161721085-1.7175209011937997E-7i
77.48333950160466,35.00000000000007,3,1.4359356323441679E-6-3.435041802387482E-11i,0.007179678161721085-1.7175209011938E-7i
74.90364740635421,30.54575163200433,2.500000000000008,1.4359356323441679E-6-3.435041802387482E-11i,0.007179678161721085-1.7175209011938E-7i
74.04657925330552,31.09308742734197,3,1.4359356323441679E-6-3.435041802387482E-11i,0.007179678161721084-1.7175209011937997E-7i
74.12199417638837,29.080414121224393,3,1.4359356323441672E-6-3.435041802387482E-11i,0.007179678161721086-1.7175209011937992E-7i
68.99474531868819,32.48652925516343,3,1.435935632344168E-6-3.435041802387482E-11i,0.0071796781617210845-1.7175209011938E-7i
67.02275203248404,32.96821895380438,3,1.4359356323441672E-6-3.435041802387482E-11i,0.007179678161721086-1.7175209011937992E-7i
70.27222512685336,30.986305880989775,3,1.4359356323441674E-6-3.435041802387482E-11i,0.007179678161721086-1.7175209011937995E-7i
72.2803720574841,30.0995164095456,3,1.4359356323441679E-6-3.435041802387482E-11i,0.007179678161721085-1.7175209011938E-7i
70.74559402607792,29.170762640305043,3,1.435935632344168E-6-3.435041802387482E-11i,0.0071796781617210845-1.7175209011938E-7i
69.00963140877417,29.289894180786547,3,1.4359356323441679E-6-3.435041802387482E-11i,0.007179678161721084-1.7175209011937995E-7i
69.05249018569681,29.311571728964665,2.4999999999999964,1.435935632344167E-6-3.435041802387482E-11i,0.007179678161721084-1.7175209011937992E-7i
70.11286571429655,27.641663498908144,3,1.4359356323441672E-6-3.435041802387482E-11i,0.007179678161721086-1.7175209011937992E-7i
68.10621752504473,31.058533190614597,3,1.4359356323441679E-6-3.435041802387482E-11i,0.007179678161721085-1.7175209011938E-7i
72.20887056458866,32.019561888316716,3,1.4359356323441679E-6-3.435041802387482E-11i,0.007179678161721084-1.7175209011937997E-7i
74.01923788646675,33.00000000000004,3,1.4359356323441679E-6-3.435041802387482E-11i,0.007179678161721085-1.7175209011938E-7i
74.35304549657224,27.052558739770333,3,1.4359356323441679E-6-3.435041802387482E-11i,0.007179678161721085-1.7175209011938E-7i
75.47940260756461,21.557283962404977,2.4999373313703313,1.4359356323441679E-6-3.435041802387482E-11i,0.007179678161721085-1.7175209011938E-7i
74.9656822381485,22.415984375760942,3,1.4359356323441679E-6-3.435041802387482E-11i,0.007179678161721084-1.7175209011937997E-7i
74.0000000000002,20.78460969082657,3,1.4359356323441674E-6-3.435041802387482E-11i,0.007179678161721086-1.7175209011937995E-7i
75.97559528531333,20.69174234456463,3,1.4359356323441674E-6-3.435041802387482E-11i,0.007179678161721086-1.7175209011937995E-7i
76.96851619922482,22.36608962693205,3,1.4359356323441677E-6-3.435041802387482E-11i,0.007179678161721085-1.7175209011937997E-7i
79.94807901114392,17.25520385179449,3,1.4359356323441677E-6-3.435041802387482E-11i,0.007179678161721085-1.7175209011937997E-7i
77.9833231428961,17.291253371396323,3,1.4359356323441679E-6-3.435041802387482E-11i,0.007179678161721084-1.7175209011937995E-7i
77.98686743346165,17.280619601137982,2.500000000000006,1.435935632344167E-6-3.435041802387482E-11i,0.007179678161721084-1.7175209011937992E-7i
78.99999999999987,15.588457268119924,3,1.4359356323441679E-6-3.435041802387482E-11i,0.007179678161721084-1.7175209011937997E-7i
77.0259366941601,18.991623551411635,3,1.4359356323441679E-6-3.435041802387482E-11i,0.0071796781617210845-1.7175209011937997E-7i
78.95073318599293,18.928833821410166,3,1.4359356323441679E-6-3.435041802387482E-11i,0.0071796781617210845-1.7175209011937997E-7i
76.00000000000009,17.320508075688664,3,1.4359356323441677E-6-3.435041802387482E-11i,0.007179678161721085-1.7175209011937997E-7i
76.99999999999991,15.588457268119797,3,1.4359356323441677E-6-3.435041802387482E-11i,0.007179678161721085-1.7175209011937997E-7i
80.95541095860992,23.101662395634065,3,1.4359356323441679E-6-3.435041802387482E-11i,0.007179678161721085-1.7175209011938E-7i
82.67949192431121,23.99999999999983,3,1.4359356323441677E-6-3.435041802387482E-11i,0.007179678161721085-1.7175209011937997E-7i
79.01180368168066,22.115240342361716,3,1.4359356323441674E-6-3.435041802387482E-11i,0.007179678161721086-1.7175209011937995E-7i
77.78951335307866,23.623202296731023,3,1.4359356323441679E-6-3.435041802387482E-11i,0.007179678161721084-1.7175209011937997E-7i
82.70889670191055,22.146771101769403,3,1.4359356323441679E-6-3.435041802387482E-11i,0.0071796781617210845-1.7175209011937997E-7i
81.0176397401924,21.261275969001773,3,1.4359356323441679E-6-3.435041802387482E-11i,0.007179678161721084-1.7175209011937997E-7i
79.54254738262397,20.36029343268065,3,1.4359356323441677E-6-3.435041802387482E-11i,0.007179678161721085-1.7175209011937997E-7i
74.590598652164,25.465545402522366,3,1.4359356323441679E-6-3.435041802387482E-11i,0.007179678161721084-1.7175209011937997E-7i
75.97527390352467,24.12519137372719,3,1.4359356323441677E-6-3.435041802387482E-11i,0.007179678161721085-1.7175209011937997E-7i
73.9620184310017,24.097421011861343,3,1.4359356323441679E-6-3.435041802387482E-11i,0.007179678161721085-1.7175209011938E-7i
77.96353588723977,20.456155799544604,3,1.4359356323441679E-6-3.435041802387482E-11i,0.0071796781617210845-1.7175209011937997E-7i
85.56166664646643,11.250171071064988,2.5000000000000018,1.4359356323441679E-6-3.435041802387482E-11i,0.007179678161721085-1.7175209011938E-7i
86.05164820699599,10.394858801384117,3,1.4359356323441674E-6-3.435041802387482E-11i,0.007179678161721086-1.7175209011937995E-7i
87.1053916536941,12.083744236155681,3,1.4359356323441672E-6-3.435041802387482E-11i,0.007179678161721085-1.7175209011937992E-7i
85.07685333485112,12.12512601728966,3,1.4359356323441679E-6-3.435041802387482E-11i,0.0071796781617210845-1.7175209011937997E-7i
84.00000000000007,10.392304845413264,3,1.4359356323441679E-6-3.435041802387482E-11i,0.007179678161721085-1.7175209011938E-7i
82.06367154313264,13.826439908926261,3,1.4359356323441679E-6-3.435041802387482E-11i,0.007179678161721084-1.7175209011937995E-7i
82.02447517206603,13.795505659968741,2.499999999999993,1.435935632344167E-6-3.435041802387482E-11i,0.007179678161721084-1.7175209011937992E-7i
81.01423836084673,15.532020677007296,3,1.4359356323441679E-6-3.435041802387482E-11i,0.007179678161721085-1.7175209011938E-7i
84.0308008192053,13.768651277339814,3,1.4359356323441674E-6-3.435041802387482E-11i,0.007179678161721086-1.7175209011937995E-7i
83.07369717940828,12.098568598701348,3,1.4359356323441674E-6-3.435041802387482E-11i,0.007179678161721086-1.7175209011937995E-7i
79.99999999999994,13.856406460551042,3,1.4359356323441677E-6-3.435041802387482E-11i,0.007179678161721085-1.7175209011937997E-7i
80.99999999999996,12.12435565298216,3,1.4359356323441677E-6-3.435041802387482E-11i,0.007179678161721085-1.7175209011937997E-7i
86.11948062857692,13.953868616632207,3,1.435935632344168E-6-3.435041802387482E-11i,0.0071796781617210845-1.7175209011938E-7i
89.21096839893187,11.905459692441227,3,1.4359356323441679E-6-3.435041802387482E-11i,0.007179678161721084-1.7175209011937997E-7i
88.07515558138208,10.276128958704874,3,1.4359356323441677E-6-3.435041802387482E-11i,0.007179678161721085-1.7175209011937997E-7i
90.0702816884968,9.870960494551028,3,1.4359356323441679E-6-3.435041802387482E-11i,0.0071796781617210845-1.7175209011937997E-7i
90.96436126745806,8.268909075897454,3,1.4359356323441679E-6-3.435041802387482E-11i,0.007179678161721085-1.7175209011938E-7i
89.04477884152901,8.488706087155634,3,1.4359356323441679E-6-3.435041802387482E-11i,0.0071796781617210845-1.7175209011937997E-7i
90.02400748093172,6.825642746276941,3,1.4359356323441679E-6-3.435041802387482E-11i,0.0071796781617210845-1.7175209011937997E-7i
83.50000000000003,7.794228634059971,2.499999999999997,1.4359356323441679E-6-3.435041802387482E-11i,0.007179678161721085-1.7175209011938E-7i
84.00000000000003,6.928203230275528,3,1.4359356323441679E-6-3.435041802387482E-11i,0.007179678161721085-1.7175209011938E-7i
85.00000000000001,8.660254037844368,3,1.4359356323441679E-6-3.435041802387482E-11i,0.007179678161721085-1.7175209011938E-7i
83.00000000000003,8.660254037844425,3,1.4359356323441679E-6-3.435041802387482E-11i,0.0071796781617210845-1.7175209011937997E-7i
87.05779781594049,8.649991938438404,3,1.4359356323441679E-6-3.435041802387482E-11i,0.007179678161721085-1.7175209011938E-7i
81.99999999999997,6.928203230275528,3,1.4359356323441679E-6-3.435041802387482E-11i,0.007179678161721085-1.7175209011938E-7i
91.96544223347821,6.524016448486691,3,1.4359356323441679E-6-3.435041802387482E-11i,0.007179678161721085-1.7175209011938E-7i
91.06250033247935,5.12501251363696,3,1.4359356323441679E-6-3.435041802387482E-11i,0.007179678161721085-1.7175209011938E-7i
89.00000000000003,5.196152422706632,3,1.4359356323441674E-6-3.435041802387482E-11i,0.007179678161721086-1.7175209011937995E-7i
92,0,2.9999999999999996,1.4359356323441679E-6-3.435041802387482E-11i,0.007179678161721084-1.7175209011937995E-7i
91,1.7320508075688679,3,1.4359356323441677E-6-3.435041802387482E-11i,0.007179678161721085-1.7175209011937997E-7i
88.00000000000003,6.9282032302755425,3,1.4359356323441679E-6-3.435041802387482E-11i,0.007179678161721084-1.7175209011937997E-7i
86.99999999999997,5.1961524227066604,3,1.4359356323441679E-6-3.435041802387482E-11i,0.007179678161721085-1.7175209011938E-7i
90.00000000000001,3.464101615137764,3,1.4359356323441679E-6-3.435041802387482E-11i,0.0071796781617210845-1.7175209011937997E-7i
88,3.464101615137764,3,1.4359356323441677E-6-3.435041802387482E-11i,0.007179678161721085-1.7175209011937997E-7i
89,1.732050807568882,3,1.4359356323441679E-6-3.435041802387482E-11i,0.007179678161721085-1.7175209011938E-7i
88.00000000000001,0,3.000000000000001,1.4359356323441679E-6-3.435041802387482E-11i,0.007179678161721084-1.7175209011937995E-7i
87,1.7320508075688963,3,1.4359356323441679E-6-3.435041802387482E-11i,0.0071796781617210845-1.7175209011937997E-7i
90,0,3,1.4359356323441679E-6-3.435041802387482E-11i,0.007179678161721084-1.7175209011937995E-7i
86.00000000000001,0.69282032302756,2.499999999999995,1.4359356323441674E-6-3.435041802387482E-11i,0.007179678161721086-1.7175209011937995E-7i
86,0,2.9999999999999996,1.4359356323441679E-6-3.435041802387482E-11i,0.007179678161721084-1.7175209011937995E-7i
85,1.732050807568882,3,1.4359356323441679E-6-3.435041802387482E-11i,0.007179678161721085-1.7175209011938E-7i
84.00000000000003,0,3.000000000000001,1.4359356323441679E-6-3.435041802387482E-11i,0.0071796781617210845-1.7175209011937997E-7i
81,3.4641016151377833,2.4999999999999982,1.4359356323441679E-6-3.435041802387482E-11i,0.007179678161721085-1.7175209011938E-7i
80,3.464101615137764,3,1.4359356323441679E-6-3.435041802387482E-11i,0.007179678161721084-1.7175209011937997E-7i
81.99999999999997,3.464101615137764,3,1.4359356323441679E-6-3.435041802387482E-11i,0.0071796781617210845-1.7175209011937997E-7i
80.99999999999999,5.196152422706632,3,1.4359356323441674E-6-3.435041802387482E-11i,0.007179678161721086-1.7175209011937995E-7i
81,1.7320508075688679,3,1.4359356323441674E-6-3.435041802387482E-11i,0.007179678161721086-1.7175209011937995E-7i
8.660254037844368,80.99999999999999,3,1.4359356323441679E-6-3.435041802387482E-11i,0.0071796781617210845-1.7175209011937997E-7i
6.9282032302755,81.99999999999997,3,1.4359356323441679E-6-3.435041802387482E-11i,0.007179678161721085-1.7175209011938E-7i
5.196152422706632,83,3,1.4359356323441674E-6-3.435041802387482E-11i,0.007179678161721086-1.7175209011937995E-7i
3.464101615137764,82,3,1.4359356323441672E-6-3.435041802387482E-11i,0.007179678161721086-1.7175209011937992E-7i
0,84,3.0000000000000004,1.4359356323441679E-6-3.435041802387482E-11i,0.007179678161721084-1.7175209011937995E-7i
0.6928203230275434,82,2.5,1.4359356323441677E-6-3.435041802387482E-11i,0.007179678161721085-1.7175209011937997E-7i
0,82,3,1.4359356323441679E-6-3.435041802387482E-11i,0.007179678161721084-1.7175209011937995E-7i
0,80,3,1.4359356323441679E-6-3.435041802387482E-11i,0.007179678161721084-1.7175209011937995E-7i
8.805455901951955,77.25149700598803,2.4610778443113865,1.435935632344167E-6-3.435041802387482E-11i,0.0071796781617210845-1.7175209011937992E-7i
8.660254037844368,77.00000000000003,3,1.4359356323441679E-6-3.435041802387482E-11i,0.007179678161721084-1.7175209011937997E-7i
10.392304845413236,78,3,1.4359356323441674E-6-3.435041802387482E-11i,0.007179678161721086-1.7175209011937995E-7i
8.660254037844368,78.99999999999999,3,1.4359356323441679E-6-3.435041802387482E-11i,0.007179678161721084-1.7175209011937997E-7i
6.9282032302755,78,3,1.4359356323441677E-6-3.435041802387482E-11i,0.007179678161721085-1.7175209011937997E-7i
8.67062559956633,79.01796407185628,2.532934131736544,1.435935632344167E-6-3.435041802387482E-11i,0.0071796781617210845-1.7175209011937992E-7i
10.392304845413236,79.99999999999999,3,1.4359356323441679E-6-3.435041802387482E-11i,0.0071796781617210845-1.7175209011937997E-7i
6.9282032302755,80,3,1.4359356323441672E-6-3.435041802387482E-11i,0.007179678161721086-1.7175209011937992E-7i
5.19615242270663,79.99999999999999,2.4999999999999742,1.4359356323441679E-6-3.435041802387482E-11i,0.007179678161721085-1.7175209011938E-7i
5.196152422706632,78.99999999999999,3,1.4359356323441679E-6-3.435041802387482E-11i,0.007179678161721085-1.7175209011938E-7i
5.196152422706632,81,3,1.4359356323441679E-6-3.435041802387482E-11i,0.007179678161721085-1.7175209011938E-7i
3.464101615137764,80,3,1.4359356323441674E-6-3.435041802387482E-11i,0.007179678161721086-1.7175209011937995E-7i
1.7320508075688963,81,3,1.4359356323441677E-6-3.435041802387482E-11i,0.007179678161721085-1.7175209011937997E-7i
13.856406460551,78.00000000000003,3,1.4359356323441677E-6-3.435041802387482E-11i,0.007179678161721085-1.7175209011937997E-7i
15.588457268119882,77.00000000000011,3,1.4359356323441677E-6-3.435041802387482E-11i,0.007179678161721085-1.7175209011937997E-7i
12.124355652982118,79,3,1.4359356323441679E-6-3.435041802387482E-11i,0.007179678161721084-1.7175209011937997E-7i
17.32050807568882,76.00000000000018,3,1.4359356323441674E-6-3.435041802387482E-11i,0.007179678161721086-1.7175209011937995E-7i
14.722431864335437,76.5000000000001,2.500000000000021,1.4359356323441679E-6-3.435041802387482E-11i,0.007179678161721085-1.7175209011938E-7i
13.856406460551057,76.00000000000011,3,1.4359356323441679E-6-3.435041802387482E-11i,0.007179678161721084-1.7175209011937997E-7i
15.588457268119981,75.00000000000006,3,1.4359356323441677E-6-3.435041802387482E-11i,0.007179678161721085-1.7175209011937997E-7i
10.392304845413278,76.00000000000006,3,1.4359356323441679E-6-3.435041802387482E-11i,0.0071796781617210845-1.7175209011937997E-7i
12.124355652982132,77.00000000000006,3,1.4359356323441672E-6-3.435041802387482E-11i,0.007179678161721086-1.7175209011937992E-7i
12.124355652982189,75.00000000000003,3,1.4359356323441674E-6-3.435041802387482E-11i,0.007179678161721086-1.7175209011937995E-7i
22.451394883579894,72.87463323508987,3,1.4359356323441677E-6-3.435041802387482E-11i,0.007179678161721085-1.7175209011937997E-7i
22.468292454908152,71.00092580755415,3,1.4359356323441679E-6-3.435041802387482E-11i,0.007179678161721085-1.7175209011938E-7i
20.793341777899016,71.95841342752462,3,1.4359356323441679E-6-3.435041802387482E-11i,0.007179678161721085-1.7175209011938E-7i
20.779075217978658,73.95217065569595,3,1.4359356323441679E-6-3.435041802387482E-11i,0.007179678161721085-1.7175209011938E-7i
20.77969250025383,75.86713737539668,3,1.4359356323441679E-6-3.435041802387482E-11i,0.0071796781617210845-1.7175209011937997E-7i
22.19972272928655,76.39443333394807,3,1.4359356323441679E-6-3.435041802387482E-11i,0.0071796781617210845-1.7175209011937995E-7i
19.04432675900408,74.94175736524275,3,1.4359356323441679E-6-3.435041802387482E-11i,0.0071796781617210845-1.7175209011937997E-7i
19.052558883257788,72.99999999999977,3,1.4359356323441674E-6-3.435041802387482E-11i,0.007179678161721086-1.7175209011937995E-7i
17.320508075688906,73.99999999999994,3,1.4359356323441672E-6-3.435041802387482E-11i,0.007179678161721086-1.7175209011937992E-7i
19.052558883257603,70.99999999999972,3,1.4359356323441677E-6-3.435041802387482E-11i,0.007179678161721085-1.7175209011937997E-7i
20.784609690826343,69.99999999999973,3,1.4359356323441677E-6-3.435041802387482E-11i,0.007179678161721085-1.7175209011937997E-7i
22.51666049839504,69,3,1.4359356323441677E-6-3.435041802387482E-11i,0.007179678161721085-1.7175209011937997E-7i
24.248711305963894,68.00000000000061,3,1.4359356323441679E-6-3.435041802387482E-11i,0.007179678161721085-1.7175209011938E-7i
22.516660498395368,67.00000000000065,3,1.4359356323441679E-6-3.435041802387482E-11i,0.007179678161721085-1.7175209011938E-7i
55.09727927491963,56.908417175782795,3,1.4359356323441679E-6-3.435041802387482E-11i,0.007179678161721084-1.7175209011937997E-7i
53.05434358065702,56.786918263323855,3,1.4359356323441679E-6-3.435041802387482E-11i,0.007179678161721085-1.7175209011938E-7i
51.87526444932168,58.381752128041235,2.5765356325784894,1.4359356323441672E-6-3.435041802387482E-11i,0.007179678161721085-1.7175209011937992E-7i
49.99999999998606,58.43078061834263,3,1.4359356323441679E-6-3.435041802387482E-11i,0.007179678161721085-1.7175209011938E-7i
51.02447666060226,56.729540195205146,3,1.4359356323441674E-6-3.435041802387482E-11i,0.007179678161721086-1.7175209011937995E-7i
54.10668977208917,55.083497017714784,3,1.4359356323441679E-6-3.435041802387482E-11i,0.007179678161721084-1.7175209011937997E-7i
52.05633706960441,55.02438967845056,3,1.4359356323441672E-6-3.435041802387482E-11i,0.007179678161721086-1.7175209011937992E-7i
47.999999999997556,61.89488223348888,3,1.4359356323441674E-6-3.435041802387482E-11i,0.007179678161721086-1.7175209011937995E-7i
47.00000000000242,63.6269330410563,3,1.4359356323441677E-6-3.435041802387482E-11i,0.007179678161721085-1.7175209011937997E-7i
48.999999999990166,60.16283142591831,3,1.4359356323441674E-6-3.435041802387482E-11i,0.007179678161721086-1.7175209011937995E-7i
43.50331965457587,59.31704076329867,2.4999999999999982,1.4359356323441679E-6-3.435041802387482E-11i,0.007179678161721085-1.7175209011938E-7i
43.89455267340827,58.40135266281333,3,1.4359356323441679E-6-3.435041802387482E-11i,0.007179678161721085-1.7175209011938E-7i
43.112086968893024,60.2327290682277,3,1.4359356323441677E-6-3.435041802387482E-11i,0.007179678161721085-1.7175209011937997E-7i
42.0880995636081,58.70708091211762,3,1.4359356323441674E-6-3.435041802387482E-11i,0.007179678161721086-1.7175209011937995E-7i
44.98682408444528,60.14686211497036,3,1.4359356323441677E-6-3.435041802387482E-11i,0.007179678161721085-1.7175209011937997E-7i
46.96506107064538,56.708700756330636,3,1.4359356323441679E-6-3.435041802387482E-11i,0.007179678161721084-1.7175209011937995E-7i
47.000644641760886,56.626101175018555,2.4999999999999973,1.435935632344167E-6-3.435041802387482E-11i,0.007179678161721084-1.7175209011937992E-7i
45.861005379875735,58.369170483513926,3,1.4359356323441679E-6-3.435041802387482E-11i,0.007179678161721085-1.7175209011938E-7i
47.96563763188515,58.461942459521865,3,1.4359356323441679E-6-3.435041802387482E-11i,0.007179678161721085-1.7175209011938E-7i
48.999999999979785,56.69872981078298,3,1.4359356323441679E-6-3.435041802387482E-11i,0.007179678161721084-1.7175209011937997E-7i
48.0437445763313,54.92192618481394,3,1.4359356323441679E-6-3.435041802387482E-11i,0.0071796781617210845-1.7175209011937997E-7i
45.00000000000277,63.6269330410515,3,1.4359356323441679E-6-3.435041802387482E-11i,0.007179678161721085-1.7175209011938E-7i
42.99999999999413,63.62693304105447,3,1.4359356323441679E-6-3.435041802387482E-11i,0.007179678161721085-1.7175209011938E-7i
46.00000000000675,61.89488223348512,3,1.4359356323441677E-6-3.435041802387482E-11i,0.007179678161721085-1.7175209011937997E-7i
47.01177886882274,60.13270438110828,3,1.4359356323441679E-6-3.435041802387482E-11i,0.0071796781617210845-1.7175209011937997E-7i
43.999999999995886,61.89488223348148,3,1.4359356323441679E-6-3.435041802387482E-11i,0.007179678161721085-1.7175209011938E-7i
38.76141082122966,57.38846918058412,2.5009271059466336,1.4359356323441679E-6-3.435041802387482E-11i,0.007179678161721085-1.7175209011938E-7i
39.4859662071638,56.87570077826652,3,1.4359356323441679E-6-3.435041802387482E-11i,0.007179678161721084-1.7175209011937997E-7i
39.942897286617836,58.8483784717388,3,1.4359356323441674E-6-3.435041802387482E-11i,0.007179678161721086-1.7175209011937995E-7i
38.041874193525246,57.895581280946786,3,1.4359356323441677E-6-3.435041802387482E-11i,0.007179678161721085-1.7175209011937997E-7i
42.06668045076575,61.98341341476143,3,1.4359356323441679E-6-3.435041802387482E-11i,0.0071796781617210845-1.7175209011937997E-7i
40.115865975770234,62.09780799512493,3,1.4359356323441677E-6-3.435041802387482E-11i,0.007179678161721085-1.7175209011937997E-7i
41.083542757201094,60.46802762147186,3,1.4359356323441679E-6-3.435041802387482E-11i,0.0071796781617210845-1.7175209011937997E-7i
31.173282940089578,65.90604172916812,3,1.4359356323441672E-6-3.435041802387482E-11i,0.007179678161721086-1.7175209011937992E-7i
29.539319177747956,66.91161031854324,3,1.4359356323441679E-6-3.435041802387482E-11i,0.007179678161721084-1.7175209011937995E-7i
29.51011316810624,66.88785470863776,2.500000000000008,1.435935632344167E-6-3.435041802387482E-11i,0.007179678161721084-1.7175209011937992E-7i
27.772868037481004,65.96617616966161,3,1.4359356323441679E-6-3.435041802387482E-11i,0.007179678161721085-1.7175209011938E-7i
27.836192797345532,67.96692161828831,3,1.4359356323441674E-6-3.435041802387482E-11i,0.007179678161721086-1.7175209011937995E-7i
29.73645341822906,68.99401422804364,3,1.4359356323441677E-6-3.435041802387482E-11i,0.007179678161721085-1.7175209011937997E-7i
31.031640967366172,67.52097663675461,3,1.4359356323441677E-6-3.435041802387482E-11i,0.007179678161721085-1.7175209011937997E-7i
29.481034838877278,64.94924225937356,3,1.4359356323441677E-6-3.435041802387482E-11i,0.007179678161721085-1.7175209011937997E-7i
36.07505965954611,65.60652820918894,3,1.4359356323441679E-6-3.435041802387482E-11i,0.007179678161721084-1.7175209011937995E-7i
36.082241334753405,65.57304086601218,2.500000000000005,1.435935632344167E-6-3.435041802387482E-11i,0.007179678161721084-1.7175209011937992E-7i
37.051665494436975,63.85215957479428,3,1.4359356323441679E-6-3.435041802387482E-11i,0.0071796781617210845-1.7175209011937997E-7i
34.88954544111705,63.91757062417965,3,1.4359356323441674E-6-3.435041802387482E-11i,0.007179678161721086-1.7175209011937995E-7i
31.175196054511318,63.932763829162546,3,1.4359356323441679E-6-3.435041802387482E-11i,0.007179678161721084-1.7175209011937995E-7i
31.203716536556158,63.94903475569849,2.4999999999999982,1.435935632344167E-6-3.435041802387482E-11i,0.007179678161721084-1.7175209011937992E-7i
32.983569697101615,62.95936706577133,3,1.4359356323441677E-6-3.435041802387482E-11i,0.007179678161721085-1.7175209011937997E-7i
29.44486372867061,62.99999999999843,3,1.4359356323441677E-6-3.435041802387482E-11i,0.007179678161721085-1.7175209011937997E-7i
31.176914536238655,61.99999999999921,3,1.4359356323441679E-6-3.435041802387482E-11i,0.007179678161721085-1.7175209011938E-7i
29.286831896328835,70.8242347636187,3,1.435935632344168E-6-3.435041802387482E-11i,0.0071796781617210845-1.7175209011938E-7i
25.980762113533146,67.00000000000125,3,1.4359356323441677E-6-3.435041802387482E-11i,0.007179678161721085-1.7175209011937997E-7i
24.248711305964633,66.00000000000063,3,1.4359356323441677E-6-3.435041802387482E-11i,0.007179678161721085-1.7175209011937997E-7i
38.006512919561914,61.90753833747304,3,1.4359356323441674E-6-3.435041802387482E-11i,0.007179678161721086-1.7175209011937995E-7i
36.14302108754461,62.44404815515991,3,1.4359356323441679E-6-3.435041802387482E-11i,0.007179678161721084-1.7175209011937997E-7i
54.9380732400456,51.998455238972134,3,1.4359356323441677E-6-3.435041802387482E-11i,0.007179678161721085-1.7175209011937997E-7i
56.69872981078994,51.00000000000996,3,1.4359356323441677E-6-3.435041802387482E-11i,0.007179678161721085-1.7175209011937997E-7i
53.15229394653226,53.16014098882076,3,1.4359356323441677E-6-3.435041802387482E-11i,0.007179678161721085-1.7175209011937997E-7i
56.81225265636809,46.98924193433842,3,1.4359356323441679E-6-3.435041802387482E-11i,0.007179678161721084-1.7175209011937995E-7i
56.80391102427891,46.972626870038816,2.5000000000000018,1.435935632344167E-6-3.435041802387482E-11i,0.007179678161721084-1.7175209011937992E-7i
56.75134600170206,49.01322324300853,3,1.4359356323441679E-6-3.435041802387482E-11i,0.007179678161721085-1.7175209011938E-7i
58.45315523033633,47.99863146525123,3,1.4359356323441674E-6-3.435041802387482E-11i,0.007179678161721086-1.7175209011937995E-7i
56.89006535086689,44.957999272085054,3,1.4359356323441679E-6-3.435041802387482E-11i,0.0071796781617210845-1.7175209011937997E-7i
55.049908531505835,47.951413587177925,3,1.4359356323441679E-6-3.435041802387482E-11i,0.0071796781617210845-1.7175209011937997E-7i
55.09374439692399,45.87530612097542,3,1.4359356323441679E-6-3.435041802387482E-11i,0.0071796781617210845-1.7175209011937997E-7i
58.68499585046682,44.0937888428634,3,1.4359356323441677E-6-3.435041802387482E-11i,0.007179678161721085-1.7175209011937997E-7i
58.430780618349665,50.00000000001602,3,1.4359356323441679E-6-3.435041802387482E-11i,0.0071796781617210845-1.7175209011937997E-7i
55.090429340969415,49.98057225413972,3,1.4359356323441679E-6-3.435041802387482E-11i,0.007179678161721084-1.7175209011937997E-7i
53.39374079959158,51.0761099537295,3,1.4359356323441677E-6-3.435041802387482E-11i,0.007179678161721085-1.7175209011937997E-7i
53.46803503743855,49.0000444729613,3,1.4359356323441679E-6-3.435041802387482E-11i,0.0071796781617210845-1.7175209011937997E-7i
53.17917983080685,46.84895538041272,3,1.4359356323441674E-6-3.435041802387482E-11i,0.007179678161721086-1.7175209011937995E-7i
51.83644152288425,48.310710090457135,3,1.4359356323441674E-6-3.435041802387482E-11i,0.007179678161721086-1.7175209011937995E-7i
51.71826827399597,50.01669768865007,3,1.4359356323441677E-6-3.435041802387482E-11i,0.007179678161721085-1.7175209011937997E-7i
61.90506407381129,42.12305835182621,3,1.4359356323441674E-6-3.435041802387482E-11i,0.007179678161721086-1.7175209011937995E-7i
58.803064741539636,42.5504151632256,3,1.435935632344168E-6-3.435041802387482E-11i,0.0071796781617210845-1.7175209011938E-7i
58.9974677115577,36.368855784492396,3,1.4359356323441679E-6-3.435041802387482E-11i,0.007179678161721084-1.7175209011937995E-7i
58.99509162713295,36.34548016060204,2.4999999999999782,1.435935632344167E-6-3.435041802387482E-11i,0.007179678161721084-1.7175209011937992E-7i
58.0266670971341,38.08142528374955,3,1.4359356323441679E-6-3.435041802387482E-11i,0.0071796781617210845-1.7175209011937997E-7i
59.97131584823265,37.99194856751607,3,1.4359356323441679E-6-3.435041802387482E-11i,0.007179678161721084-1.7175209011937997E-7i
60.970190900894735,36.321032197740955,3,1.4359356323441672E-6-3.435041802387482E-11i,0.007179678161721085-1.7175209011937992E-7i
56.99999999999554,36.37306695894148,3,1.4359356323441677E-6-3.435041802387482E-11i,0.007179678161721085-1.7175209011937997E-7i
59.999999999995666,34.64101615138162,3,1.4359356323441679E-6-3.435041802387482E-11i,0.0071796781617210845-1.7175209011937997E-7i
62.133799131334726,34.557787445393124,2.4999999999669757,1.435935632344167E-6-3.435041802387482E-11i,0.0071796781617210845-1.7175209011937992E-7i
61.992182521479975,34.597733003922656,3,1.4359356323441679E-6-3.435041802387482E-11i,0.007179678161721084-1.7175209011937997E-7i
63.025840087562784,32.87727011856103,3,1.4359356323441679E-6-3.435041802387482E-11i,0.007179678161721084-1.7175209011937997E-7i
61.00000000000088,32.908965343812085,3,1.4359356323441677E-6-3.435041802387482E-11i,0.007179678161721085-1.7175209011937997E-7i
63.71009128652429,41.18880962769238,3,1.4359356323441674E-6-3.435041802387482E-11i,0.007179678161721086-1.7175209011937995E-7i
65.35771089140061,40.06931237580936,3,1.4359356323441679E-6-3.435041802387482E-11i,0.007179678161721084-1.7175209011937997E-7i
67.09211625220067,39.10940758678027,3,1.4359356323441679E-6-3.435041802387482E-11i,0.0071796781617210845-1.7175209011937997E-7i
65.42052414455317,38.18091121358579,3,1.4359356323441679E-6-3.435041802387482E-11i,0.007179678161721085-1.7175209011938E-7i
60.035547185420604,41.14243125527445,3,1.4359356323441677E-6-3.435041802387482E-11i,0.007179678161721085-1.7175209011937997E-7i
61.95218718424239,40.2908950545723,3,1.4359356323441679E-6-3.435041802387482E-11i,0.0071796781617210845-1.7175209011937997E-7i
60.51874762585963,39.417488346530384,3,1.4359356323441677E-6-3.435041802387482E-11i,0.007179678161721085-1.7175209011937997E-7i
58.02913669119512,41.23063993497466,3,1.4359356323441679E-6-3.435041802387482E-11i,0.007179678161721085-1.7175209011938E-7i
57.177024192773466,42.92635551293559,3,1.4359356323441677E-6-3.435041802387482E-11i,0.007179678161721085-1.7175209011937997E-7i
63.85143908280202,37.56560947325995,3,1.4359356323441674E-6-3.435041802387482E-11i,0.007179678161721086-1.7175209011937995E-7i
63.747239871165554,39.15589732109181,3,1.4359356323441679E-6-3.435041802387482E-11i,0.007179678161721084-1.7175209011937995E-7i
61.99226280505314,38.08219484775442,3,1.4359356323441674E-6-3.435041802387482E-11i,0.007179678161721086-1.7175209011937995E-7i
67.03376026734311,29.37686819661522,3,1.4359356323441677E-6-3.435041802387482E-11i,0.007179678161721085-1.7175209011937997E-7i
57.9999999999932,34.641016151375894,3,1.4359356323441677E-6-3.435041802387482E-11i,0.007179678161721085-1.7175209011937997E-7i
64.96104174210092,32.83183770391561,3,1.4359356323441679E-6-3.435041802387482E-11i,0.007179678161721085-1.7175209011938E-7i
64.01053359916428,31.176293382729696,3,1.4359356323441677E-6-3.435041802387482E-11i,0.007179678161721085-1.7175209011937997E-7i
62.00000000000309,31.176914536241327,3,1.4359356323441679E-6-3.435041802387482E-11i,0.007179678161721085-1.7175209011938E-7i
66.00067683624921,31.14338606782661,3,1.4359356323441679E-6-3.435041802387482E-11i,0.007179678161721085-1.7175209011938E-7i
68.0871372284167,27.65697456816821,3,1.4359356323441674E-6-3.435041802387482E-11i,0.007179678161721086-1.7175209011937995E-7i
73.03206470430345,25.685759958827248,3,1.4359356323441674E-6-3.435041802387482E-11i,0.007179678161721086-1.7175209011937995E-7i
72.23481129934243,27.86073033623036,3,1.4359356323441674E-6-3.435041802387482E-11i,0.007179678161721086-1.7175209011937995E-7i
71.05234535547274,25.992361746021587,3,1.4359356323441679E-6-3.435041802387482E-11i,0.0071796781617210845-1.7175209011937997E-7i
65.999999999999,27.71281292110146,3,1.4359356323441679E-6-3.435041802387482E-11i,0.007179678161721085-1.7175209011938E-7i
69.0416606320727,25.954266468947452,3,1.4359356323441679E-6-3.435041802387482E-11i,0.007179678161721084-1.7175209011937995E-7i
69.04200127744481,25.96049300105779,2.5,1.435935632344167E-6-3.435041802387482E-11i,0.007179678161721084-1.7175209011937992E-7i
70.00000000000023,24.24871130596452,3,1.4359356323441674E-6-3.435041802387482E-11i,0.007179678161721086-1.7175209011937995E-7i
66.99999999999909,25.98076211353316,3,1.4359356323441677E-6-3.435041802387482E-11i,0.007179678161721085-1.7175209011937997E-7i
67.99999999999956,24.248711305964534,3,1.4359356323441677E-6-3.435041802387482E-11i,0.007179678161721085-1.7175209011937997E-7i
72.02029653791342,24.222978872641278,3,1.4359356323441674E-6-3.435041802387482E-11i,0.007179678161721086-1.7175209011937995E-7i
71.50729992086573,23.36953453969805,2.5000039777351843,1.4359356323441679E-6-3.435041802387482E-11i,0.007179678161721085-1.7175209011938E-7i
71.00000000000021,22.51666049839548,3,1.4359356323441672E-6-3.435041802387482E-11i,0.007179678161721086-1.7175209011937992E-7i
72.99694428304196,22.523987671627467,3,1.4359356323441677E-6-3.435041802387482E-11i,0.007179678161721085-1.7175209011937997E-7i
72.0000000000001,20.784609690826557,3,1.4359356323441679E-6-3.435041802387482E-11i,0.0071796781617210845-1.7175209011937997E-7i
73.00000000000007,19.052558883257674,3,1.4359356323441677E-6-3.435041802387482E-11i,0.007179678161721085-1.7175209011937997E-7i
72.00000000000006,17.320508075688792,3,1.4359356323441672E-6-3.435041802387482E-11i,0.007179678161721085-1.7175209011937992E-7i
71.00000000000011,19.05255888325769,3,1.4359356323441679E-6-3.435041802387482E-11i,0.0071796781617210845-1.7175209011937997E-7i
72.00000000000003,15.588457268119914,2.49999999999999,1.4359356323441679E-6-3.435041802387482E-11i,0.007179678161721085-1.7175209011938E-7i
71.00000000000007,15.588457268119924,3,1.4359356323441679E-6-3.435041802387482E-11i,0.007179678161721085-1.7175209011938E-7i
73.00000000000003,15.58845726811991,3,1.4359356323441679E-6-3.435041802387482E-11i,0.007179678161721085-1.7175209011938E-7i
76.00000000000001,10.392304845413236,3,1.4359356323441679E-6-3.435041802387482E-11i,0.007179678161721084-1.7175209011937995E-7i
76,10.392304845413268,2.4999999999999982,1.435935632344167E-6-3.435041802387482E-11i,0.007179678161721084-1.7175209011937992E-7i
75.00000000000006,12.124355652982132,3,1.4359356323441679E-6-3.435041802387482E-11i,0.0071796781617210845-1.7175209011937997E-7i
76.99999999999994,12.124355652982075,3,1.4359356323441679E-6-3.435041802387482E-11i,0.007179678161721085-1.7175209011938E-7i
77.99999999999991,10.392304845413264,3,1.4359356323441679E-6-3.435041802387482E-11i,0.007179678161721085-1.7175209011938E-7i
74.00000000000003,10.392304845413264,3,1.4359356323441677E-6-3.435041802387482E-11i,0.007179678161721085-1.7175209011937997E-7i
72.00000000000003,13.856406460551028,3,1.4359356323441677E-6-3.435041802387482E-11i,0.007179678161721085-1.7175209011937997E-7i
75.0000000000002,19.052558883257618,3,1.4359356323441679E-6-3.435041802387482E-11i,0.0071796781617210845-1.7175209011937997E-7i
74.0000000000001,17.320508075688792,3,1.4359356323441677E-6-3.435041802387482E-11i,0.007179678161721085-1.7175209011937997E-7i
77.99999999999986,13.856406460551,3,1.4359356323441677E-6-3.435041802387482E-11i,0.007179678161721085-1.7175209011937997E-7i
75.0000000000001,15.588457268119868,3,1.4359356323441679E-6-3.435041802387482E-11i,0.007179678161721085-1.7175209011938E-7i
76.00000000000004,13.856406460550957,3,1.4359356323441679E-6-3.435041802387482E-11i,0.0071796781617210845-1.7175209011937997E-7i
74.00000000000004,13.856406460551028,3,1.4359356323441679E-6-3.435041802387482E-11i,0.007179678161721085-1.7175209011938E-7i
85.99999999999996,6.9282032302755,3,1.4359356323441679E-6-3.435041802387482E-11i,0.007179678161721084-1.7175209011937997E-7i
80.99999999999997,8.660254037844396,3,1.4359356323441679E-6-3.435041802387482E-11i,0.0071796781617210845-1.7175209011937997E-7i
81.99999999999997,10.392304845413292,3,1.4359356323441679E-6-3.435041802387482E-11i,0.0071796781617210845-1.7175209011937997E-7i
79.99999999999999,10.392304845413278,3,1.4359356323441677E-6-3.435041802387482E-11i,0.007179678161721085-1.7175209011937997E-7i
78.99999999999993,12.12435565298216,3,1.4359356323441672E-6-3.435041802387482E-11i,0.007179678161721086-1.7175209011937992E-7i
78.99999999999996,8.660254037844396,3,1.4359356323441679E-6-3.435041802387482E-11i,0.007179678161721085-1.7175209011938E-7i
80,6.928203230275528,3,1.4359356323441679E-6-3.435041802387482E-11i,0.007179678161721085-1.7175209011938E-7i
85,5.196152422706632,3,1.4359356323441677E-6-3.435041802387482E-11i,0.007179678161721085-1.7175209011937997E-7i
85.99999999999999,3.464101615137764,3,1.4359356323441672E-6-3.435041802387482E-11i,0.007179678161721086-1.7175209011937992E-7i
83,5.1961524227066604,3,1.4359356323441679E-6-3.435041802387482E-11i,0.0071796781617210845-1.7175209011937997E-7i
84.00000000000003,3.464101615137764,3,1.4359356323441677E-6-3.435041802387482E-11i,0.007179678161721085-1.7175209011937997E-7i
83,1.7320508075688963,3,1.4359356323441679E-6-3.435041802387482E-11i,0.007179678161721084-1.7175209011937995E-7i
82,0,3.0000000000000004,1.4359356323441679E-6-3.435041802387482E-11i,0.007179678161721084-1.7175209011937997E-7i
76.99999999999997,8.660254037844368,3,1.4359356323441679E-6-3.435041802387482E-11i,0.007179678161721085-1.7175209011938E-7i
81,1.0392304845413372,2.500000000000007,1.4359356323441677E-6-3.435041802387482E-11i,0.007179678161721085-1.7175209011937997E-7i
80,0,3,1.4359356323441679E-6-3.435041802387482E-11i,0.007179678161721084-1.7175209011937997E-7i
79,1.7320508075688963,3,1.4359356323441679E-6-3.435041802387482E-11i,0.007179678161721085-1.7175209011938E-7i
77.39999999999998,6.581793068761723,2.500000000000006,1.4359356323441674E-6-3.435041802387482E-11i,0.007179678161721086-1.7175209011937995E-7i
77.99999999999994,6.9282032302755,3,1.4359356323441677E-6-3.435041802387482E-11i,0.007179678161721085-1.7175209011937997E-7i
76.00000000000003,6.9282032302755,3,1.4359356323441679E-6-3.435041802387482E-11i,0.007179678161721085-1.7175209011938E-7i
77,5.196152422706618,3,1.4359356323441674E-6-3.435041802387482E-11i,0.007179678161721086-1.7175209011937995E-7i
78.99999999999997,5.1961524227066604,3,1.4359356323441674E-6-3.435041802387482E-11i,0.007179678161721086-1.7175209011937995E-7i
77.99999999999999,3.464101615137764,3,1.4359356323441674E-6-3.435041802387482E-11i,0.007179678161721086-1.7175209011937995E-7i
77,1.0392304845413205,2.5000000000000058,1.4359356323441677E-6-3.435041802387482E-11i,0.007179678161721085-1.7175209011937997E-7i
77,1.7320508075688679,3,1.4359356323441679E-6-3.435041802387482E-11i,0.007179678161721085-1.7175209011938E-7i
76,0,3.0000000000000004,1.4359356323441679E-6-3.435041802387482E-11i,0.007179678161721084-1.7175209011937997E-7i
78,0,3,1.4359356323441679E-6-3.435041802387482E-11i,0.007179678161721084-1.7175209011937997E-7i
8.660254037844425,75.00000000000001,3,1.4359356323441672E-6-3.435041802387482E-11i,0.007179678161721085-1.7175209011937992E-7i
5.196152422706632,77.00000000000003,3,1.4359356323441672E-6-3.435041802387482E-11i,0.007179678161721086-1.7175209011937992E-7i
8.660254037844375,72.00000000000001,2.5,1.4359356323441679E-6-3.435041802387482E-11i,0.007179678161721085-1.7175209011938E-7i
8.660254037844368,70.99999999999999,3,1.4359356323441679E-6-3.435041802387482E-11i,0.007179678161721085-1.7175209011938E-7i
10.392304845413264,71.99999999999994,3,1.4359356323441672E-6-3.435041802387482E-11i,0.007179678161721086-1.7175209011937992E-7i
8.660254037844396,72.99999999999997,3,1.4359356323441679E-6-3.435041802387482E-11i,0.007179678161721084-1.7175209011937997E-7i
6.9282032302755,71.99999999999999,3,1.4359356323441679E-6-3.435041802387482E-11i,0.0071796781617210845-1.7175209011937997E-7i
2.5980762113533293,71.49999999999999,2.500000000000002,1.4359356323441679E-6-3.435041802387482E-11i,0.007179678161721085-1.7175209011938E-7i
1.732050807568882,71,3,1.4359356323441679E-6-3.435041802387482E-11i,0.0071796781617210845-1.7175209011937997E-7i
3.46410161513775,72.00000000000001,3,1.4359356323441679E-6-3.435041802387482E-11i,0.007179678161721084-1.7175209011937997E-7i
1.7320508075688679,73,3,1.4359356323441672E-6-3.435041802387482E-11i,0.007179678161721085-1.7175209011937992E-7i
3.46410161513775,70,3,1.4359356323441672E-6-3.435041802387482E-11i,0.007179678161721086-1.7175209011937992E-7i
1.732050807568882,79,3,1.4359356323441679E-6-3.435041802387482E-11i,0.0071796781617210845-1.7175209011937997E-7i
0,78.00000000000001,3.0000000000000004,1.4359356323441679E-6-3.435041802387482E-11i,0.007179678161721084-1.7175209011937995E-7i
0,76.00000000000003,3.000000000000001,1.4359356323441679E-6-3.435041802387482E-11i,0.007179678161721084-1.7175209011937995E-7i
1.7320508075688963,75.00000000000001,3,1.4359356323441674E-6-3.435041802387482E-11i,0.007179678161721086-1.7175209011937995E-7i
0,74,2.9999999999999996,1.4359356323441679E-6-3.435041802387482E-11i,0.007179678161721084-1.7175209011937995E-7i
1.732050807568882,77.00000000000001,3,1.4359356323441677E-6-3.435041802387482E-11i,0.007179678161721085-1.7175209011937997E-7i
6.928203230275528,76.00000000000003,3,1.4359356323441679E-6-3.435041802387482E-11i,0.0071796781617210845-1.7175209011937997E-7i
3.46410161513775,78.00000000000001,3,1.4359356323441679E-6-3.435041802387482E-11i,0.007179678161721084-1.7175209011937995E-7i
3.464101615137764,76.00000000000003,3,1.4359356323441679E-6-3.435041802387482E-11i,0.0071796781617210845-1.7175209011937997E-7i
3.464101615137764,74,3,1.4359356323441679E-6-3.435041802387482E-11i,0.007179678161721085-1.7175209011938E-7i
5.196152422706632,75.00000000000001,3,1.4359356323441677E-6-3.435041802387482E-11i,0.007179678161721085-1.7175209011937997E-7i
0,72.00000000000001,3.000000000000001,1.4359356323441679E-6-3.435041802387482E-11i,0.007179678161721084-1.7175209011937995E-7i
13.856406460551085,73.99999999999997,3,1.4359356323441677E-6-3.435041802387482E-11i,0.007179678161721085-1.7175209011937997E-7i
12.12435565298216,72.99999999999994,3,1.4359356323441679E-6-3.435041802387482E-11i,0.007179678161721085-1.7175209011938E-7i
15.588457268119953,72.99999999999989,3,1.4359356323441679E-6-3.435041802387482E-11i,0.007179678161721085-1.7175209011938E-7i
10.392304845413292,73.99999999999997,3,1.4359356323441679E-6-3.435041802387482E-11i,0.007179678161721085-1.7175209011938E-7i
19.05255888325746,68.99999999999997,3,1.4359356323441679E-6-3.435041802387482E-11i,0.0071796781617210845-1.7175209011937997E-7i
20.784609690826315,68.00000000000028,3,1.4359356323441679E-6-3.435041802387482E-11i,0.007179678161721084-1.7175209011937997E-7i
19.052558883257632,67.00000000000034,3,1.4359356323441679E-6-3.435041802387482E-11i,0.007179678161721085-1.7175209011938E-7i
17.320508075688792,71.99999999999979,3,1.4359356323441679E-6-3.435041802387482E-11i,0.007179678161721085-1.7175209011938E-7i
17.32050807568868,69.99999999999986,3,1.4359356323441679E-6-3.435041802387482E-11i,0.0071796781617210845-1.7175209011937997E-7i
15.588457268119868,70.99999999999986,3,1.4359356323441679E-6-3.435041802387482E-11i,0.007179678161721085-1.7175209011938E-7i
13.856406460551028,71.9999999999999,3,1.4359356323441679E-6-3.435041802387482E-11i,0.007179678161721085-1.7175209011938E-7i
12.124355652982132,70.99999999999994,3,1.4359356323441679E-6-3.435041802387482E-11i,0.007179678161721085-1.7175209011938E-7i
12.12435565298209,68.99999999999999,3,1.4359356323441679E-6-3.435041802387482E-11i,0.0071796781617210845-1.7175209011937997E-7i
13.856406460550971,69.99999999999993,3,1.4359356323441679E-6-3.435041802387482E-11i,0.0071796781617210845-1.7175209011937997E-7i
13.856406460550957,68.00000000000007,3,1.4359356323441679E-6-3.435041802387482E-11i,0.007179678161721084-1.7175209011937997E-7i
12.124355652982132,67.0000000000001,3,1.4359356323441677E-6-3.435041802387482E-11i,0.007179678161721085-1.7175209011937997E-7i
15.588457268119797,68.99999999999999,3,1.4359356323441679E-6-3.435041802387482E-11i,0.0071796781617210845-1.7175209011937997E-7i
15.588457268119868,67.00000000000017,3,1.4359356323441679E-6-3.435041802387482E-11i,0.007179678161721085-1.7175209011938E-7i
13.856406460551057,66.0000000000001,3,1.4359356323441674E-6-3.435041802387482E-11i,0.007179678161721086-1.7175209011937995E-7i
17.32050807568865,68.00000000000014,3,1.4359356323441679E-6-3.435041802387482E-11i,0.007179678161721084-1.7175209011937997E-7i
17.32050807568885,66.0000000000002,3,1.4359356323441677E-6-3.435041802387482E-11i,0.007179678161721085-1.7175209011937997E-7i
17.32050807568882,63.99999999999988,3,1.4359356323441674E-6-3.435041802387482E-11i,0.007179678161721086-1.7175209011937995E-7i
15.588457268119981,65.00000000000003,3,1.4359356323441677E-6-3.435041802387482E-11i,0.007179678161721085-1.7175209011937997E-7i
12.124355652982175,65,3,1.4359356323441679E-6-3.435041802387482E-11i,0.007179678161721084-1.7175209011937995E-7i
12.124355652982148,64.99999999999999,2.499999999999993,1.435935632344167E-6-3.435041802387482E-11i,0.007179678161721084-1.7175209011937992E-7i
10.392304845413292,66.00000000000006,3,1.4359356323441679E-6-3.435041802387482E-11i,0.007179678161721085-1.7175209011938E-7i
13.856406460551057,63.99999999999994,3,1.4359356323441672E-6-3.435041802387482E-11i,0.007179678161721086-1.7175209011937992E-7i
25.9807621135338,64.99999999999994,3,1.4359356323441677E-6-3.435041802387482E-11i,0.007179678161721085-1.7175209011937997E-7i
27.712812921102483,63.999999999998906,3,1.4359356323441679E-6-3.435041802387482E-11i,0.007179678161721085-1.7175209011938E-7i
24.248711305964505,63.999999999999474,3,1.4359356323441674E-6-3.435041802387482E-11i,0.007179678161721086-1.7175209011937995E-7i
22.516660498395723,65,3,1.4359356323441677E-6-3.435041802387482E-11i,0.007179678161721085-1.7175209011937997E-7i
20.7846096908267,66.00000000000034,3,1.4359356323441677E-6-3.435041802387482E-11i,0.007179678161721085-1.7175209011937997E-7i
19.052558883257817,65.00000000000001,3,1.4359356323441677E-6-3.435041802387482E-11i,0.007179678161721085-1.7175209011937997E-7i
20.784609690826642,63.99999999999975,3,1.4359356323441674E-6-3.435041802387482E-11i,0.007179678161721086-1.7175209011937995E-7i
46.32517655616653,55.02353535226965,3,1.435935632344168E-6-3.435041802387482E-11i,0.0071796781617210845-1.7175209011938E-7i
44.84388680413209,56.198702571229234,3,1.4359356323441672E-6-3.435041802387482E-11i,0.007179678161721086-1.7175209011937992E-7i
50.00485835189485,51.2982687418614,3,1.4359356323441677E-6-3.435041802387482E-11i,0.007179678161721085-1.7175209011937997E-7i
51.85065154660321,51.718903949768645,3,1.4359356323441679E-6-3.435041802387482E-11i,0.007179678161721084-1.7175209011937997E-7i
50.007640133535396,48.731904229947666,3,1.4359356323441677E-6-3.435041802387482E-11i,0.007179678161721085-1.7175209011937997E-7i
50.958016036867,53.246388555185504,3,1.4359356323441679E-6-3.435041802387482E-11i,0.007179678161721085-1.7175209011938E-7i
49.01968222421424,53.22372312960592,3,1.4359356323441679E-6-3.435041802387482E-11i,0.007179678161721084-1.7175209011937997E-7i
48.16678607859202,51.71093456510839,3,1.4359356323441679E-6-3.435041802387482E-11i,0.007179678161721084-1.7175209011937997E-7i
46.850005975039714,53.11333204158512,3,1.4359356323441674E-6-3.435041802387482E-11i,0.007179678161721086-1.7175209011937995E-7i
49.98771041503578,54.985358621777195,3,1.4359356323441679E-6-3.435041802387482E-11i,0.007179678161721085-1.7175209011938E-7i
44.95179553157073,54.10399154368259,3,1.4359356323441679E-6-3.435041802387482E-11i,0.007179678161721085-1.7175209011938E-7i
39.483862637884116,60.59350492146598,3,1.4359356323441674E-6-3.435041802387482E-11i,0.007179678161721086-1.7175209011937995E-7i
38.09099739008873,59.763581887896045,3,1.4359356323441679E-6-3.435041802387482E-11i,0.007179678161721085-1.7175209011938E-7i
36.242504031905646,60.86559037174372,3,1.4359356323441679E-6-3.435041802387482E-11i,0.007179678161721085-1.7175209011938E-7i
34.691928486477636,61.893235581890266,3,1.4359356323441679E-6-3.435041802387482E-11i,0.0071796781617210845-1.7175209011937997E-7i
42.587021150752456,56.640825535674296,3,1.435935632344168E-6-3.435041802387482E-11i,0.0071796781617210845-1.7175209011938E-7i
43.48404425125941,54.87643138954479,3,1.4359356323441677E-6-3.435041802387482E-11i,0.007179678161721085-1.7175209011937997E-7i
41.732335839593034,54.5611310832716,3,1.4359356323441674E-6-3.435041802387482E-11i,0.007179678161721086-1.7175209011937995E-7i
40.84364898905764,56.15801673081566,3,1.4359356323441677E-6-3.435041802387482E-11i,0.007179678161721085-1.7175209011937997E-7i
41.01955539998065,57.41684800549811,3,1.4359356323441679E-6-3.435041802387482E-11i,0.007179678161721084-1.7175209011937997E-7i
38.095782220043695,55.97465092130217,3,1.4359356323441672E-6-3.435041802387482E-11i,0.007179678161721085-1.7175209011937992E-7i
39.83008365483917,55.081843241091136,3,1.4359356323441679E-6-3.435041802387482E-11i,0.007179678161721085-1.7175209011938E-7i
36.304482725504684,58.84179985814432,3,1.4359356323441679E-6-3.435041802387482E-11i,0.007179678161721085-1.7175209011938E-7i
36.31512292742552,56.971300648563485,3,1.4359356323441674E-6-3.435041802387482E-11i,0.007179678161721086-1.7175209011937995E-7i
36.373066958949536,54.99999999999924,3,1.4359356323441679E-6-3.435041802387482E-11i,0.007179678161721084-1.7175209011937995E-7i
36.36295014243434,54.996966865985776,2.499999999999995,1.435935632344167E-6-3.435041802387482E-11i,0.007179678161721084-1.7175209011937992E-7i
38.101579612098384,54.03281649105205,3,1.4359356323441679E-6-3.435041802387482E-11i,0.0071796781617210845-1.7175209011937997E-7i
34.64101615137936,56.000000000001414,3,1.4359356323441677E-6-3.435041802387482E-11i,0.007179678161721085-1.7175209011937997E-7i
32.90896534380941,57.00000000000158,3,1.4359356323441677E-6-3.435041802387482E-11i,0.007179678161721085-1.7175209011937997E-7i
31.176914536240773,56.00000000000076,3,1.4359356323441674E-6-3.435041802387482E-11i,0.007179678161721086-1.7175209011937995E-7i
31.176914536240062,58.00000000000116,3,1.4359356323441677E-6-3.435041802387482E-11i,0.007179678161721085-1.7175209011937997E-7i
34.64101615137801,58.00000000000234,3,1.4359356323441679E-6-3.435041802387482E-11i,0.007179678161721085-1.7175209011938E-7i
32.90896534380869,59.00000000000183,3,1.4359356323441679E-6-3.435041802387482E-11i,0.0071796781617210845-1.7175209011937997E-7i
34.63280260348617,59.9852039337015,3,1.4359356323441679E-6-3.435041802387482E-11i,0.007179678161721085-1.7175209011938E-7i
31.17691453623941,60.000000000001386,3,1.4359356323441679E-6-3.435041802387482E-11i,0.0071796781617210845-1.7175209011937997E-7i
29.44486372867098,59.00000000000091,3,1.4359356323441679E-6-3.435041802387482E-11i,0.007179678161721085-1.7175209011938E-7i
32.930532134331145,60.97969675075338,3,1.4359356323441677E-6-3.435041802387482E-11i,0.007179678161721085-1.7175209011937997E-7i
27.712812921101474,61.999999999999716,3,1.4359356323441679E-6-3.435041802387482E-11i,0.007179678161721084-1.7175209011937997E-7i
29.44486372867027,61.000000000000604,3,1.4359356323441679E-6-3.435041802387482E-11i,0.0071796781617210845-1.7175209011937997E-7i
27.712812921101914,60.00000000000074,3,1.4359356323441679E-6-3.435041802387482E-11i,0.0071796781617210845-1.7175209011937997E-7i
25.980762113533004,62.99999999999926,3,1.4359356323441679E-6-3.435041802387482E-11i,0.007179678161721085-1.7175209011938E-7i
27.7128129211022,58.00000000000058,3,1.4359356323441674E-6-3.435041802387482E-11i,0.007179678161721086-1.7175209011937995E-7i
25.980762113533245,59.00000000000046,3,1.4359356323441679E-6-3.435041802387482E-11i,0.007179678161721085-1.7175209011938E-7i
39.97187583534413,53.13009408533371,3,1.4359356323441679E-6-3.435041802387482E-11i,0.007179678161721084-1.7175209011937995E-7i
39.89211536277223,53.18226771515853,2.5000000000000093,1.435935632344167E-6-3.435041802387482E-11i,0.007179678161721084-1.7175209011937992E-7i
38.164861330113844,52.083892236096766,3,1.4359356323441679E-6-3.435041802387482E-11i,0.007179678161721085-1.7175209011938E-7i
34.64101615137935,53.99999999999709,3,1.4359356323441679E-6-3.435041802387482E-11i,0.007179678161721085-1.7175209011938E-7i
36.373066958946936,52.99999999999436,3,1.4359356323441674E-6-3.435041802387482E-11i,0.007179678161721086-1.7175209011937995E-7i
41.55488801295458,52.27898934280006,3,1.4359356323441677E-6-3.435041802387482E-11i,0.007179678161721085-1.7175209011937997E-7i
50.520992342637655,44.17360658976405,2.500000000000016,1.4359356323441679E-6-3.435041802387482E-11i,0.007179678161721085-1.7175209011938E-7i
50.04198468236583,45.045942990135934,3,1.4359356323441677E-6-3.435041802387482E-11i,0.007179678161721085-1.7175209011937997E-7i
50.999999999993676,43.301270189226294,3,1.4359356323441674E-6-3.435041802387482E-11i,0.007179678161721086-1.7175209011937995E-7i
51.97969094504445,45.0698851334462,3,1.4359356323441674E-6-3.435041802387482E-11i,0.007179678161721086-1.7175209011937995E-7i
50.96034054198632,46.76762019533094,3,1.4359356323441679E-6-3.435041802387482E-11i,0.007179678161721085-1.7175209011938E-7i
49.07685115416814,46.7306849664578,3,1.4359356323441679E-6-3.435041802387482E-11i,0.0071796781617210845-1.7175209011937997E-7i
55.14835495250166,43.76159056858395,3,1.4359356323441674E-6-3.435041802387482E-11i,0.007179678161721086-1.7175209011937995E-7i
53.683324011000636,44.94948632219171,3,1.4359356323441679E-6-3.435041802387482E-11i,0.007179678161721084-1.7175209011937997E-7i
53.037456850757685,43.30625644979476,3,1.4359356323441679E-6-3.435041802387482E-11i,0.0071796781617210845-1.7175209011937997E-7i
55.96855621365067,41.684892447336416,3,1.4359356323441677E-6-3.435041802387482E-11i,0.007179678161721085-1.7175209011937997E-7i
54.130951580318246,41.77470224638607,3,1.4359356323441679E-6-3.435041802387482E-11i,0.0071796781617210845-1.7175209011937997E-7i
52.000000000001094,41.56921938165924,3,1.4359356323441679E-6-3.435041802387482E-11i,0.007179678161721085-1.7175209011938E-7i
49.00415496817692,43.28085526579399,3,1.4359356323441674E-6-3.435041802387482E-11i,0.007179678161721086-1.7175209011937995E-7i
46.98659462019753,43.19084712101435,3,1.4359356323441679E-6-3.435041802387482E-11i,0.007179678161721084-1.7175209011937995E-7i
46.9834677800493,43.209911777786196,2.499999999999997,1.435935632344167E-6-3.435041802387482E-11i,0.007179678161721084-1.7175209011937992E-7i
48.00500734737237,41.5324628736821,3,1.4359356323441674E-6-3.435041802387482E-11i,0.007179678161721086-1.7175209011937995E-7i
46.03494459506124,41.461189502749264,3,1.4359356323441679E-6-3.435041802387482E-11i,0.007179678161721085-1.7175209011938E-7i
44.99130975640754,43.12140926879975,3,1.4359356323441677E-6-3.435041802387482E-11i,0.007179678161721085-1.7175209011937997E-7i
45.89184289684013,44.90478867751137,3,1.4359356323441672E-6-3.435041802387482E-11i,0.007179678161721086-1.7175209011937992E-7i
47.970420277200375,44.977829734659906,3,1.4359356323441672E-6-3.435041802387482E-11i,0.007179678161721086-1.7175209011937992E-7i
53.00000000000753,39.837168574088025,3,1.4359356323441679E-6-3.435041802387482E-11i,0.007179678161721085-1.7175209011938E-7i
55.000000000011525,39.83716857407876,3,1.4359356323441677E-6-3.435041802387482E-11i,0.007179678161721085-1.7175209011937997E-7i
52.00000000000097,38.10511776651833,3,1.4359356323441679E-6-3.435041802387482E-11i,0.007179678161721085-1.7175209011938E-7i
50.99999999999731,39.83716857408649,3,1.4359356323441679E-6-3.435041802387482E-11i,0.007179678161721085-1.7175209011938E-7i
58.95686934865297,39.500415823960026,3,1.4359356323441679E-6-3.435041802387482E-11i,0.0071796781617210845-1.7175209011937997E-7i
56.00000000000239,38.10511776650837,3,1.4359356323441679E-6-3.435041802387482E-11i,0.007179678161721085-1.7175209011938E-7i
56.96289818309206,39.814136977236316,3,1.4359356323441679E-6-3.435041802387482E-11i,0.007179678161721085-1.7175209011938E-7i
54.000000000008754,38.10511776651525,3,1.4359356323441679E-6-3.435041802387482E-11i,0.007179678161721085-1.7175209011938E-7i
53.00000000000397,36.373066958948186,3,1.4359356323441679E-6-3.435041802387482E-11i,0.0071796781617210845-1.7175209011937997E-7i
52.00000000000072,34.641016151379034,3,1.4359356323441679E-6-3.435041802387482E-11i,0.007179678161721085-1.7175209011938E-7i
50.999999999998906,36.37306695894765,3,1.4359356323441679E-6-3.435041802387482E-11i,0.007179678161721085-1.7175209011938E-7i
55.00000000000557,36.37306695894359,3,1.4359356323441679E-6-3.435041802387482E-11i,0.0071796781617210845-1.7175209011937997E-7i
56.00000000000104,34.64101615137406,3,1.4359356323441679E-6-3.435041802387482E-11i,0.0071796781617210845-1.7175209011937997E-7i
54.00000000000437,34.641016151377386,3,1.4359356323441679E-6-3.435041802387482E-11i,0.007179678161721085-1.7175209011938E-7i
58.999999999994664,32.908965343809655,3,1.4359356323441677E-6-3.435041802387482E-11i,0.007179678161721085-1.7175209011937997E-7i
59.99999999999776,31.176914536241853,3,1.4359356323441677E-6-3.435041802387482E-11i,0.007179678161721085-1.7175209011937997E-7i
65.00642439821246,29.430271555101264,2.500000000000001,1.435935632344167E-6-3.435041802387482E-11i,0.007179678161721084-1.7175209011937992E-7i
65,29.444863728669603,3,1.4359356323441679E-6-3.435041802387482E-11i,0.007179678161721084-1.7175209011937995E-7i
64.00000000000122,27.71281292110133,3,1.4359356323441679E-6-3.435041802387482E-11i,0.007179678161721085-1.7175209011938E-7i
63.00000000000268,29.444863728670867,3,1.4359356323441679E-6-3.435041802387482E-11i,0.0071796781617210845-1.7175209011937997E-7i
56.9999999999977,32.908965343806216,3,1.4359356323441679E-6-3.435041802387482E-11i,0.0071796781617210845-1.7175209011937997E-7i
57.99999999999657,31.176914536238968,3,1.4359356323441679E-6-3.435041802387482E-11i,0.007179678161721085-1.7175209011938E-7i
61.0000000000004,29.444863728672658,3,1.4359356323441677E-6-3.435041802387482E-11i,0.007179678161721085-1.7175209011937997E-7i
62.000000000001535,27.712812921102838,3,1.4359356323441677E-6-3.435041802387482E-11i,0.007179678161721085-1.7175209011937997E-7i
58.999999999997286,29.444863728671407,3,1.4359356323441677E-6-3.435041802387482E-11i,0.007179678161721085-1.7175209011937997E-7i
59.999999999998835,27.71281292110308,3,1.4359356323441677E-6-3.435041802387482E-11i,0.007179678161721085-1.7175209011937997E-7i
65.00000000000001,25.980762113532535,3,1.4359356323441679E-6-3.435041802387482E-11i,0.0071796781617210845-1.7175209011937997E-7i
63.000000000001336,25.98076211353316,3,1.4359356323441679E-6-3.435041802387482E-11i,0.007179678161721085-1.7175209011938E-7i
70.00000000000011,20.78460969082667,3,1.4359356323441677E-6-3.435041802387482E-11i,0.007179678161721085-1.7175209011937997E-7i
65.99999999999952,24.248711305964008,3,1.4359356323441679E-6-3.435041802387482E-11i,0.0071796781617210845-1.7175209011937997E-7i
64.00000000000061,24.24871130596395,3,1.4359356323441679E-6-3.435041802387482E-11i,0.0071796781617210845-1.7175209011937997E-7i
68.99999999999994,22.51666049839565,3,1.4359356323441679E-6-3.435041802387482E-11i,0.0071796781617210845-1.7175209011937997E-7i
67.99999999999977,20.784609690826656,3,1.4359356323441677E-6-3.435041802387482E-11i,0.007179678161721085-1.7175209011937997E-7i
66.99999999999955,22.516660498395424,3,1.4359356323441679E-6-3.435041802387482E-11i,0.0071796781617210845-1.7175209011937997E-7i
67.99999999999994,13.856406460551057,3,1.4359356323441679E-6-3.435041802387482E-11i,0.007179678161721084-1.7175209011937995E-7i
67.99999999999999,13.856406460551039,2.500000000000016,1.435935632344167E-6-3.435041802387482E-11i,0.007179678161721084-1.7175209011937992E-7i
69,15.588457268119967,3,1.4359356323441674E-6-3.435041802387482E-11i,0.007179678161721086-1.7175209011937995E-7i
70.00000000000004,13.856406460551057,3,1.4359356323441674E-6-3.435041802387482E-11i,0.007179678161721086-1.7175209011937995E-7i
69,12.124355652982189,3,1.4359356323441677E-6-3.435041802387482E-11i,0.007179678161721085-1.7175209011937997E-7i
65.99999999999997,13.856406460551,3,1.4359356323441679E-6-3.435041802387482E-11i,0.0071796781617210845-1.7175209011937997E-7i
66.99999999999989,15.588457268119896,3,1.4359356323441679E-6-3.435041802387482E-11i,0.007179678161721085-1.7175209011938E-7i
66.99999999999994,12.124355652982146,3,1.4359356323441679E-6-3.435041802387482E-11i,0.007179678161721085-1.7175209011938E-7i
75.00000000000003,8.660254037844396,3,1.4359356323441674E-6-3.435041802387482E-11i,0.007179678161721086-1.7175209011937995E-7i
71,10.392304845413273,2.4999999999999956,1.4359356323441679E-6-3.435041802387482E-11i,0.007179678161721085-1.7175209011938E-7i
70,10.392304845413278,3,1.4359356323441679E-6-3.435041802387482E-11i,0.007179678161721085-1.7175209011938E-7i
72.00000000000001,10.392304845413264,3,1.4359356323441679E-6-3.435041802387482E-11i,0.007179678161721085-1.7175209011938E-7i
71.00000000000003,12.124355652982146,3,1.4359356323441679E-6-3.435041802387482E-11i,0.007179678161721084-1.7175209011937997E-7i
65.99999999999977,20.7846096908264,3,1.4359356323441679E-6-3.435041802387482E-11i,0.0071796781617210845-1.7175209011937997E-7i
65.00000000000003,22.51666049839511,3,1.4359356323441679E-6-3.435041802387482E-11i,0.007179678161721084-1.7175209011937997E-7i
64.0000000000003,20.784609690826386,3,1.4359356323441679E-6-3.435041802387482E-11i,0.007179678161721085-1.7175209011938E-7i
65.00000000000001,19.052558883257518,3,1.4359356323441679E-6-3.435041802387482E-11i,0.007179678161721084-1.7175209011937997E-7i
63.000000000000334,19.05255888325766,3,1.4359356323441679E-6-3.435041802387482E-11i,0.007179678161721085-1.7175209011938E-7i
64.00000000000014,17.320508075688707,3,1.4359356323441679E-6-3.435041802387482E-11i,0.007179678161721085-1.7175209011938E-7i
66.99999999999979,19.05255888325766,3,1.4359356323441679E-6-3.435041802387482E-11i,0.0071796781617210845-1.7175209011937997E-7i
70.00000000000006,17.32050807568885,3,1.4359356323441679E-6-3.435041802387482E-11i,0.0071796781617210845-1.7175209011937997E-7i
68.99999999999997,19.052558883257774,3,1.4359356323441677E-6-3.435041802387482E-11i,0.007179678161721085-1.7175209011937997E-7i
67.99999999999989,17.32050807568885,3,1.4359356323441677E-6-3.435041802387482E-11i,0.007179678161721085-1.7175209011937997E-7i
66.49999999999997,9.526279441628818,2.5000000000000075,1.4359356323441679E-6-3.435041802387482E-11i,0.007179678161721085-1.7175209011938E-7i
65.99999999999997,10.392304845413236,3,1.4359356323441679E-6-3.435041802387482E-11i,0.007179678161721085-1.7175209011938E-7i
67.99999999999997,10.392304845413292,3,1.4359356323441674E-6-3.435041802387482E-11i,0.007179678161721086-1.7175209011937995E-7i
66.99999999999997,8.660254037844396,3,1.4359356323441672E-6-3.435041802387482E-11i,0.007179678161721086-1.7175209011937992E-7i
75,1.732050807568882,3,1.4359356323441672E-6-3.435041802387482E-11i,0.007179678161721086-1.7175209011937992E-7i
76,3.46410161513775,3,1.4359356323441679E-6-3.435041802387482E-11i,0.007179678161721084-1.7175209011937995E-7i
75.99999999999997,3.46410161513775,2.5000000000000098,1.435935632344167E-6-3.435041802387482E-11i,0.007179678161721084-1.7175209011937992E-7i
75.00000000000001,5.196152422706632,3,1.4359356323441679E-6-3.435041802387482E-11i,0.007179678161721084-1.7175209011937997E-7i
74,3.464101615137764,3,1.4359356323441677E-6-3.435041802387482E-11i,0.007179678161721085-1.7175209011937997E-7i
71.00000000000001,8.660254037844396,3,1.4359356323441672E-6-3.435041802387482E-11i,0.007179678161721085-1.7175209011937992E-7i
73.00000000000001,12.124355652982132,3,1.4359356323441679E-6-3.435041802387482E-11i,0.007179678161721084-1.7175209011937997E-7i
73,8.660254037844396,3,1.4359356323441679E-6-3.435041802387482E-11i,0.0071796781617210845-1.7175209011937997E-7i
69,8.660254037844396,3,1.4359356323441677E-6-3.435041802387482E-11i,0.007179678161721085-1.7175209011937997E-7i
73,1.732050807568882,3,1.4359356323441679E-6-3.435041802387482E-11i,0.007179678161721084-1.7175209011937995E-7i
72.99999999999999,1.732050807568886,2.500000000000011,1.435935632344167E-6-3.435041802387482E-11i,0.007179678161721084-1.7175209011937992E-7i
72,3.464101615137764,3,1.4359356323441679E-6-3.435041802387482E-11i,0.007179678161721085-1.7175209011938E-7i
71,1.732050807568882,3,1.4359356323441674E-6-3.435041802387482E-11i,0.007179678161721086-1.7175209011937995E-7i
72,0,2.9999999999999996,1.4359356323441679E-6-3.435041802387482E-11i,0.007179678161721084-1.7175209011937997E-7i
74,0,3,1.4359356323441679E-6-3.435041802387482E-11i,0.007179678161721084-1.7175209011937995E-7i
74,6.928203230275528,3,1.4359356323441677E-6-3.435041802387482E-11i,0.007179678161721085-1.7175209011937997E-7i
73,5.196152422706632,3,1.4359356323441679E-6-3.435041802387482E-11i,0.0071796781617210845-1.7175209011937997E-7i
6.928203230275528,74,3,1.4359356323441679E-6-3.435041802387482E-11i,0.007179678161721085-1.7175209011938E-7i
10.392304845413236,69.99999999999997,3,1.4359356323441679E-6-3.435041802387482E-11i,0.0071796781617210845-1.7175209011937997E-7i
10.392304845413221,68.00000000000004,3,1.4359356323441679E-6-3.435041802387482E-11i,0.0071796781617210845-1.7175209011937997E-7i
8.660254037844368,68.99999999999999,3,1.4359356323441679E-6-3.435041802387482E-11i,0.007179678161721085-1.7175209011938E-7i
8.660254037844368,67.00000000000006,3,1.4359356323441677E-6-3.435041802387482E-11i,0.007179678161721085-1.7175209011937997E-7i
5.196152422706632,73,3,1.4359356323441679E-6-3.435041802387482E-11i,0.007179678161721085-1.7175209011938E-7i
5.196152422706632,71,3,1.4359356323441677E-6-3.435041802387482E-11i,0.007179678161721085-1.7175209011937997E-7i
6.9282032302755,70,3,1.4359356323441679E-6-3.435041802387482E-11i,0.0071796781617210845-1.7175209011937997E-7i
6.928203230275486,68.00000000000001,3,1.4359356323441679E-6-3.435041802387482E-11i,0.007179678161721085-1.7175209011938E-7i
5.196152422706632,67.00000000000003,3,1.4359356323441679E-6-3.435041802387482E-11i,0.007179678161721084-1.7175209011937995E-7i
3.46410161513775,68,3,1.4359356323441677E-6-3.435041802387482E-11i,0.007179678161721085-1.7175209011937997E-7i
5.196152422706618,69,3,1.4359356323441679E-6-3.435041802387482E-11i,0.007179678161721084-1.7175209011937997E-7i
6.928203230275528,66.00000000000003,3,1.4359356323441677E-6-3.435041802387482E-11i,0.007179678161721085-1.7175209011937997E-7i
5.196152422706632,64.99999999999999,3,1.4359356323441677E-6-3.435041802387482E-11i,0.007179678161721085-1.7175209011937997E-7i
3.464101615137764,66,3,1.4359356323441679E-6-3.435041802387482E-11i,0.0071796781617210845-1.7175209011937997E-7i
1.7320508075688679,67,3,1.4359356323441677E-6-3.435041802387482E-11i,0.007179678161721085-1.7175209011937997E-7i
1.7320508075688679,69,3,1.4359356323441679E-6-3.435041802387482E-11i,0.007179678161721085-1.7175209011938E-7i
0,70,3,1.4359356323441679E-6-3.435041802387482E-11i,0.007179678161721084-1.7175209011937995E-7i
0,68,2.9999999999999996,1.4359356323441679E-6-3.435041802387482E-11i,0.007179678161721084-1.7175209011937995E-7i
2.5980762113533404,62.50000000000001,2.4999999999999996,1.4359356323441679E-6-3.435041802387482E-11i,0.007179678161721085-1.7175209011938E-7i
3.464101615137764,62,3,1.4359356323441674E-6-3.435041802387482E-11i,0.007179678161721086-1.7175209011937995E-7i
3.464101615137764,63.99999999999999,3,1.4359356323441674E-6-3.435041802387482E-11i,0.007179678161721086-1.7175209011937995E-7i
1.732050807568882,63,3,1.4359356323441677E-6-3.435041802387482E-11i,0.007179678161721085-1.7175209011937997E-7i
1.732050807568882,61,3,1.4359356323441679E-6-3.435041802387482E-11i,0.007179678161721085-1.7175209011938E-7i
12.124355652982132,62.99999999999997,3,1.4359356323441677E-6-3.435041802387482E-11i,0.007179678161721085-1.7175209011937997E-7i
10.392304845413278,63.99999999999998,3,1.4359356323441674E-6-3.435041802387482E-11i,0.007179678161721086-1.7175209011937995E-7i
9.526279441628851,62.50000000000001,2.4999999999999982,1.4359356323441679E-6-3.435041802387482E-11i,0.007179678161721085-1.7175209011938E-7i
10.392304845413264,62.00000000000002,3,1.4359356323441677E-6-3.435041802387482E-11i,0.007179678161721085-1.7175209011937997E-7i
8.660254037844396,62.999999999999986,3,1.4359356323441679E-6-3.435041802387482E-11i,0.0071796781617210845-1.7175209011937997E-7i
8.660254037844396,61.00000000000003,3,1.4359356323441674E-6-3.435041802387482E-11i,0.007179678161721086-1.7175209011937995E-7i
8.660254037844396,65,3,1.4359356323441677E-6-3.435041802387482E-11i,0.007179678161721085-1.7175209011937997E-7i
6.9282032302755,63.99999999999997,3,1.4359356323441672E-6-3.435041802387482E-11i,0.007179678161721086-1.7175209011937992E-7i
20.784609690826386,62.000000000000014,3,1.4359356323441679E-6-3.435041802387482E-11i,0.007179678161721084-1.7175209011937997E-7i
19.052558883257603,62.99999999999985,3,1.4359356323441679E-6-3.435041802387482E-11i,0.007179678161721085-1.7175209011938E-7i
22.516660498395282,61.000000000000256,3,1.4359356323441679E-6-3.435041802387482E-11i,0.0071796781617210845-1.7175209011937997E-7i
20.784609690826542,60.00000000000023,3,1.4359356323441679E-6-3.435041802387482E-11i,0.0071796781617210845-1.7175209011937997E-7i
22.51666049839531,62.99999999999966,3,1.4359356323441679E-6-3.435041802387482E-11i,0.007179678161721085-1.7175209011938E-7i
19.052558883257603,61.00000000000017,3,1.4359356323441679E-6-3.435041802387482E-11i,0.007179678161721084-1.7175209011937997E-7i
19.052558883257703,59.000000000000114,3,1.4359356323441679E-6-3.435041802387482E-11i,0.007179678161721085-1.7175209011938E-7i
17.320508075688807,60.00000000000012,3,1.4359356323441679E-6-3.435041802387482E-11i,0.007179678161721085-1.7175209011938E-7i
17.320508075688707,62.00000000000004,3,1.4359356323441679E-6-3.435041802387482E-11i,0.007179678161721084-1.7175209011937997E-7i
15.588457268119868,62.99999999999993,3,1.4359356323441679E-6-3.435041802387482E-11i,0.007179678161721085-1.7175209011938E-7i
15.588457268119896,61.0000000000001,3,1.4359356323441679E-6-3.435041802387482E-11i,0.007179678161721084-1.7175209011937997E-7i
15.588457268119939,59.000000000000064,3,1.4359356323441679E-6-3.435041802387482E-11i,0.007179678161721085-1.7175209011938E-7i
13.856406460551057,60.00000000000007,3,1.4359356323441677E-6-3.435041802387482E-11i,0.007179678161721085-1.7175209011937997E-7i
17.32050807568882,58.00000000000008,3,1.4359356323441679E-6-3.435041802387482E-11i,0.007179678161721085-1.7175209011938E-7i
13.856406460550986,62.00000000000003,3,1.4359356323441679E-6-3.435041802387482E-11i,0.007179678161721084-1.7175209011937997E-7i
22.516660498395467,59.000000000000234,3,1.4359356323441679E-6-3.435041802387482E-11i,0.007179678161721085-1.7175209011938E-7i
20.7846096908266,58.00000000000015,3,1.4359356323441677E-6-3.435041802387482E-11i,0.007179678161721085-1.7175209011937997E-7i
20.784609690826713,56.00000000000012,3,1.4359356323441674E-6-3.435041802387482E-11i,0.007179678161721086-1.7175209011937995E-7i
19.052558883257745,57.00000000000012,3,1.4359356323441677E-6-3.435041802387482E-11i,0.007179678161721085-1.7175209011937997E-7i
24.24871130596439,58.0000000000003,3,1.4359356323441677E-6-3.435041802387482E-11i,0.007179678161721085-1.7175209011937997E-7i
22.516660498395538,57.00000000000023,3,1.4359356323441677E-6-3.435041802387482E-11i,0.007179678161721085-1.7175209011937997E-7i
24.248711305964008,61.99999999999993,3,1.4359356323441679E-6-3.435041802387482E-11i,0.007179678161721084-1.7175209011937997E-7i
25.980762113532876,61.00000000000039,3,1.4359356323441679E-6-3.435041802387482E-11i,0.0071796781617210845-1.7175209011937997E-7i
24.248711305964264,60.00000000000041,3,1.4359356323441679E-6-3.435041802387482E-11i,0.0071796781617210845-1.7175209011937997E-7i
43.24298093383181,53.08295296096426,3,1.4359356323441679E-6-3.435041802387482E-11i,0.007179678161721085-1.7175209011938E-7i
45.02144940602106,52.0602445798473,3,1.4359356323441674E-6-3.435041802387482E-11i,0.007179678161721086-1.7175209011937995E-7i
46.62627990892498,51.048671527659494,3,1.4359356323441679E-6-3.435041802387482E-11i,0.007179678161721084-1.7175209011937995E-7i
44.901980240316924,49.98371454673731,3,1.4359356323441679E-6-3.435041802387482E-11i,0.007179678161721085-1.7175209011938E-7i
46.560150374805445,48.980662194515524,3,1.4359356323441679E-6-3.435041802387482E-11i,0.007179678161721085-1.7175209011938E-7i
48.29383434345692,49.98255649146075,3,1.4359356323441679E-6-3.435041802387482E-11i,0.0071796781617210845-1.7175209011937997E-7i
48.12417611404563,48.307276978343424,3,1.4359356323441679E-6-3.435041802387482E-11i,0.007179678161721084-1.7175209011937997E-7i
46.85373126240444,46.878049064840205,3,1.4359356323441674E-6-3.435041802387482E-11i,0.007179678161721086-1.7175209011937995E-7i
45.05229152179957,48.017063694424365,3,1.4359356323441677E-6-3.435041802387482E-11i,0.007179678161721085-1.7175209011937997E-7i
39.889183254538324,51.10710752645887,3,1.4359356323441677E-6-3.435041802387482E-11i,0.007179678161721085-1.7175209011937997E-7i
41.564620275757434,50.146336160036725,3,1.4359356323441679E-6-3.435041802387482E-11i,0.007179678161721084-1.7175209011937995E-7i
41.565413561877996,50.08444141005469,2.499999999999994,1.435935632344167E-6-3.435041802387482E-11i,0.007179678161721084-1.7175209011937992E-7i
43.24154524700081,51.058656840877426,3,1.4359356323441679E-6-3.435041802387482E-11i,0.007179678161721084-1.7175209011937997E-7i
43.301270189217526,49.00000000000862,3,1.4359356323441677E-6-3.435041802387482E-11i,0.007179678161721085-1.7175209011937997E-7i
41.569219381652175,48.00000000000617,3,1.4359356323441677E-6-3.435041802387482E-11i,0.007179678161721085-1.7175209011937997E-7i
39.83716857408191,49.00000000000409,3,1.4359356323441679E-6-3.435041802387482E-11i,0.0071796781617210845-1.7175209011937997E-7i
43.781992588883604,44.917587285337106,3,1.4359356323441679E-6-3.435041802387482E-11i,0.007179678161721084-1.7175209011937997E-7i
43.65117534466859,44.89886664320676,2.500000000000003,1.435935632344167E-6-3.435041802387482E-11i,0.007179678161721084-1.7175209011937992E-7i
42.951919056684126,42.85087659668963,3,1.4359356323441677E-6-3.435041802387482E-11i,0.007179678161721085-1.7175209011937997E-7i
44.94024609929793,46.3619580994859,3,1.4359356323441674E-6-3.435041802387482E-11i,0.007179678161721086-1.7175209011937995E-7i
43.301270189223025,47.00000000000772,3,1.4359356323441679E-6-3.435041802387482E-11i,0.007179678161721085-1.7175209011938E-7i
38.10511776651235,50.000000000001144,3,1.4359356323441677E-6-3.435041802387482E-11i,0.007179678161721085-1.7175209011937997E-7i
24.248711305964093,49.99999999999998,3,1.4359356323441677E-6-3.435041802387482E-11i,0.007179678161721085-1.7175209011937997E-7i
24.248711305964207,48.00000000000008,3,1.4359356323441677E-6-3.435041802387482E-11i,0.007179678161721085-1.7175209011937997E-7i
22.516660498395325,49.000000000000036,3,1.4359356323441677E-6-3.435041802387482E-11i,0.007179678161721085-1.7175209011937997E-7i
25.980762113533387,57.00000000000043,3,1.4359356323441677E-6-3.435041802387482E-11i,0.007179678161721085-1.7175209011937997E-7i
24.24871130596459,56.00000000000022,3,1.4359356323441674E-6-3.435041802387482E-11i,0.007179678161721086-1.7175209011937995E-7i
29.444863728671322,57.000000000000824,3,1.4359356323441677E-6-3.435041802387482E-11i,0.007179678161721085-1.7175209011937997E-7i
25.980762113533686,54.999999999999886,3,1.4359356323441679E-6-3.435041802387482E-11i,0.007179678161721085-1.7175209011938E-7i
27.712812921102582,56.00000000000041,3,1.4359356323441677E-6-3.435041802387482E-11i,0.007179678161721085-1.7175209011937997E-7i
27.712812921102596,53.999999999999154,3,1.4359356323441679E-6-3.435041802387482E-11i,0.0071796781617210845-1.7175209011937997E-7i
29.444863728671848,54.999999999999794,3,1.4359356323441679E-6-3.435041802387482E-11i,0.007179678161721085-1.7175209011938E-7i
29.44486372867111,52.99999999999836,3,1.4359356323441679E-6-3.435041802387482E-11i,0.0071796781617210845-1.7175209011937997E-7i
31.176914536239252,51.99999999999816,3,1.4359356323441679E-6-3.435041802387482E-11i,0.007179678161721084-1.7175209011937997E-7i
29.44486372867027,50.9999999999994,3,1.4359356323441679E-6-3.435041802387482E-11i,0.007179678161721085-1.7175209011938E-7i
31.176914536240787,53.99999999999844,3,1.4359356323441679E-6-3.435041802387482E-11i,0.0071796781617210845-1.7175209011937997E-7i
32.908965343810365,54.99999999999961,3,1.4359356323441679E-6-3.435041802387482E-11i,0.007179678161721085-1.7175209011938E-7i
32.90896534380897,52.999999999996966,3,1.4359356323441679E-6-3.435041802387482E-11i,0.0071796781617210845-1.7175209011937997E-7i
34.64101615137646,51.999999999996604,3,1.4359356323441679E-6-3.435041802387482E-11i,0.007179678161721084-1.7175209011937997E-7i
32.90896534380741,50.99999999999896,3,1.4359356323441679E-6-3.435041802387482E-11i,0.007179678161721085-1.7175209011938E-7i
41.73512973535971,45.938128553740476,3,1.4359356323441674E-6-3.435041802387482E-11i,0.007179678161721086-1.7175209011937995E-7i
41.652174558685196,46.969064276947734,2.499999999999985,1.4359356323441679E-6-3.435041802387482E-11i,0.007179678161721085-1.7175209011938E-7i
39.837168574084494,47.000000000003766,3,1.4359356323441674E-6-3.435041802387482E-11i,0.007179678161721086-1.7175209011937995E-7i
36.373066958943966,50.99999999999817,3,1.4359356323441679E-6-3.435041802387482E-11i,0.007179678161721085-1.7175209011938E-7i
38.10511776651475,48.000000000002885,3,1.4359356323441677E-6-3.435041802387482E-11i,0.007179678161721085-1.7175209011937997E-7i
36.373066958945245,49.0000000000019,3,1.4359356323441677E-6-3.435041802387482E-11i,0.007179678161721085-1.7175209011937997E-7i
34.641016151376036,50.00000000000046,3,1.4359356323441677E-6-3.435041802387482E-11i,0.007179678161721085-1.7175209011937997E-7i
31.176914536239025,50.00000000000016,3,1.4359356323441677E-6-3.435041802387482E-11i,0.007179678161721085-1.7175209011937997E-7i
34.6410161513772,48.000000000001315,3,1.4359356323441677E-6-3.435041802387482E-11i,0.007179678161721085-1.7175209011937997E-7i
32.90896534380806,49.000000000000846,3,1.4359356323441677E-6-3.435041802387482E-11i,0.007179678161721085-1.7175209011937997E-7i
31.17691453623958,48.00000000000057,3,1.4359356323441677E-6-3.435041802387482E-11i,0.007179678161721085-1.7175209011937997E-7i
29.444863728670597,49.000000000000355,3,1.4359356323441677E-6-3.435041802387482E-11i,0.007179678161721085-1.7175209011937997E-7i
41.61569243665264,44.09618466249616,3,1.4359356323441674E-6-3.435041802387482E-11i,0.007179678161721086-1.7175209011937995E-7i
42.703613697152946,41.834016838771184,2.5000000000000115,1.4359356323441679E-6-3.435041802387482E-11i,0.007179678161721085-1.7175209011938E-7i
42.54413326460872,41.18967916183032,3,1.4359356323441679E-6-3.435041802387482E-11i,0.007179678161721084-1.7175209011937997E-7i
41.20107458674555,42.002610808375564,3,1.4359356323441677E-6-3.435041802387482E-11i,0.007179678161721085-1.7175209011937997E-7i
44.11732788284399,41.29290078834934,3,1.4359356323441677E-6-3.435041802387482E-11i,0.007179678161721085-1.7175209011937997E-7i
43.1390081357531,39.73258986666189,3,1.4359356323441677E-6-3.435041802387482E-11i,0.007179678161721085-1.7175209011937997E-7i
41.168610025364025,39.980926921746494,3,1.4359356323441677E-6-3.435041802387482E-11i,0.007179678161721085-1.7175209011937997E-7i
45.06818562446871,39.79697292628623,3,1.4359356323441679E-6-3.435041802387482E-11i,0.007179678161721084-1.7175209011937997E-7i
46.99999999999849,39.837168574087414,3,1.4359356323441679E-6-3.435041802387482E-11i,0.0071796781617210845-1.7175209011937997E-7i
45.99999999999507,38.105117766516834,3,1.4359356323441679E-6-3.435041802387482E-11i,0.007179678161721085-1.7175209011938E-7i
49.9999999999986,38.10511776651546,3,1.4359356323441677E-6-3.435041802387482E-11i,0.007179678161721085-1.7175209011937997E-7i
49.99999999999693,41.56921938165308,3,1.4359356323441679E-6-3.435041802387482E-11i,0.0071796781617210845-1.7175209011937997E-7i
49.00000000000082,39.83716857408403,3,1.4359356323441679E-6-3.435041802387482E-11i,0.007179678161721085-1.7175209011938E-7i
48.00000000000128,38.10511776651647,3,1.4359356323441677E-6-3.435041802387482E-11i,0.007179678161721085-1.7175209011937997E-7i
49.99999999999938,34.64101615137771,3,1.4359356323441677E-6-3.435041802387482E-11i,0.007179678161721085-1.7175209011937997E-7i
49.000000000000405,36.37306695894643,3,1.4359356323441677E-6-3.435041802387482E-11i,0.007179678161721085-1.7175209011937997E-7i
49.00000000000022,32.90896534380872,3,1.4359356323441677E-6-3.435041802387482E-11i,0.007179678161721085-1.7175209011937997E-7i
48.00000000000065,34.64101615137817,3,1.4359356323441677E-6-3.435041802387482E-11i,0.007179678161721085-1.7175209011937997E-7i
50.99999999999959,32.908965343809314,3,1.4359356323441679E-6-3.435041802387482E-11i,0.007179678161721085-1.7175209011938E-7i
53.0000000000021,32.90896534380947,3,1.4359356323441679E-6-3.435041802387482E-11i,0.0071796781617210845-1.7175209011937997E-7i
52.00000000000048,31.176914536240517,3,1.4359356323441679E-6-3.435041802387482E-11i,0.007179678161721085-1.7175209011938E-7i
55.000000000002686,32.90896534380718,3,1.4359356323441679E-6-3.435041802387482E-11i,0.0071796781617210845-1.7175209011937997E-7i
56.00000000000043,31.176914536238044,3,1.4359356323441679E-6-3.435041802387482E-11i,0.0071796781617210845-1.7175209011937997E-7i
54.00000000000218,31.176914536239636,3,1.4359356323441679E-6-3.435041802387482E-11i,0.007179678161721085-1.7175209011938E-7i
49.999999999999744,31.17691453623992,3,1.4359356323441677E-6-3.435041802387482E-11i,0.007179678161721085-1.7175209011937997E-7i
55.000000000001286,29.444863728670143,3,1.4359356323441679E-6-3.435041802387482E-11i,0.0071796781617210845-1.7175209011937997E-7i
56.999999999998806,29.444863728669702,3,1.4359356323441679E-6-3.435041802387482E-11i,0.0071796781617210845-1.7175209011937997E-7i
53.000000000001116,29.444863728671265,3,1.4359356323441679E-6-3.435041802387482E-11i,0.0071796781617210845-1.7175209011937997E-7i
50.99999999999987,29.444863728671265,3,1.4359356323441679E-6-3.435041802387482E-11i,0.007179678161721085-1.7175209011938E-7i
52.00000000000031,27.712812921102397,3,1.4359356323441679E-6-3.435041802387482E-11i,0.007179678161721085-1.7175209011938E-7i
61.00000000000017,25.980762113534055,3,1.4359356323441677E-6-3.435041802387482E-11i,0.007179678161721085-1.7175209011937997E-7i
62.00000000000077,24.248711305964704,3,1.4359356323441677E-6-3.435041802387482E-11i,0.007179678161721085-1.7175209011937997E-7i
59.99999999999939,24.248711305964818,3,1.4359356323441677E-6-3.435041802387482E-11i,0.007179678161721085-1.7175209011937997E-7i
57.99999999999826,27.71281292110163,3,1.4359356323441679E-6-3.435041802387482E-11i,0.007179678161721085-1.7175209011938E-7i
58.999999999998614,25.980762113533416,3,1.4359356323441677E-6-3.435041802387482E-11i,0.007179678161721085-1.7175209011937997E-7i
56.00000000000017,27.71281292110116,3,1.4359356323441679E-6-3.435041802387482E-11i,0.007179678161721085-1.7175209011938E-7i
56.99999999999938,25.980762113532563,3,1.4359356323441679E-6-3.435041802387482E-11i,0.0071796781617210845-1.7175209011937997E-7i
57.99999999999912,24.24871130596408,3,1.4359356323441679E-6-3.435041802387482E-11i,0.007179678161721085-1.7175209011938E-7i
56.00000000000006,24.248711305963838,3,1.4359356323441679E-6-3.435041802387482E-11i,0.0071796781617210845-1.7175209011937997E-7i
54.00000000000055,24.248711305964207,3,1.4359356323441679E-6-3.435041802387482E-11i,0.007179678161721085-1.7175209011938E-7i
55.00000000000061,25.980762113532748,3,1.4359356323441679E-6-3.435041802387482E-11i,0.0071796781617210845-1.7175209011937997E-7i
58.99999999999929,22.516660498395538,3,1.4359356323441677E-6-3.435041802387482E-11i,0.007179678161721085-1.7175209011937997E-7i
61.00000000000008,22.51666049839588,3,1.4359356323441677E-6-3.435041802387482E-11i,0.007179678161721085-1.7175209011937997E-7i
59.99999999999968,20.784609690826812,3,1.4359356323441677E-6-3.435041802387482E-11i,0.007179678161721085-1.7175209011937997E-7i
61.00000000000003,19.052558883257902,3,1.4359356323441677E-6-3.435041802387482E-11i,0.007179678161721085-1.7175209011937997E-7i
62.0000000000002,17.320508075688906,3,1.4359356323441677E-6-3.435041802387482E-11i,0.007179678161721085-1.7175209011937997E-7i
59.99999999999983,17.320508075688934,3,1.4359356323441679E-6-3.435041802387482E-11i,0.007179678161721085-1.7175209011938E-7i
63.00000000000067,22.516660498395424,3,1.4359356323441679E-6-3.435041802387482E-11i,0.007179678161721085-1.7175209011938E-7i
62.000000000000384,20.784609690826755,3,1.4359356323441674E-6-3.435041802387482E-11i,0.007179678161721086-1.7175209011937995E-7i
61.00000000000002,15.588457268120038,3,1.4359356323441677E-6-3.435041802387482E-11i,0.007179678161721085-1.7175209011937997E-7i
58.99999999999981,15.588457268119939,3,1.4359356323441677E-6-3.435041802387482E-11i,0.007179678161721085-1.7175209011937997E-7i
65.00000000000003,15.58845726811984,3,1.4359356323441679E-6-3.435041802387482E-11i,0.007179678161721085-1.7175209011938E-7i
65.00000000000001,12.124355652982132,3,1.4359356323441679E-6-3.435041802387482E-11i,0.007179678161721084-1.7175209011937997E-7i
64.00000000000007,13.856406460551,3,1.4359356323441679E-6-3.435041802387482E-11i,0.007179678161721085-1.7175209011938E-7i
65.99999999999991,17.320508075688736,3,1.4359356323441679E-6-3.435041802387482E-11i,0.007179678161721084-1.7175209011937995E-7i
63.00000000000017,15.58845726811991,3,1.4359356323441677E-6-3.435041802387482E-11i,0.007179678161721085-1.7175209011937997E-7i
65,8.660254037844368,3,1.4359356323441674E-6-3.435041802387482E-11i,0.007179678161721086-1.7175209011937995E-7i
64.00000000000003,10.392304845413264,3,1.4359356323441679E-6-3.435041802387482E-11i,0.007179678161721085-1.7175209011938E-7i
62.00000000000011,13.856406460551085,3,1.4359356323441677E-6-3.435041802387482E-11i,0.007179678161721085-1.7175209011937997E-7i
63.00000000000008,12.12435565298216,3,1.4359356323441679E-6-3.435041802387482E-11i,0.0071796781617210845-1.7175209011937997E-7i
59.999999999999915,13.856406460551113,3,1.4359356323441674E-6-3.435041802387482E-11i,0.007179678161721086-1.7175209011937995E-7i
61.000000000000014,12.124355652982217,3,1.4359356323441677E-6-3.435041802387482E-11i,0.007179678161721085-1.7175209011937997E-7i
72.00000000000001,6.9282032302755,3,1.4359356323441679E-6-3.435041802387482E-11i,0.007179678161721085-1.7175209011938E-7i
66,6.9282032302755,3,1.4359356323441674E-6-3.435041802387482E-11i,0.007179678161721086-1.7175209011937995E-7i
69.49999999999999,2.598076211353307,2.500000000000008,1.4359356323441679E-6-3.435041802387482E-11i,0.007179678161721085-1.7175209011938E-7i
69,1.7320508075688963,3,1.4359356323441674E-6-3.435041802387482E-11i,0.007179678161721086-1.7175209011937995E-7i
70,3.464101615137764,3,1.4359356323441677E-6-3.435041802387482E-11i,0.007179678161721085-1.7175209011937997E-7i
68,3.464101615137764,3,1.4359356323441679E-6-3.435041802387482E-11i,0.007179678161721085-1.7175209011938E-7i
70,6.928203230275528,3,1.4359356323441679E-6-3.435041802387482E-11i,0.007179678161721084-1.7175209011937997E-7i
71,5.196152422706632,3,1.4359356323441677E-6-3.435041802387482E-11i,0.007179678161721085-1.7175209011937997E-7i
69,5.196152422706632,3,1.4359356323441677E-6-3.435041802387482E-11i,0.007179678161721085-1.7175209011937997E-7i
68,6.928203230275528,3,1.4359356323441679E-6-3.435041802387482E-11i,0.007179678161721084-1.7175209011937997E-7i
67,5.196152422706632,3,1.4359356323441674E-6-3.435041802387482E-11i,0.007179678161721086-1.7175209011937995E-7i
67,1.7320508075688963,3,1.4359356323441679E-6-3.435041802387482E-11i,0.0071796781617210845-1.7175209011937997E-7i
70,0,3,1.4359356323441679E-6-3.435041802387482E-11i,0.007179678161721084-1.7175209011937995E-7i
66,3.464101615137764,3,1.4359356323441679E-6-3.435041802387482E-11i,0.007179678161721085-1.7175209011938E-7i
63.00000000000004,8.660254037844396,3,1.4359356323441677E-6-3.435041802387482E-11i,0.007179678161721085-1.7175209011937997E-7i
62.00000000000005,10.392304845413292,3,1.4359356323441677E-6-3.435041802387482E-11i,0.007179678161721085-1.7175209011937997E-7i
6.9282032302755,62.00000000000001,3,1.4359356323441679E-6-3.435041802387482E-11i,0.007179678161721085-1.7175209011938E-7i
7.794228634059954,56.500000000000014,2.499999999999996,1.4359356323441679E-6-3.435041802387482E-11i,0.007179678161721085-1.7175209011938E-7i
6.928203230275528,56.000000000000014,3,1.4359356323441679E-6-3.435041802387482E-11i,0.007179678161721085-1.7175209011938E-7i
8.66025403784441,57.00000000000002,3,1.4359356323441672E-6-3.435041802387482E-11i,0.007179678161721086-1.7175209011937992E-7i
6.928203230275528,58.00000000000001,3,1.4359356323441672E-6-3.435041802387482E-11i,0.007179678161721086-1.7175209011937992E-7i
5.196152422706632,61,3,1.4359356323441679E-6-3.435041802387482E-11i,0.007179678161721084-1.7175209011937997E-7i
6.928203230275528,60.000000000000014,3,1.4359356323441679E-6-3.435041802387482E-11i,0.007179678161721085-1.7175209011938E-7i
5.196152422706632,63,3,1.4359356323441679E-6-3.435041802387482E-11i,0.0071796781617210845-1.7175209011937997E-7i
3.464101615137764,60,3,1.4359356323441677E-6-3.435041802387482E-11i,0.007179678161721085-1.7175209011937997E-7i
1.7320508075688963,65,3,1.4359356323441679E-6-3.435041802387482E-11i,0.007179678161721085-1.7175209011938E-7i
0,66,3,1.4359356323441679E-6-3.435041802387482E-11i,0.007179678161721084-1.7175209011937997E-7i
0,64,3.0000000000000004,1.4359356323441679E-6-3.435041802387482E-11i,0.007179678161721084-1.7175209011937995E-7i
0,61.99999999999999,3,1.4359356323441679E-6-3.435041802387482E-11i,0.007179678161721084-1.7175209011937995E-7i
5.1961524227066604,58.99999999999999,3,1.4359356323441679E-6-3.435041802387482E-11i,0.007179678161721084-1.7175209011937995E-7i
5.1961524227066604,57.000000000000014,3,1.4359356323441679E-6-3.435041802387482E-11i,0.007179678161721085-1.7175209011938E-7i
3.464101615137764,58.00000000000001,3,1.4359356323441677E-6-3.435041802387482E-11i,0.007179678161721085-1.7175209011937997E-7i
1.732050807568882,59,3,1.4359356323441679E-6-3.435041802387482E-11i,0.007179678161721084-1.7175209011937997E-7i
0,60,3,1.4359356323441679E-6-3.435041802387482E-11i,0.007179678161721084-1.7175209011937997E-7i
8.660254037844425,54.99999999999999,3,1.4359356323441674E-6-3.435041802387482E-11i,0.007179678161721086-1.7175209011937995E-7i
10.392304845413307,53.99999999999996,3,1.4359356323441677E-6-3.435041802387482E-11i,0.007179678161721085-1.7175209011937997E-7i
10.392304845413307,56.00000000000002,3,1.4359356323441674E-6-3.435041802387482E-11i,0.007179678161721086-1.7175209011937995E-7i
13.856406460551057,58.000000000000036,3,1.4359356323441677E-6-3.435041802387482E-11i,0.007179678161721085-1.7175209011937997E-7i
12.124355652982175,59.00000000000003,3,1.4359356323441679E-6-3.435041802387482E-11i,0.0071796781617210845-1.7175209011937997E-7i
13.856406460551085,56.000000000000036,3,1.4359356323441672E-6-3.435041802387482E-11i,0.007179678161721086-1.7175209011937992E-7i
12.124355652982189,57.000000000000036,3,1.4359356323441679E-6-3.435041802387482E-11i,0.007179678161721085-1.7175209011938E-7i
10.392304845413292,60.00000000000003,3,1.4359356323441674E-6-3.435041802387482E-11i,0.007179678161721086-1.7175209011937995E-7i
10.392304845413292,58.000000000000014,3,1.4359356323441679E-6-3.435041802387482E-11i,0.007179678161721085-1.7175209011938E-7i
8.66025403784441,59.000000000000014,3,1.4359356323441679E-6-3.435041802387482E-11i,0.007179678161721084-1.7175209011937995E-7i
12.124355652982146,61.00000000000006,3,1.4359356323441679E-6-3.435041802387482E-11i,0.007179678161721084-1.7175209011937995E-7i
22.516660498395353,47.000000000000064,3,1.4359356323441677E-6-3.435041802387482E-11i,0.007179678161721085-1.7175209011937997E-7i
20.784609690826485,48.00000000000002,3,1.4359356323441677E-6-3.435041802387482E-11i,0.007179678161721085-1.7175209011937997E-7i
20.784609690826443,49.999999999999964,3,1.4359356323441677E-6-3.435041802387482E-11i,0.007179678161721085-1.7175209011937997E-7i
15.588457268119893,51.99999999999991,2.499999999999996,1.4359356323441679E-6-3.435041802387482E-11i,0.007179678161721085-1.7175209011938E-7i
15.588457268119868,50.99999999999993,3,1.4359356323441674E-6-3.435041802387482E-11i,0.007179678161721086-1.7175209011937995E-7i
15.588457268119924,52.99999999999985,3,1.4359356323441679E-6-3.435041802387482E-11i,0.007179678161721084-1.7175209011937997E-7i
13.856406460551014,51.999999999999915,3,1.4359356323441679E-6-3.435041802387482E-11i,0.0071796781617210845-1.7175209011937997E-7i
17.320508075688764,51.99999999999984,3,1.4359356323441679E-6-3.435041802387482E-11i,0.007179678161721085-1.7175209011938E-7i
19.052558883257603,49.00000000000001,3,1.4359356323441677E-6-3.435041802387482E-11i,0.007179678161721085-1.7175209011937997E-7i
15.588457268119953,57.00000000000007,3,1.4359356323441679E-6-3.435041802387482E-11i,0.007179678161721085-1.7175209011938E-7i
17.320508075688878,56.000000000000064,3,1.4359356323441677E-6-3.435041802387482E-11i,0.007179678161721085-1.7175209011937997E-7i
25.980762113533288,52.999999999999105,3,1.4359356323441679E-6-3.435041802387482E-11i,0.0071796781617210845-1.7175209011937997E-7i
27.712812921101772,51.99999999999899,3,1.4359356323441679E-6-3.435041802387482E-11i,0.007179678161721084-1.7175209011937997E-7i
25.980762113532833,50.99999999999965,3,1.4359356323441679E-6-3.435041802387482E-11i,0.007179678161721085-1.7175209011938E-7i
24.248711305964605,53.99999999999954,3,1.4359356323441679E-6-3.435041802387482E-11i,0.0071796781617210845-1.7175209011937997E-7i
22.51666049839571,54.99999999999994,3,1.4359356323441679E-6-3.435041802387482E-11i,0.007179678161721085-1.7175209011938E-7i
19.052558883257575,50.99999999999987,3,1.4359356323441679E-6-3.435041802387482E-11i,0.007179678161721085-1.7175209011938E-7i
17.320508075688736,49.999999999999964,3,1.4359356323441679E-6-3.435041802387482E-11i,0.007179678161721085-1.7175209011938E-7i
20.78460969082647,51.999999999999694,3,1.4359356323441679E-6-3.435041802387482E-11i,0.007179678161721084-1.7175209011937997E-7i
20.784609690826713,53.999999999999744,3,1.4359356323441679E-6-3.435041802387482E-11i,0.0071796781617210845-1.7175209011937997E-7i
22.51666049839548,52.99999999999951,3,1.4359356323441679E-6-3.435041802387482E-11i,0.0071796781617210845-1.7175209011937997E-7i
22.516660498395254,50.999999999999794,3,1.4359356323441679E-6-3.435041802387482E-11i,0.007179678161721085-1.7175209011938E-7i
24.24871130596415,51.999999999999446,3,1.4359356323441679E-6-3.435041802387482E-11i,0.007179678161721084-1.7175209011937997E-7i
19.052558883257703,52.99999999999973,3,1.4359356323441679E-6-3.435041802387482E-11i,0.0071796781617210845-1.7175209011937997E-7i
19.05255888325783,54.999999999999964,3,1.4359356323441679E-6-3.435041802387482E-11i,0.007179678161721085-1.7175209011938E-7i
27.712812921101644,50.00000000000003,3,1.4359356323441677E-6-3.435041802387482E-11i,0.007179678161721085-1.7175209011937997E-7i
25.98076211353299,49.00000000000013,3,1.4359356323441677E-6-3.435041802387482E-11i,0.007179678161721085-1.7175209011937997E-7i
27.712812921101914,48.00000000000023,3,1.4359356323441677E-6-3.435041802387482E-11i,0.007179678161721085-1.7175209011937997E-7i
24.248711305964264,46.00000000000016,3,1.4359356323441679E-6-3.435041802387482E-11i,0.007179678161721085-1.7175209011938E-7i
25.98076211353309,47.00000000000016,3,1.4359356323441677E-6-3.435041802387482E-11i,0.007179678161721085-1.7175209011937997E-7i
44.06849813375532,38.071637145711875,2.499999999999993,1.435935632344167E-6-3.435041802387482E-11i,0.007179678161721084-1.7175209011937992E-7i
44.069289851408904,38.081663338580896,3,1.4359356323441679E-6-3.435041802387482E-11i,0.007179678161721084-1.7175209011937995E-7i
44.99999999999538,36.37306695894546,3,1.4359356323441677E-6-3.435041802387482E-11i,0.007179678161721085-1.7175209011937997E-7i
43.077056990657375,36.30736985615509,3,1.4359356323441679E-6-3.435041802387482E-11i,0.007179678161721085-1.7175209011938E-7i
42.12594633382423,38.104679306807306,3,1.4359356323441674E-6-3.435041802387482E-11i,0.007179678161721086-1.7175209011937995E-7i
36.37306695894644,47.000000000001805,3,1.4359356323441677E-6-3.435041802387482E-11i,0.007179678161721085-1.7175209011937997E-7i
32.90896534380859,47.000000000000846,3,1.4359356323441677E-6-3.435041802387482E-11i,0.007179678161721085-1.7175209011937997E-7i
36.37306695894749,45.00000000000096,3,1.4359356323441679E-6-3.435041802387482E-11i,0.007179678161721084-1.7175209011937997E-7i
34.64101615137784,46.0000000000012,3,1.4359356323441679E-6-3.435041802387482E-11i,0.007179678161721085-1.7175209011938E-7i
38.10511776651611,46.000000000002295,3,1.4359356323441679E-6-3.435041802387482E-11i,0.007179678161721085-1.7175209011938E-7i
38.1051177665171,43.999999999999126,3,1.4359356323441679E-6-3.435041802387482E-11i,0.0071796781617210845-1.7175209011937997E-7i
36.37306695894711,42.99999999999796,3,1.4359356323441679E-6-3.435041802387482E-11i,0.0071796781617210845-1.7175209011937997E-7i
39.54073624956803,41.11576473983832,3,1.4359356323441679E-6-3.435041802387482E-11i,0.007179678161721084-1.7175209011937995E-7i
39.58911456728298,41.125021943709456,2.4999999999999925,1.435935632344167E-6-3.435041802387482E-11i,0.007179678161721084-1.7175209011937992E-7i
39.735359428455716,43.08671888399796,3,1.4359356323441679E-6-3.435041802387482E-11i,0.007179678161721085-1.7175209011938E-7i
39.42450526131984,39.5524203099436,3,1.435935632344168E-6-3.435041802387482E-11i,0.0071796781617210845-1.7175209011938E-7i
39.83716857408645,45.00000000000156,3,1.4359356323441679E-6-3.435041802387482E-11i,0.0071796781617210845-1.7175209011937997E-7i
27.712812921102042,46.00000000000031,3,1.4359356323441679E-6-3.435041802387482E-11i,0.007179678161721085-1.7175209011938E-7i
29.444863728670825,47.000000000000384,3,1.4359356323441677E-6-3.435041802387482E-11i,0.007179678161721085-1.7175209011937997E-7i
32.90896534380916,45.00000000000057,3,1.4359356323441679E-6-3.435041802387482E-11i,0.007179678161721084-1.7175209011937997E-7i
34.64101615137845,43.99999999999967,3,1.4359356323441679E-6-3.435041802387482E-11i,0.0071796781617210845-1.7175209011937997E-7i
32.90896534380903,42.99999999999901,3,1.4359356323441679E-6-3.435041802387482E-11i,0.0071796781617210845-1.7175209011937997E-7i
31.176914536239877,46.00000000000062,3,1.4359356323441679E-6-3.435041802387482E-11i,0.007179678161721085-1.7175209011938E-7i
38.05064898676879,42.02981673729684,3,1.4359356323441674E-6-3.435041802387482E-11i,0.007179678161721086-1.7175209011937995E-7i
38.00286731120926,40.10689521905792,3,1.4359356323441674E-6-3.435041802387482E-11i,0.007179678161721086-1.7175209011937995E-7i
38.09420008596757,38.077103685977846,3,1.4359356323441679E-6-3.435041802387482E-11i,0.007179678161721084-1.7175209011937997E-7i
38.128933842803356,38.04923379458553,2.4999999999999982,1.4359356323441668E-6-3.435041802387482E-11i,0.007179678161721083-1.7175209011937997E-7i
36.31793483633054,39.097708617232065,3,1.4359356323441679E-6-3.435041802387482E-11i,0.0071796781617210845-1.7175209011937997E-7i
40.28409835648584,38.0565749080959,3,1.4359356323441674E-6-3.435041802387482E-11i,0.007179678161721086-1.7175209011937995E-7i
41.17369076398962,36.32711003966065,3,1.4359356323441679E-6-3.435041802387482E-11i,0.007179678161721084-1.7175209011937995E-7i
41.12376366217044,36.34043756801075,2.499999999999992,1.435935632344167E-6-3.435041802387482E-11i,0.007179678161721084-1.7175209011937992E-7i
42.00000000000481,34.64101615137703,3,1.4359356323441677E-6-3.435041802387482E-11i,0.007179678161721085-1.7175209011937997E-7i
46.99999999999929,36.37306695894808,3,1.4359356323441679E-6-3.435041802387482E-11i,0.007179678161721085-1.7175209011938E-7i
45.99999999999756,34.64101615137838,3,1.4359356323441677E-6-3.435041802387482E-11i,0.007179678161721085-1.7175209011937997E-7i
48.00000000000033,31.176914536240133,3,1.4359356323441677E-6-3.435041802387482E-11i,0.007179678161721085-1.7175209011937997E-7i
46.99999999999968,32.90896534380953,3,1.4359356323441679E-6-3.435041802387482E-11i,0.007179678161721085-1.7175209011938E-7i
45.999999999998806,31.176914536240247,3,1.4359356323441677E-6-3.435041802387482E-11i,0.007179678161721085-1.7175209011937997E-7i
43.99999999999848,34.64101615137534,3,1.4359356323441679E-6-3.435041802387482E-11i,0.007179678161721085-1.7175209011938E-7i
44.999999999997655,32.90896534380825,3,1.4359356323441679E-6-3.435041802387482E-11i,0.007179678161721085-1.7175209011938E-7i
54.00000000000109,27.712812921101914,3,1.4359356323441679E-6-3.435041802387482E-11i,0.0071796781617210845-1.7175209011937997E-7i
53.00000000000059,25.980762113533316,3,1.4359356323441679E-6-3.435041802387482E-11i,0.0071796781617210845-1.7175209011937997E-7i
52.00000000000019,24.248711305964463,3,1.4359356323441679E-6-3.435041802387482E-11i,0.007179678161721085-1.7175209011938E-7i
50.99999999999998,25.980762113533345,3,1.4359356323441679E-6-3.435041802387482E-11i,0.007179678161721085-1.7175209011938E-7i
43.99999999999916,31.176914536238712,3,1.4359356323441679E-6-3.435041802387482E-11i,0.0071796781617210845-1.7175209011937997E-7i
43.00000000000148,32.908965343807,3,1.4359356323441679E-6-3.435041802387482E-11i,0.0071796781617210845-1.7175209011937997E-7i
44.999999999998806,29.444863728670754,3,1.4359356323441679E-6-3.435041802387482E-11i,0.007179678161721085-1.7175209011938E-7i
49.99999999999991,27.712812921102127,3,1.4359356323441677E-6-3.435041802387482E-11i,0.007179678161721085-1.7175209011937997E-7i
49.00000000000012,29.44486372867098,3,1.4359356323441677E-6-3.435041802387482E-11i,0.007179678161721085-1.7175209011937997E-7i
46.999999999999865,29.444863728671365,3,1.4359356323441679E-6-3.435041802387482E-11i,0.007179678161721085-1.7175209011938E-7i
48.00000000000017,27.712812921102227,3,1.4359356323441677E-6-3.435041802387482E-11i,0.007179678161721085-1.7175209011937997E-7i
45.999999999999424,27.712812921102298,3,1.4359356323441677E-6-3.435041802387482E-11i,0.007179678161721085-1.7175209011937997E-7i
46.99999999999995,25.9807621135334,3,1.4359356323441679E-6-3.435041802387482E-11i,0.007179678161721085-1.7175209011938E-7i
49.00000000000007,25.980762113533217,3,1.4359356323441677E-6-3.435041802387482E-11i,0.007179678161721085-1.7175209011937997E-7i
49.99999999999998,24.24871130596435,3,1.4359356323441677E-6-3.435041802387482E-11i,0.007179678161721085-1.7175209011937997E-7i
48.00000000000009,24.24871130596439,3,1.4359356323441677E-6-3.435041802387482E-11i,0.007179678161721085-1.7175209011937997E-7i
53.00000000000032,22.51666049839548,3,1.4359356323441679E-6-3.435041802387482E-11i,0.0071796781617210845-1.7175209011937997E-7i
52.000000000000114,20.784609690826613,3,1.4359356323441679E-6-3.435041802387482E-11i,0.007179678161721085-1.7175209011938E-7i
51.000000000000014,22.51666049839551,3,1.4359356323441679E-6-3.435041802387482E-11i,0.007179678161721085-1.7175209011938E-7i
56.99999999999968,22.51666049839511,3,1.4359356323441679E-6-3.435041802387482E-11i,0.0071796781617210845-1.7175209011937997E-7i
57.99999999999955,20.78460969082643,3,1.4359356323441679E-6-3.435041802387482E-11i,0.007179678161721085-1.7175209011938E-7i
55.000000000000284,22.516660498395197,3,1.4359356323441679E-6-3.435041802387482E-11i,0.0071796781617210845-1.7175209011937997E-7i
56,13.856406460550971,3,1.4359356323441679E-6-3.435041802387482E-11i,0.007179678161721084-1.7175209011937997E-7i
55.00000000000007,15.58845726811984,3,1.4359356323441679E-6-3.435041802387482E-11i,0.0071796781617210845-1.7175209011937997E-7i
56.99999999999992,15.58845726811984,3,1.4359356323441679E-6-3.435041802387482E-11i,0.0071796781617210845-1.7175209011937997E-7i
57.99999999999989,13.856406460551,3,1.4359356323441679E-6-3.435041802387482E-11i,0.007179678161721085-1.7175209011938E-7i
54.00000000000008,13.856406460551,3,1.4359356323441679E-6-3.435041802387482E-11i,0.0071796781617210845-1.7175209011937997E-7i
56.99999999999997,12.124355652982118,3,1.4359356323441679E-6-3.435041802387482E-11i,0.007179678161721085-1.7175209011938E-7i
57.99999999999978,17.320508075688736,3,1.4359356323441679E-6-3.435041802387482E-11i,0.007179678161721085-1.7175209011938E-7i
58.99999999999964,19.052558883257717,3,1.4359356323441679E-6-3.435041802387482E-11i,0.007179678161721085-1.7175209011938E-7i
56.00000000000001,20.784609690826315,3,1.4359356323441679E-6-3.435041802387482E-11i,0.0071796781617210845-1.7175209011937997E-7i
56.99999999999983,19.052558883257518,3,1.4359356323441679E-6-3.435041802387482E-11i,0.007179678161721085-1.7175209011938E-7i
56,17.32050807568868,3,1.4359356323441679E-6-3.435041802387482E-11i,0.0071796781617210845-1.7175209011937997E-7i
54.00000000000015,17.32050807568875,3,1.4359356323441679E-6-3.435041802387482E-11i,0.007179678161721085-1.7175209011938E-7i
55.00000000000014,19.052558883257547,3,1.4359356323441679E-6-3.435041802387482E-11i,0.0071796781617210845-1.7175209011937997E-7i
54.000000000000284,20.784609690826485,3,1.4359356323441679E-6-3.435041802387482E-11i,0.0071796781617210845-1.7175209011937997E-7i
53.00000000000017,19.05255888325769,3,1.4359356323441679E-6-3.435041802387482E-11i,0.0071796781617210845-1.7175209011937997E-7i
52.00000000000007,17.32050807568882,3,1.4359356323441679E-6-3.435041802387482E-11i,0.007179678161721085-1.7175209011938E-7i
51.00000000000003,19.052558883257703,3,1.4359356323441677E-6-3.435041802387482E-11i,0.007179678161721085-1.7175209011937997E-7i
51.00000000000003,15.588457268119924,3,1.4359356323441679E-6-3.435041802387482E-11i,0.007179678161721085-1.7175209011938E-7i
50.00000000000002,17.320508075688807,3,1.4359356323441677E-6-3.435041802387482E-11i,0.007179678161721085-1.7175209011937997E-7i
58.99999999999991,12.12435565298216,3,1.4359356323441679E-6-3.435041802387482E-11i,0.007179678161721085-1.7175209011938E-7i
59.99999999999995,10.392304845413321,3,1.4359356323441677E-6-3.435041802387482E-11i,0.007179678161721085-1.7175209011937997E-7i
57.99999999999996,10.392304845413264,3,1.4359356323441679E-6-3.435041802387482E-11i,0.007179678161721085-1.7175209011938E-7i
58.999999999999964,8.660254037844396,3,1.4359356323441677E-6-3.435041802387482E-11i,0.007179678161721085-1.7175209011937997E-7i
53.00000000000009,15.588457268119924,3,1.4359356323441679E-6-3.435041802387482E-11i,0.0071796781617210845-1.7175209011937997E-7i
52.00000000000004,13.856406460551042,3,1.4359356323441679E-6-3.435041802387482E-11i,0.007179678161721085-1.7175209011938E-7i
53.00000000000005,12.12435565298216,3,1.4359356323441679E-6-3.435041802387482E-11i,0.007179678161721085-1.7175209011938E-7i
55.000000000000036,12.124355652982132,3,1.4359356323441679E-6-3.435041802387482E-11i,0.0071796781617210845-1.7175209011937997E-7i
61.00000000000001,8.660254037844425,3,1.4359356323441677E-6-3.435041802387482E-11i,0.007179678161721085-1.7175209011937997E-7i
64.00000000000003,6.9282032302755,3,1.4359356323441679E-6-3.435041802387482E-11i,0.007179678161721084-1.7175209011937995E-7i
63.000000000000014,5.196152422706632,3,1.4359356323441679E-6-3.435041802387482E-11i,0.0071796781617210845-1.7175209011937997E-7i
62.00000000000002,6.928203230275528,3,1.4359356323441677E-6-3.435041802387482E-11i,0.007179678161721085-1.7175209011937997E-7i
65,5.196152422706632,3,1.4359356323441679E-6-3.435041802387482E-11i,0.0071796781617210845-1.7175209011937997E-7i
64,3.464101615137764,3,1.4359356323441679E-6-3.435041802387482E-11i,0.007179678161721085-1.7175209011938E-7i
65,1.732050807568882,3,1.4359356323441679E-6-3.435041802387482E-11i,0.007179678161721085-1.7175209011938E-7i
68.00000000000001,0,3.000000000000001,1.4359356323441679E-6-3.435041802387482E-11i,0.007179678161721084-1.7175209011937995E-7i
66,0,2.9999999999999996,1.4359356323441679E-6-3.435041802387482E-11i,0.007179678161721084-1.7175209011937997E-7i
64.00000000000001,0,3.000000000000001,1.4359356323441679E-6-3.435041802387482E-11i,0.007179678161721084-1.7175209011937995E-7i
63.000000000000014,1.732050807568882,3,1.4359356323441674E-6-3.435041802387482E-11i,0.007179678161721086-1.7175209011937995E-7i
62.000000000000014,0,3.0000000000000004,1.4359356323441679E-6-3.435041802387482E-11i,0.007179678161721084-1.7175209011937995E-7i
61.00000000000001,1.7320508075688963,3,1.4359356323441672E-6-3.435041802387482E-11i,0.007179678161721086-1.7175209011937992E-7i
62.000000000000014,3.464101615137764,3,1.4359356323441679E-6-3.435041802387482E-11i,0.007179678161721085-1.7175209011938E-7i
61.00000000000001,5.1961524227066604,3,1.4359356323441679E-6-3.435041802387482E-11i,0.007179678161721085-1.7175209011938E-7i
60,3.464101615137764,3,1.4359356323441677E-6-3.435041802387482E-11i,0.007179678161721085-1.7175209011937997E-7i
58.99999999999999,5.196152422706632,3,1.4359356323441677E-6-3.435041802387482E-11i,0.007179678161721085-1.7175209011937997E-7i
59.999999999999986,6.928203230275528,3,1.4359356323441679E-6-3.435041802387482E-11i,0.007179678161721084-1.7175209011937997E-7i
58,3.464101615137764,3,1.4359356323441674E-6-3.435041802387482E-11i,0.007179678161721086-1.7175209011937995E-7i
56.00000000000001,10.392304845413236,3,1.4359356323441679E-6-3.435041802387482E-11i,0.0071796781617210845-1.7175209011937997E-7i
56.99999999999999,8.660254037844368,3,1.4359356323441679E-6-3.435041802387482E-11i,0.0071796781617210845-1.7175209011937997E-7i
57.999999999999986,6.9282032302755,3,1.4359356323441679E-6-3.435041802387482E-11i,0.0071796781617210845-1.7175209011937997E-7i
8.660254037844396,50.999999999999986,3,1.4359356323441679E-6-3.435041802387482E-11i,0.007179678161721084-1.7175209011937995E-7i
8.660254037844386,50.99999999999998,2.4999999999999973,1.435935632344167E-6-3.435041802387482E-11i,0.007179678161721084-1.7175209011937992E-7i
6.928203230275528,51.99999999999999,3,1.4359356323441677E-6-3.435041802387482E-11i,0.007179678161721085-1.7175209011937997E-7i
8.660254037844396,52.99999999999997,3,1.4359356323441679E-6-3.435041802387482E-11i,0.007179678161721085-1.7175209011938E-7i
6.9282032302755,49.999999999999986,3,1.4359356323441677E-6-3.435041802387482E-11i,0.007179678161721085-1.7175209011937997E-7i
10.392304845413264,51.99999999999996,3,1.4359356323441677E-6-3.435041802387482E-11i,0.007179678161721085-1.7175209011937997E-7i
10.392304845413264,49.999999999999986,3,1.4359356323441677E-6-3.435041802387482E-11i,0.007179678161721085-1.7175209011937997E-7i
1.732050807568882,51,3,1.4359356323441679E-6-3.435041802387482E-11i,0.007179678161721084-1.7175209011937995E-7i
1.732050807568875,50.99999999999999,2.500000000000002,1.435935632344167E-6-3.435041802387482E-11i,0.007179678161721084-1.7175209011937992E-7i
1.7320508075688679,53,3,1.4359356323441679E-6-3.435041802387482E-11i,0.007179678161721085-1.7175209011938E-7i
3.464101615137764,52.00000000000001,3,1.4359356323441677E-6-3.435041802387482E-11i,0.007179678161721085-1.7175209011937997E-7i
3.464101615137764,50,3,1.4359356323441677E-6-3.435041802387482E-11i,0.007179678161721085-1.7175209011937997E-7i
0,52,3.000000000000001,1.4359356323441679E-6-3.435041802387482E-11i,0.007179678161721084-1.7175209011937997E-7i
0,50,3,1.4359356323441679E-6-3.435041802387482E-11i,0.007179678161721084-1.7175209011937997E-7i
6.928203230275528,53.99999999999998,3,1.4359356323441679E-6-3.435041802387482E-11i,0.007179678161721084-1.7175209011937997E-7i
5.1961524227066604,55,3,1.4359356323441679E-6-3.435041802387482E-11i,0.007179678161721085-1.7175209011938E-7i
3.464101615137764,56.000000000000014,3,1.4359356323441674E-6-3.435041802387482E-11i,0.007179678161721086-1.7175209011937995E-7i
1.732050807568882,57.000000000000014,3,1.4359356323441679E-6-3.435041802387482E-11i,0.0071796781617210845-1.7175209011937997E-7i
0,58.00000000000001,3.0000000000000004,1.4359356323441679E-6-3.435041802387482E-11i,0.007179678161721084-1.7175209011937997E-7i
1.7320508075688963,55.00000000000001,3,1.4359356323441677E-6-3.435041802387482E-11i,0.007179678161721085-1.7175209011937997E-7i
0,56.00000000000002,3.000000000000001,1.4359356323441679E-6-3.435041802387482E-11i,0.007179678161721084-1.7175209011937997E-7i
3.464101615137764,53.999999999999986,3,1.4359356323441679E-6-3.435041802387482E-11i,0.007179678161721084-1.7175209011937995E-7i
5.196152422706632,52.99999999999999,3,1.4359356323441679E-6-3.435041802387482E-11i,0.007179678161721084-1.7175209011937997E-7i
0,53.99999999999999,2.9999999999999996,1.4359356323441679E-6-3.435041802387482E-11i,0.007179678161721084-1.7175209011937997E-7i
8.660254037844396,48.999999999999986,3,1.4359356323441674E-6-3.435041802387482E-11i,0.007179678161721086-1.7175209011937995E-7i
17.320508075688878,53.99999999999985,3,1.4359356323441679E-6-3.435041802387482E-11i,0.007179678161721084-1.7175209011937997E-7i
15.58845726812001,54.99999999999998,3,1.4359356323441677E-6-3.435041802387482E-11i,0.007179678161721085-1.7175209011937997E-7i
13.856406460551085,53.999999999999915,3,1.4359356323441677E-6-3.435041802387482E-11i,0.007179678161721085-1.7175209011937997E-7i
12.124355652982217,54.99999999999999,3,1.4359356323441679E-6-3.435041802387482E-11i,0.0071796781617210845-1.7175209011937997E-7i
12.12435565298216,52.99999999999993,3,1.4359356323441679E-6-3.435041802387482E-11i,0.007179678161721085-1.7175209011938E-7i
12.124355652982132,50.99999999999996,3,1.4359356323441677E-6-3.435041802387482E-11i,0.007179678161721085-1.7175209011937997E-7i
13.856406460551,49.99999999999997,3,1.4359356323441677E-6-3.435041802387482E-11i,0.007179678161721085-1.7175209011937997E-7i
12.124355652982132,48.999999999999986,3,1.4359356323441677E-6-3.435041802387482E-11i,0.007179678161721085-1.7175209011937997E-7i
19.052558883257618,47.00000000000002,3,1.4359356323441677E-6-3.435041802387482E-11i,0.007179678161721085-1.7175209011937997E-7i
22.51666049839544,45.00000000000011,3,1.4359356323441679E-6-3.435041802387482E-11i,0.0071796781617210845-1.7175209011937997E-7i
24.24871130596439,44,3,1.4359356323441679E-6-3.435041802387482E-11i,0.0071796781617210845-1.7175209011937997E-7i
22.51666049839544,42.999999999999886,3,1.4359356323441679E-6-3.435041802387482E-11i,0.0071796781617210845-1.7175209011937997E-7i
20.7846096908265,46.00000000000008,3,1.4359356323441679E-6-3.435041802387482E-11i,0.0071796781617210845-1.7175209011937997E-7i
17.320508075688764,48,3,1.4359356323441677E-6-3.435041802387482E-11i,0.007179678161721085-1.7175209011937997E-7i
15.588457268119868,48.999999999999986,3,1.4359356323441679E-6-3.435041802387482E-11i,0.007179678161721085-1.7175209011938E-7i
13.856406460551,47.999999999999986,3,1.4359356323441677E-6-3.435041802387482E-11i,0.007179678161721085-1.7175209011937997E-7i
15.588457268119882,47.00000000000001,3,1.4359356323441677E-6-3.435041802387482E-11i,0.007179678161721085-1.7175209011937997E-7i
17.320508075688764,46.00000000000004,3,1.4359356323441679E-6-3.435041802387482E-11i,0.007179678161721085-1.7175209011938E-7i
25.980762113533245,45.00000000000019,3,1.4359356323441679E-6-3.435041802387482E-11i,0.007179678161721084-1.7175209011937997E-7i
27.712812921102255,43.99999999999997,3,1.4359356323441679E-6-3.435041802387482E-11i,0.0071796781617210845-1.7175209011937997E-7i
25.980762113533245,42.999999999999766,3,1.4359356323441679E-6-3.435041802387482E-11i,0.0071796781617210845-1.7175209011937997E-7i
24.24871130596422,41.99999999999981,3,1.4359356323441679E-6-3.435041802387482E-11i,0.007179678161721085-1.7175209011938E-7i
36.166062624769076,37.06124181591627,3,1.4359356323441674E-6-3.435041802387482E-11i,0.007179678161721086-1.7175209011937995E-7i
37.59155102777544,36.157208753812434,3,1.435935632344168E-6-3.435041802387482E-11i,0.0071796781617210845-1.7175209011938E-7i
40.05530195089588,34.6615956673278,3,1.4359356323441679E-6-3.435041802387482E-11i,0.0071796781617210845-1.7175209011937997E-7i
39.15025123917109,36.28471704616883,3,1.4359356323441674E-6-3.435041802387482E-11i,0.007179678161721086-1.7175209011937995E-7i
34.641016151377215,41.99999999999837,3,1.4359356323441677E-6-3.435041802387482E-11i,0.007179678161721085-1.7175209011937997E-7i
36.32757507478068,41.05579370870549,3,1.4359356323441679E-6-3.435041802387482E-11i,0.007179678161721084-1.7175209011937997E-7i
29.444863728671123,45.000000000000334,3,1.4359356323441679E-6-3.435041802387482E-11i,0.007179678161721084-1.7175209011937997E-7i
31.176914536240233,43.999999999999886,3,1.4359356323441679E-6-3.435041802387482E-11i,0.0071796781617210845-1.7175209011937997E-7i
29.44486372867108,42.99999999999952,3,1.4359356323441679E-6-3.435041802387482E-11i,0.0071796781617210845-1.7175209011937997E-7i
27.712812921101943,41.9999999999996,3,1.4359356323441679E-6-3.435041802387482E-11i,0.007179678161721085-1.7175209011938E-7i
31.17691453623962,41.999999999999204,3,1.4359356323441679E-6-3.435041802387482E-11i,0.007179678161721085-1.7175209011938E-7i
29.444863728670555,40.9999999999998,3,1.4359356323441674E-6-3.435041802387482E-11i,0.007179678161721086-1.7175209011937995E-7i
32.90896534380798,40.999999999999545,3,1.4359356323441674E-6-3.435041802387482E-11i,0.007179678161721086-1.7175209011937995E-7i
34.641016151376576,40.00000000000077,3,1.4359356323441677E-6-3.435041802387482E-11i,0.007179678161721085-1.7175209011937997E-7i
25.98076211353296,40.999999999999915,3,1.4359356323441677E-6-3.435041802387482E-11i,0.007179678161721085-1.7175209011937997E-7i
27.7128129211018,40.00000000000024,3,1.4359356323441679E-6-3.435041802387482E-11i,0.007179678161721085-1.7175209011938E-7i
38.16867593532692,34.657057663909626,3,1.4359356323441679E-6-3.435041802387482E-11i,0.0071796781617210845-1.7175209011937997E-7i
34.60116764623898,38.040616447416205,3,1.4359356323441679E-6-3.435041802387482E-11i,0.007179678161721085-1.7175209011938E-7i
32.90896534380843,39.00000000000122,3,1.4359356323441677E-6-3.435041802387482E-11i,0.007179678161721085-1.7175209011937997E-7i
31.17691453623931,40.00000000000042,3,1.4359356323441677E-6-3.435041802387482E-11i,0.007179678161721085-1.7175209011937997E-7i
29.44486372867081,39.000000000000625,3,1.4359356323441679E-6-3.435041802387482E-11i,0.0071796781617210845-1.7175209011937997E-7i
34.4084082835607,36.06440718850928,3,1.4359356323441679E-6-3.435041802387482E-11i,0.007179678161721084-1.7175209011937995E-7i
34.46454706529579,36.083831705136745,2.5000000000000115,1.435935632344167E-6-3.435041802387482E-11i,0.007179678161721084-1.7175209011937992E-7i
36.0762666628711,34.90209342818534,3,1.4359356323441677E-6-3.435041802387482E-11i,0.007179678161721085-1.7175209011937997E-7i
32.806138103257126,35.056559568171366,3,1.4359356323441679E-6-3.435041802387482E-11i,0.0071796781617210845-1.7175209011937997E-7i
32.90896534380937,37.000000000000526,3,1.4359356323441679E-6-3.435041802387482E-11i,0.007179678161721085-1.7175209011938E-7i
34.28482079241509,34.46190348756386,3,1.435935632344168E-6-3.435041802387482E-11i,0.0071796781617210845-1.7175209011938E-7i
31.180662005172223,36.02308599794293,3,1.4359356323441679E-6-3.435041802387482E-11i,0.007179678161721084-1.7175209011937995E-7i
31.159481875529817,36.01676322613574,2.5000000000000058,1.435935632344167E-6-3.435041802387482E-11i,0.007179678161721084-1.7175209011937992E-7i
31.17691453624002,38.00000000000082,3,1.4359356323441679E-6-3.435041802387482E-11i,0.0071796781617210845-1.7175209011937997E-7i
31.15396568293224,34.03769701691671,3,1.4359356323441679E-6-3.435041802387482E-11i,0.0071796781617210845-1.7175209011937997E-7i
29.444863728671123,34.99999999999946,3,1.4359356323441679E-6-3.435041802387482E-11i,0.0071796781617210845-1.7175209011937997E-7i
29.444863728671237,37.00000000000025,3,1.4359356323441674E-6-3.435041802387482E-11i,0.007179678161721086-1.7175209011937995E-7i
41.000000000002785,32.90896534381008,3,1.4359356323441672E-6-3.435041802387482E-11i,0.007179678161721086-1.7175209011937992E-7i
39.08174684188314,32.92724424107301,3,1.4359356323441674E-6-3.435041802387482E-11i,0.007179678161721086-1.7175209011937995E-7i
39.9999999999999,31.17691453624137,3,1.4359356323441679E-6-3.435041802387482E-11i,0.007179678161721084-1.7175209011937995E-7i
40.01167812033881,31.17952580733838,2.4999999999999947,1.435935632344167E-6-3.435041802387482E-11i,0.007179678161721084-1.7175209011937992E-7i
42.00000000000243,31.176914536239508,3,1.4359356323441679E-6-3.435041802387482E-11i,0.0071796781617210845-1.7175209011937997E-7i
41.000000000001435,29.444863728671635,3,1.4359356323441677E-6-3.435041802387482E-11i,0.007179678161721085-1.7175209011937997E-7i
38.999999999998494,29.444863728671564,3,1.4359356323441677E-6-3.435041802387482E-11i,0.007179678161721085-1.7175209011937997E-7i
37.9999999999977,31.176914536239366,3,1.4359356323441679E-6-3.435041802387482E-11i,0.0071796781617210845-1.7175209011937997E-7i
43.99999999999954,27.712812921101516,3,1.4359356323441679E-6-3.435041802387482E-11i,0.0071796781617210845-1.7175209011937997E-7i
44.999999999999396,25.980762113533103,3,1.4359356323441679E-6-3.435041802387482E-11i,0.007179678161721085-1.7175209011938E-7i
43.000000000000696,29.44486372867007,3,1.4359356323441679E-6-3.435041802387482E-11i,0.0071796781617210845-1.7175209011937997E-7i
42.00000000000123,27.712812921101886,3,1.4359356323441679E-6-3.435041802387482E-11i,0.007179678161721084-1.7175209011937997E-7i
39.99999999999996,27.712812921102852,3,1.4359356323441677E-6-3.435041802387482E-11i,0.007179678161721085-1.7175209011937997E-7i
41.00000000000074,25.98076211353353,3,1.4359356323441679E-6-3.435041802387482E-11i,0.007179678161721085-1.7175209011938E-7i
43.00000000000033,25.980762113532734,3,1.4359356323441679E-6-3.435041802387482E-11i,0.0071796781617210845-1.7175209011937997E-7i
45.99999999999973,24.248711305964434,3,1.4359356323441677E-6-3.435041802387482E-11i,0.007179678161721085-1.7175209011937997E-7i
46.999999999999986,22.516660498395538,3,1.4359356323441679E-6-3.435041802387482E-11i,0.007179678161721085-1.7175209011938E-7i
49.00000000000005,22.51666049839544,3,1.4359356323441677E-6-3.435041802387482E-11i,0.007179678161721085-1.7175209011937997E-7i
50.00000000000001,20.78460969082657,3,1.4359356323441679E-6-3.435041802387482E-11i,0.007179678161721085-1.7175209011938E-7i
49.00000000000002,19.05255888325769,3,1.4359356323441677E-6-3.435041802387482E-11i,0.007179678161721085-1.7175209011937997E-7i
48.00000000000006,20.784609690826585,3,1.4359356323441677E-6-3.435041802387482E-11i,0.007179678161721085-1.7175209011937997E-7i
43.999999999999865,20.784609690826414,3,1.4359356323441679E-6-3.435041802387482E-11i,0.0071796781617210845-1.7175209011937997E-7i
44.999999999999694,22.516660498395396,3,1.4359356323441679E-6-3.435041802387482E-11i,0.007179678161721085-1.7175209011938E-7i
45.99999999999987,20.784609690826613,3,1.4359356323441677E-6-3.435041802387482E-11i,0.007179678161721085-1.7175209011937997E-7i
44.99999999999986,19.05255888325766,3,1.4359356323441679E-6-3.435041802387482E-11i,0.007179678161721085-1.7175209011938E-7i
43.000000000000156,22.516660498395197,3,1.4359356323441679E-6-3.435041802387482E-11i,0.0071796781617210845-1.7175209011937997E-7i
42.00000000000015,17.320508075688764,3,1.4359356323441679E-6-3.435041802387482E-11i,0.007179678161721084-1.7175209011937997E-7i
41.0000000000002,19.05255888325776,3,1.4359356323441679E-6-3.435041802387482E-11i,0.007179678161721085-1.7175209011938E-7i
43.00000000000007,19.052558883257547,3,1.4359356323441679E-6-3.435041802387482E-11i,0.007179678161721084-1.7175209011937997E-7i
43.99999999999993,17.320508075688736,3,1.4359356323441679E-6-3.435041802387482E-11i,0.007179678161721085-1.7175209011938E-7i
45.999999999999936,17.32050807568882,3,1.4359356323441679E-6-3.435041802387482E-11i,0.007179678161721085-1.7175209011938E-7i
48.00000000000003,17.320508075688807,3,1.4359356323441677E-6-3.435041802387482E-11i,0.007179678161721085-1.7175209011937997E-7i
47.00000000000001,15.588457268119939,3,1.4359356323441679E-6-3.435041802387482E-11i,0.007179678161721085-1.7175209011938E-7i
47,19.052558883257717,3,1.4359356323441677E-6-3.435041802387482E-11i,0.007179678161721085-1.7175209011937997E-7i
49.00000000000002,15.588457268119924,3,1.4359356323441677E-6-3.435041802387482E-11i,0.007179678161721085-1.7175209011937997E-7i
56,6.9282032302755,3,1.4359356323441672E-6-3.435041802387482E-11i,0.007179678161721086-1.7175209011937992E-7i
55.50000000000002,6.062177826491107,2.4999999999999907,1.4359356323441679E-6-3.435041802387482E-11i,0.007179678161721085-1.7175209011938E-7i
55.000000000000014,5.196152422706632,3,1.4359356323441679E-6-3.435041802387482E-11i,0.007179678161721084-1.7175209011937997E-7i
56.99999999999999,5.196152422706632,3,1.4359356323441679E-6-3.435041802387482E-11i,0.007179678161721085-1.7175209011938E-7i
54.00000000000002,6.9282032302755,3,1.4359356323441679E-6-3.435041802387482E-11i,0.007179678161721085-1.7175209011938E-7i
57,1.732050807568882,3,1.4359356323441679E-6-3.435041802387482E-11i,0.007179678161721084-1.7175209011937995E-7i
57.000000000000014,1.732050807568875,2.4999999999999933,1.435935632344167E-6-3.435041802387482E-11i,0.007179678161721084-1.7175209011937992E-7i
59,1.732050807568882,3,1.4359356323441679E-6-3.435041802387482E-11i,0.007179678161721084-1.7175209011937997E-7i
58.00000000000001,0,3,1.4359356323441679E-6-3.435041802387482E-11i,0.007179678161721084-1.7175209011937997E-7i
56,3.46410161513775,3,1.4359356323441677E-6-3.435041802387482E-11i,0.007179678161721085-1.7175209011937997E-7i
50.000000000000014,13.856406460551042,3,1.4359356323441677E-6-3.435041802387482E-11i,0.007179678161721085-1.7175209011937997E-7i
49.00000000000001,12.12435565298216,3,1.4359356323441677E-6-3.435041802387482E-11i,0.007179678161721085-1.7175209011937997E-7i
48.00000000000002,13.856406460551042,3,1.4359356323441674E-6-3.435041802387482E-11i,0.007179678161721086-1.7175209011937995E-7i
51.00000000000003,12.12435565298216,3,1.4359356323441679E-6-3.435041802387482E-11i,0.007179678161721085-1.7175209011938E-7i
52.000000000000036,10.392304845413278,3,1.4359356323441679E-6-3.435041802387482E-11i,0.007179678161721085-1.7175209011938E-7i
55.000000000000014,8.660254037844368,3,1.4359356323441679E-6-3.435041802387482E-11i,0.007179678161721084-1.7175209011937997E-7i
54.00000000000004,10.392304845413264,3,1.4359356323441679E-6-3.435041802387482E-11i,0.0071796781617210845-1.7175209011937997E-7i
53.000000000000036,8.660254037844396,3,1.4359356323441679E-6-3.435041802387482E-11i,0.0071796781617210845-1.7175209011937997E-7i
51.00000000000002,8.660254037844396,3,1.4359356323441679E-6-3.435041802387482E-11i,0.007179678161721085-1.7175209011938E-7i
52.00000000000002,6.928203230275528,3,1.4359356323441674E-6-3.435041802387482E-11i,0.007179678161721086-1.7175209011937995E-7i
50.00000000000001,10.392304845413292,3,1.4359356323441679E-6-3.435041802387482E-11i,0.007179678161721085-1.7175209011938E-7i
60,0,3,1.4359356323441679E-6-3.435041802387482E-11i,0.007179678161721084-1.7175209011937995E-7i
54,3.464101615137764,3,1.4359356323441679E-6-3.435041802387482E-11i,0.007179678161721085-1.7175209011938E-7i
53.000000000000014,5.196152422706632,3,1.4359356323441679E-6-3.435041802387482E-11i,0.0071796781617210845-1.7175209011937997E-7i
51,5.1961524227066604,3,1.4359356323441679E-6-3.435041802387482E-11i,0.007179678161721084-1.7175209011937995E-7i
50.99999999999998,5.196152422706647,2.500000000000002,1.435935632344167E-6-3.435041802387482E-11i,0.007179678161721084-1.7175209011937992E-7i
49.99999999999999,6.928203230275528,3,1.4359356323441674E-6-3.435041802387482E-11i,0.007179678161721086-1.7175209011937995E-7i
52.00000000000001,3.464101615137764,3,1.4359356323441677E-6-3.435041802387482E-11i,0.007179678161721085-1.7175209011937997E-7i
54.50000000000001,2.5980762113533458,2.500000000000001,1.4359356323441679E-6-3.435041802387482E-11i,0.007179678161721085-1.7175209011938E-7i
55,1.732050807568882,3,1.4359356323441674E-6-3.435041802387482E-11i,0.007179678161721086-1.7175209011937995E-7i
53,1.732050807568882,3,1.4359356323441679E-6-3.435041802387482E-11i,0.007179678161721085-1.7175209011938E-7i
56,0,3.0000000000000004,1.4359356323441679E-6-3.435041802387482E-11i,0.007179678161721084-1.7175209011937997E-7i
49.99999999999999,3.464101615137764,3,1.4359356323441674E-6-3.435041802387482E-11i,0.007179678161721086-1.7175209011937995E-7i
5.196152422706632,51,3,1.4359356323441677E-6-3.435041802387482E-11i,0.007179678161721085-1.7175209011937997E-7i
10.392304845413264,47.999999999999986,3,1.4359356323441679E-6-3.435041802387482E-11i,0.0071796781617210845-1.7175209011937997E-7i
12.124355652982132,47,3,1.4359356323441679E-6-3.435041802387482E-11i,0.007179678161721085-1.7175209011938E-7i
5.196152422706632,48.999999999999986,3,1.4359356323441679E-6-3.435041802387482E-11i,0.007179678161721084-1.7175209011937997E-7i
5.196152407728756,48.99999999307504,2.4666666673786435,1.435935632344167E-6-3.435041802387482E-11i,0.007179678161721084-1.7175209011937992E-7i
6.9282032302755,47.99999999999999,3,1.4359356323441674E-6-3.435041802387482E-11i,0.007179678161721086-1.7175209011937995E-7i
5.196152422706632,47,3,1.4359356323441677E-6-3.435041802387482E-11i,0.007179678161721085-1.7175209011937997E-7i
3.46410161513775,48,3,1.4359356323441679E-6-3.435041802387482E-11i,0.007179678161721084-1.7175209011937995E-7i
3.4641016140679115,47.99999999950537,2.533333333384209,1.435935632344167E-6-3.435041802387482E-11i,0.007179678161721084-1.7175209011937992E-7i
1.732050807568882,49,3,1.4359356323441679E-6-3.435041802387482E-11i,0.007179678161721085-1.7175209011938E-7i
1.732050807568882,47,3,1.4359356323441679E-6-3.435041802387482E-11i,0.007179678161721084-1.7175209011937997E-7i
3.46410161513775,46,3,1.4359356323441677E-6-3.435041802387482E-11i,0.007179678161721085-1.7175209011937997E-7i
0,48,2.9999999999999996,1.4359356323441679E-6-3.435041802387482E-11i,0.007179678161721084-1.7175209011937997E-7i
13.856406460551,46.00000000000002,3,1.4359356323441677E-6-3.435041802387482E-11i,0.007179678161721085-1.7175209011937997E-7i
12.124355652982146,45.00000000000002,3,1.4359356323441679E-6-3.435041802387482E-11i,0.007179678161721084-1.7175209011937997E-7i
13.856406460551028,44.00000000000002,3,1.4359356323441679E-6-3.435041802387482E-11i,0.0071796781617210845-1.7175209011937997E-7i
10.392304845413264,46.000000000000014,3,1.4359356323441677E-6-3.435041802387482E-11i,0.007179678161721085-1.7175209011937997E-7i
12.12435565298216,43,3,1.4359356323441679E-6-3.435041802387482E-11i,0.007179678161721085-1.7175209011938E-7i
8.660254037844396,45.000000000000014,3,1.4359356323441679E-6-3.435041802387482E-11i,0.0071796781617210845-1.7175209011937997E-7i
10.392304845413264,44.00000000000001,3,1.4359356323441679E-6-3.435041802387482E-11i,0.0071796781617210845-1.7175209011937997E-7i
8.660254037844396,43,3,1.4359356323441679E-6-3.435041802387482E-11i,0.0071796781617210845-1.7175209011937997E-7i
8.660254037844368,47,3,1.4359356323441679E-6-3.435041802387482E-11i,0.0071796781617210845-1.7175209011937997E-7i
10.392304845413264,42.00000000000001,3,1.4359356323441679E-6-3.435041802387482E-11i,0.0071796781617210845-1.7175209011937997E-7i
15.588457268119896,45.00000000000004,3,1.4359356323441679E-6-3.435041802387482E-11i,0.007179678161721084-1.7175209011937997E-7i
17.320508075688792,44.00000000000002,3,1.4359356323441679E-6-3.435041802387482E-11i,0.0071796781617210845-1.7175209011937997E-7i
15.588457268119896,42.99999999999998,3,1.4359356323441679E-6-3.435041802387482E-11i,0.0071796781617210845-1.7175209011937997E-7i
17.32050807568875,41.99999999999996,3,1.4359356323441679E-6-3.435041802387482E-11i,0.007179678161721085-1.7175209011938E-7i
19.05255888325766,45.000000000000064,3,1.4359356323441679E-6-3.435041802387482E-11i,0.007179678161721084-1.7175209011937997E-7i
20.78460969082657,44.000000000000014,3,1.4359356323441679E-6-3.435041802387482E-11i,0.0071796781617210845-1.7175209011937997E-7i
19.05255888325766,42.99999999999995,3,1.4359356323441679E-6-3.435041802387482E-11i,0.0071796781617210845-1.7175209011937997E-7i
22.516660498395296,40.99999999999997,3,1.4359356323441677E-6-3.435041802387482E-11i,0.007179678161721085-1.7175209011937997E-7i
20.7846096908265,41.9999999999999,3,1.4359356323441679E-6-3.435041802387482E-11i,0.007179678161721085-1.7175209011938E-7i
13.856406460551,41.999999999999986,3,1.4359356323441679E-6-3.435041802387482E-11i,0.007179678161721085-1.7175209011938E-7i
12.124355652982132,41.00000000000001,3,1.4359356323441677E-6-3.435041802387482E-11i,0.007179678161721085-1.7175209011937997E-7i
13.856406460551,40.00000000000003,3,1.4359356323441677E-6-3.435041802387482E-11i,0.007179678161721085-1.7175209011937997E-7i
15.588457268119868,41.00000000000001,3,1.4359356323441677E-6-3.435041802387482E-11i,0.007179678161721085-1.7175209011937997E-7i
19.05255888325759,40.99999999999999,3,1.4359356323441677E-6-3.435041802387482E-11i,0.007179678161721085-1.7175209011937997E-7i
20.78460969082647,40.000000000000085,3,1.4359356323441677E-6-3.435041802387482E-11i,0.007179678161721085-1.7175209011937997E-7i
19.052558883257646,39.000000000000085,3,1.4359356323441674E-6-3.435041802387482E-11i,0.007179678161721086-1.7175209011937995E-7i
17.320508075688736,40.00000000000006,3,1.4359356323441677E-6-3.435041802387482E-11i,0.007179678161721085-1.7175209011937997E-7i
15.588457268119896,39.00000000000005,3,1.4359356323441679E-6-3.435041802387482E-11i,0.007179678161721085-1.7175209011938E-7i
27.71281292110214,38.00000000000039,3,1.4359356323441674E-6-3.435041802387482E-11i,0.007179678161721086-1.7175209011937995E-7i
25.980762113533103,39.00000000000032,3,1.4359356323441674E-6-3.435041802387482E-11i,0.007179678161721086-1.7175209011937995E-7i
24.24871130596415,40.00000000000014,3,1.4359356323441677E-6-3.435041802387482E-11i,0.007179678161721085-1.7175209011937997E-7i
22.51666049839538,39.00000000000016,3,1.4359356323441674E-6-3.435041802387482E-11i,0.007179678161721086-1.7175209011937995E-7i
24.248711305964335,38.000000000000185,3,1.4359356323441679E-6-3.435041802387482E-11i,0.007179678161721085-1.7175209011938E-7i
24.24871130596439,35.99999999999996,3,1.4359356323441679E-6-3.435041802387482E-11i,0.0071796781617210845-1.7175209011937997E-7i
25.980762113533302,37.00000000000012,3,1.4359356323441679E-6-3.435041802387482E-11i,0.007179678161721084-1.7175209011937997E-7i
25.98076211353326,34.999999999999744,3,1.4359356323441679E-6-3.435041802387482E-11i,0.0071796781617210845-1.7175209011937997E-7i
24.248711305964264,33.99999999999976,3,1.4359356323441679E-6-3.435041802387482E-11i,0.007179678161721085-1.7175209011938E-7i
22.516660498395467,37.00000000000006,3,1.4359356323441679E-6-3.435041802387482E-11i,0.0071796781617210845-1.7175209011937997E-7i
22.516660498395453,34.999999999999886,3,1.4359356323441679E-6-3.435041802387482E-11i,0.0071796781617210845-1.7175209011937997E-7i
37.11935812058256,33.00563244576192,3,1.4359356323441679E-6-3.435041802387482E-11i,0.007179678161721085-1.7175209011938E-7i
27.71281292110227,35.999999999999886,3,1.4359356323441679E-6-3.435041802387482E-11i,0.007179678161721085-1.7175209011938E-7i
25.980762113532975,32.99999999999977,3,1.4359356323441674E-6-3.435041802387482E-11i,0.007179678161721086-1.7175209011937995E-7i
27.712812921101985,33.99999999999952,3,1.4359356323441677E-6-3.435041802387482E-11i,0.007179678161721085-1.7175209011937997E-7i
32.952324587597644,32.97361778995297,3,1.4359356323441674E-6-3.435041802387482E-11i,0.007179678161721086-1.7175209011937995E-7i
35.17698362648679,32.91847341872963,3,1.4359356323441679E-6-3.435041802387482E-11i,0.007179678161721084-1.7175209011937995E-7i
36.12447498898122,31.222786822217245,3,1.4359356323441677E-6-3.435041802387482E-11i,0.007179678161721085-1.7175209011937997E-7i
34.10413821856575,31.185743846282833,3,1.4359356323441679E-6-3.435041802387482E-11i,0.007179678161721085-1.7175209011938E-7i
32.47644402859143,31.036952890143624,3,1.435935632344168E-6-3.435041802387482E-11i,0.0071796781617210845-1.7175209011938E-7i
30.985510149816122,31.936084862619126,3,1.4359356323441679E-6-3.435041802387482E-11i,0.007179678161721085-1.7175209011938E-7i
29.352538208869177,32.990579854737916,3,1.4359356323441677E-6-3.435041802387482E-11i,0.007179678161721085-1.7175209011937997E-7i
27.695878482202346,31.997362357919712,3,1.4359356323441679E-6-3.435041802387482E-11i,0.007179678161721085-1.7175209011938E-7i
33.57080151083078,28.6401888802528,2.500000000000006,1.4359356323441679E-6-3.435041802387482E-11i,0.007179678161721085-1.7175209011938E-7i
33.12406577863979,29.49525122234479,3,1.4359356323441679E-6-3.435041802387482E-11i,0.007179678161721085-1.7175209011938E-7i
34.054946153999055,27.746925241009905,3,1.4359356323441677E-6-3.435041802387482E-11i,0.007179678161721085-1.7175209011937997E-7i
35.05240009570694,29.496095707991316,3,1.4359356323441679E-6-3.435041802387482E-11i,0.0071796781617210845-1.7175209011937997E-7i
32.051794014587855,27.822483349353533,3,1.4359356323441679E-6-3.435041802387482E-11i,0.007179678161721085-1.7175209011938E-7i
39.99999999999999,17.320508075688906,3,1.4359356323441677E-6-3.435041802387482E-11i,0.007179678161721085-1.7175209011937997E-7i
41.0000000000001,15.588457268119967,3,1.4359356323441679E-6-3.435041802387482E-11i,0.007179678161721085-1.7175209011938E-7i
36.999999999999545,29.444863728670043,3,1.4359356323441677E-6-3.435041802387482E-11i,0.007179678161721085-1.7175209011937997E-7i
38.99999999999922,25.9807621135335,3,1.4359356323441677E-6-3.435041802387482E-11i,0.007179678161721085-1.7175209011937997E-7i
39.999999999999986,24.24871130596472,3,1.4359356323441677E-6-3.435041802387482E-11i,0.007179678161721085-1.7175209011937997E-7i
37.99999999999882,27.71281292110183,3,1.4359356323441674E-6-3.435041802387482E-11i,0.007179678161721086-1.7175209011937995E-7i
37.99999999999938,24.24871130596418,3,1.4359356323441674E-6-3.435041802387482E-11i,0.007179678161721086-1.7175209011937995E-7i
36.00000000000065,27.712812921101616,3,1.4359356323441679E-6-3.435041802387482E-11i,0.007179678161721084-1.7175209011937995E-7i
36.999999999999766,25.980762113532734,3,1.4359356323441679E-6-3.435041802387482E-11i,0.007179678161721085-1.7175209011938E-7i
35.00000000000061,25.98076211353326,3,1.4359356323441677E-6-3.435041802387482E-11i,0.007179678161721085-1.7175209011937997E-7i
36.00000000000032,24.24871130596408,3,1.4359356323441679E-6-3.435041802387482E-11i,0.007179678161721085-1.7175209011938E-7i
36.99999999999987,22.516660498395197,3,1.4359356323441679E-6-3.435041802387482E-11i,0.007179678161721085-1.7175209011938E-7i
43.99999999999975,24.248711305964036,3,1.4359356323441679E-6-3.435041802387482E-11i,0.0071796781617210845-1.7175209011937997E-7i
42.00000000000062,24.248711305964207,3,1.4359356323441679E-6-3.435041802387482E-11i,0.007179678161721084-1.7175209011937997E-7i
41.000000000000384,22.516660498395595,3,1.4359356323441679E-6-3.435041802387482E-11i,0.007179678161721085-1.7175209011938E-7i
42.00000000000031,20.7846096908265,3,1.4359356323441679E-6-3.435041802387482E-11i,0.007179678161721084-1.7175209011937997E-7i
39.999999999999986,20.784609690826755,3,1.4359356323441677E-6-3.435041802387482E-11i,0.007179678161721085-1.7175209011937997E-7i
38.99999999999959,22.516660498395595,3,1.4359356323441677E-6-3.435041802387482E-11i,0.007179678161721085-1.7175209011937997E-7i
38.99999999999977,19.05255888325776,3,1.4359356323441677E-6-3.435041802387482E-11i,0.007179678161721085-1.7175209011937997E-7i
37.99999999999967,20.784609690826485,3,1.4359356323441674E-6-3.435041802387482E-11i,0.007179678161721086-1.7175209011937995E-7i
44.99999999999992,15.58845726811991,3,1.4359356323441679E-6-3.435041802387482E-11i,0.007179678161721085-1.7175209011938E-7i
43.99999999999996,13.856406460551,3,1.4359356323441679E-6-3.435041802387482E-11i,0.007179678161721085-1.7175209011938E-7i
45.99999999999997,13.856406460551057,3,1.4359356323441679E-6-3.435041802387482E-11i,0.007179678161721085-1.7175209011938E-7i
44.99999999999996,12.12435565298216,3,1.4359356323441679E-6-3.435041802387482E-11i,0.007179678161721085-1.7175209011938E-7i
43.00000000000003,15.588457268119868,3,1.4359356323441679E-6-3.435041802387482E-11i,0.007179678161721084-1.7175209011937997E-7i
47.00000000000001,8.66025403784441,3,1.4359356323441679E-6-3.435041802387482E-11i,0.007179678161721084-1.7175209011937995E-7i
46.99999999999999,8.660254037844398,2.499999999999994,1.435935632344167E-6-3.435041802387482E-11i,0.007179678161721084-1.7175209011937992E-7i
49,8.660254037844396,3,1.4359356323441677E-6-3.435041802387482E-11i,0.007179678161721085-1.7175209011937997E-7i
48.00000000000001,6.928203230275528,3,1.4359356323441679E-6-3.435041802387482E-11i,0.007179678161721085-1.7175209011938E-7i
44.999999999999986,8.660254037844396,3,1.4359356323441674E-6-3.435041802387482E-11i,0.007179678161721086-1.7175209011937995E-7i
45.999999999999986,10.392304845413292,3,1.4359356323441679E-6-3.435041802387482E-11i,0.007179678161721085-1.7175209011938E-7i
45.999999999999986,6.928203230275528,3,1.4359356323441679E-6-3.435041802387482E-11i,0.007179678161721085-1.7175209011938E-7i
48.00000000000001,10.392304845413292,3,1.4359356323441674E-6-3.435041802387482E-11i,0.007179678161721086-1.7175209011937995E-7i
49,5.196152422706632,3,1.4359356323441677E-6-3.435041802387482E-11i,0.007179678161721085-1.7175209011937997E-7i
44,6.9282032302755,3,1.4359356323441679E-6-3.435041802387482E-11i,0.007179678161721084-1.7175209011937995E-7i
44.000000000000014,6.928203230275517,2.4999999999999827,1.435935632344167E-6-3.435041802387482E-11i,0.007179678161721084-1.7175209011937992E-7i
43.00000000000001,8.660254037844396,3,1.4359356323441677E-6-3.435041802387482E-11i,0.007179678161721085-1.7175209011937997E-7i
42.00000000000007,13.856406460551028,3,1.4359356323441679E-6-3.435041802387482E-11i,0.0071796781617210845-1.7175209011937997E-7i
40,13.8564064605511,3,1.4359356323441679E-6-3.435041802387482E-11i,0.007179678161721085-1.7175209011938E-7i
43.00000000000001,12.124355652982132,3,1.4359356323441679E-6-3.435041802387482E-11i,0.007179678161721084-1.7175209011937997E-7i
41.00000000000006,12.124355652982175,3,1.4359356323441679E-6-3.435041802387482E-11i,0.0071796781617210845-1.7175209011937997E-7i
43.99999999999998,10.392304845413264,3,1.4359356323441677E-6-3.435041802387482E-11i,0.007179678161721085-1.7175209011937997E-7i
47.00000000000001,12.124355652982175,3,1.4359356323441679E-6-3.435041802387482E-11i,0.007179678161721085-1.7175209011938E-7i
42.000000000000014,6.9282032302755,3,1.4359356323441679E-6-3.435041802387482E-11i,0.007179678161721085-1.7175209011938E-7i
44.99999999999999,5.196152422706632,3,1.4359356323441674E-6-3.435041802387482E-11i,0.007179678161721086-1.7175209011937995E-7i
43.00000000000001,5.196152422706632,3,1.4359356323441674E-6-3.435041802387482E-11i,0.007179678161721086-1.7175209011937995E-7i
47.00000000000001,5.1961524227066604,3,1.4359356323441679E-6-3.435041802387482E-11i,0.0071796781617210845-1.7175209011937997E-7i
48.00000000000001,3.464101615137764,3,1.4359356323441679E-6-3.435041802387482E-11i,0.0071796781617210845-1.7175209011937997E-7i
46,1.7320508075688916,2.4999999999999933,1.4359356323441679E-6-3.435041802387482E-11i,0.007179678161721085-1.7175209011938E-7i
45.00000000000001,1.732050807568882,3,1.4359356323441679E-6-3.435041802387482E-11i,0.007179678161721085-1.7175209011938E-7i
46,0,3,1.4359356323441679E-6-3.435041802387482E-11i,0.007179678161721084-1.7175209011937997E-7i
47,1.7320508075688963,3,1.4359356323441674E-6-3.435041802387482E-11i,0.007179678161721086-1.7175209011937995E-7i
46,3.464101615137764,3,1.4359356323441679E-6-3.435041802387482E-11i,0.007179678161721085-1.7175209011938E-7i
51,1.7320508075688963,3,1.4359356323441672E-6-3.435041802387482E-11i,0.007179678161721086-1.7175209011937992E-7i
49,1.732050807568882,3,1.4359356323441679E-6-3.435041802387482E-11i,0.007179678161721084-1.7175209011937997E-7i
54,0,3,1.4359356323441679E-6-3.435041802387482E-11i,0.007179678161721084-1.7175209011937995E-7i
52,0,2.9999999999999996,1.4359356323441679E-6-3.435041802387482E-11i,0.007179678161721084-1.7175209011937995E-7i
50,0,3,1.4359356323441679E-6-3.435041802387482E-11i,0.007179678161721084-1.7175209011937995E-7i
48.00000000000001,0,3.000000000000001,1.4359356323441679E-6-3.435041802387482E-11i,0.007179678161721084-1.7175209011937997E-7i
9.526279441628846,37.50000000000001,2.4999999999999853,1.4359356323441679E-6-3.435041802387482E-11i,0.007179678161721085-1.7175209011938E-7i
8.660254037844396,36.999999999999986,3,1.4359356323441679E-6-3.435041802387482E-11i,0.0071796781617210845-1.7175209011937997E-7i
10.392304845413278,38.00000000000001,3,1.4359356323441679E-6-3.435041802387482E-11i,0.007179678161721084-1.7175209011937997E-7i
8.660254037844396,39.000000000000014,3,1.4359356323441677E-6-3.435041802387482E-11i,0.007179678161721085-1.7175209011937997E-7i
4.330127018922215,38.500000000000014,2.5000000000000013,1.4359356323441679E-6-3.435041802387482E-11i,0.007179678161721085-1.7175209011938E-7i
3.464101615137764,38,3,1.4359356323441679E-6-3.435041802387482E-11i,0.007179678161721084-1.7175209011937997E-7i
5.196152422706632,37,3,1.4359356323441677E-6-3.435041802387482E-11i,0.007179678161721085-1.7175209011937997E-7i
5.196152422706632,39,3,1.4359356323441679E-6-3.435041802387482E-11i,0.0071796781617210845-1.7175209011937997E-7i
3.464101615137764,40.00000000000001,3,1.4359356323441672E-6-3.435041802387482E-11i,0.007179678161721085-1.7175209011937992E-7i
6.9282032302755,46.00000000000001,3,1.4359356323441679E-6-3.435041802387482E-11i,0.007179678161721084-1.7175209011937995E-7i
6.9282032302755,44.00000000000001,3,1.4359356323441679E-6-3.435041802387482E-11i,0.007179678161721085-1.7175209011938E-7i
5.196152422706632,45.000000000000014,3,1.4359356323441677E-6-3.435041802387482E-11i,0.007179678161721085-1.7175209011937997E-7i
5.196152422706632,42.999999999999986,3,1.4359356323441679E-6-3.435041802387482E-11i,0.007179678161721085-1.7175209011938E-7i
6.9282032302755,42,3,1.4359356323441677E-6-3.435041802387482E-11i,0.007179678161721085-1.7175209011937997E-7i
5.196152422706632,41.00000000000001,3,1.4359356323441679E-6-3.435041802387482E-11i,0.007179678161721085-1.7175209011938E-7i
3.464101615137764,44,3,1.4359356323441679E-6-3.435041802387482E-11i,0.0071796781617210845-1.7175209011937997E-7i
3.46410161513775,41.99999999999999,3,1.4359356323441679E-6-3.435041802387482E-11i,0.0071796781617210845-1.7175209011937997E-7i
0,46,3,1.4359356323441679E-6-3.435041802387482E-11i,0.007179678161721084-1.7175209011937995E-7i
1.732050807568882,45,3,1.4359356323441679E-6-3.435041802387482E-11i,0.007179678161721085-1.7175209011938E-7i
1.732050807568882,43,3,1.4359356323441679E-6-3.435041802387482E-11i,0.007179678161721085-1.7175209011938E-7i
0,44,3.0000000000000004,1.4359356323441679E-6-3.435041802387482E-11i,0.007179678161721084-1.7175209011937995E-7i
1.7320508075688679,41,3,1.4359356323441679E-6-3.435041802387482E-11i,0.007179678161721085-1.7175209011938E-7i
0,42,3,1.4359356323441679E-6-3.435041802387482E-11i,0.007179678161721084-1.7175209011937995E-7i
0,40,3,1.4359356323441679E-6-3.435041802387482E-11i,0.007179678161721084-1.7175209011937997E-7i
20.78460969082657,35.999999999999986,3,1.4359356323441679E-6-3.435041802387482E-11i,0.007179678161721084-1.7175209011937997E-7i
20.784609690826514,33.999999999999886,3,1.4359356323441679E-6-3.435041802387482E-11i,0.007179678161721085-1.7175209011938E-7i
19.052558883257674,34.99999999999994,3,1.4359356323441679E-6-3.435041802387482E-11i,0.007179678161721085-1.7175209011938E-7i
20.784609690826557,38.00000000000009,3,1.4359356323441679E-6-3.435041802387482E-11i,0.0071796781617210845-1.7175209011937997E-7i
10.392304845413278,36,3,1.4359356323441679E-6-3.435041802387482E-11i,0.007179678161721085-1.7175209011938E-7i
12.124355652982146,39.00000000000003,3,1.4359356323441674E-6-3.435041802387482E-11i,0.007179678161721086-1.7175209011937995E-7i
10.392304845413264,40.000000000000014,3,1.4359356323441677E-6-3.435041802387482E-11i,0.007179678161721085-1.7175209011937997E-7i
8.660254037844396,41,3,1.4359356323441677E-6-3.435041802387482E-11i,0.007179678161721085-1.7175209011937997E-7i
6.9282032302755,40.00000000000001,3,1.4359356323441672E-6-3.435041802387482E-11i,0.007179678161721086-1.7175209011937992E-7i
6.928203230275528,38,3,1.4359356323441677E-6-3.435041802387482E-11i,0.007179678161721085-1.7175209011937997E-7i
15.58845726811991,37.00000000000001,3,1.4359356323441677E-6-3.435041802387482E-11i,0.007179678161721085-1.7175209011937997E-7i
13.856406460551028,38.000000000000014,3,1.4359356323441677E-6-3.435041802387482E-11i,0.007179678161721085-1.7175209011937997E-7i
12.12435565298216,37,3,1.4359356323441679E-6-3.435041802387482E-11i,0.007179678161721084-1.7175209011937997E-7i
17.320508075688792,38.00000000000004,3,1.4359356323441679E-6-3.435041802387482E-11i,0.0071796781617210845-1.7175209011937997E-7i
19.052558883257674,37.000000000000036,3,1.4359356323441679E-6-3.435041802387482E-11i,0.007179678161721084-1.7175209011937997E-7i
13.856406460550994,32.999999999999964,2.499999999999992,1.4359356323441679E-6-3.435041802387482E-11i,0.007179678161721085-1.7175209011938E-7i
13.856406460551,31.999999999999986,3,1.4359356323441679E-6-3.435041802387482E-11i,0.007179678161721085-1.7175209011938E-7i
15.588457268119882,32.99999999999994,3,1.4359356323441672E-6-3.435041802387482E-11i,0.007179678161721086-1.7175209011937992E-7i
13.856406460551028,33.99999999999996,3,1.4359356323441677E-6-3.435041802387482E-11i,0.007179678161721085-1.7175209011937997E-7i
12.124355652982132,32.99999999999997,3,1.4359356323441674E-6-3.435041802387482E-11i,0.007179678161721086-1.7175209011937995E-7i
17.320508075688736,32,3,1.4359356323441677E-6-3.435041802387482E-11i,0.007179678161721085-1.7175209011937997E-7i
15.588457268119882,31.00000000000003,3,1.4359356323441679E-6-3.435041802387482E-11i,0.007179678161721085-1.7175209011938E-7i
23.372542349501416,28.516260093060755,2.499999999999984,1.4359356323441679E-6-3.435041802387482E-11i,0.007179678161721085-1.7175209011938E-7i
22.51666049839548,28.999999999999986,3,1.4359356323441679E-6-3.435041802387482E-11i,0.0071796781617210845-1.7175209011937997E-7i
22.52062852907673,27.030769972474104,3,1.4359356323441679E-6-3.435041802387482E-11i,0.007179678161721084-1.7175209011937997E-7i
24.226414346530845,28.03369346344961,3,1.4359356323441679E-6-3.435041802387482E-11i,0.0071796781617210845-1.7175209011937997E-7i
24.248711305964335,30.000000000000185,3,1.4359356323441679E-6-3.435041802387482E-11i,0.007179678161721085-1.7175209011938E-7i
22.51666049839531,32.99999999999987,3,1.4359356323441677E-6-3.435041802387482E-11i,0.007179678161721085-1.7175209011937997E-7i
20.78460969082643,32.000000000000014,3,1.4359356323441677E-6-3.435041802387482E-11i,0.007179678161721085-1.7175209011937997E-7i
19.052558883257603,32.99999999999993,3,1.4359356323441674E-6-3.435041802387482E-11i,0.007179678161721086-1.7175209011937995E-7i
22.51666049839534,31.000000000000156,3,1.4359356323441674E-6-3.435041802387482E-11i,0.007179678161721086-1.7175209011937995E-7i
24.24871130596412,32.00000000000004,3,1.4359356323441677E-6-3.435041802387482E-11i,0.007179678161721085-1.7175209011937997E-7i
25.933700879651283,30.951975383518942,3,1.4359356323441679E-6-3.435041802387482E-11i,0.007179678161721085-1.7175209011938E-7i
25.988525771915306,28.980973378062075,3,1.4359356323441677E-6-3.435041802387482E-11i,0.007179678161721085-1.7175209011937997E-7i
25.484624161869093,25.406543084542875,3,1.4359356323441679E-6-3.435041802387482E-11i,0.0071796781617210845-1.7175209011937995E-7i
25.450559681483387,25.358427391114283,2.4999999999999987,1.4359356323441672E-6-3.435041802387482E-11i,0.007179678161721085-1.7175209011937992E-7i
25.711856690583147,27.0147095630752,3,1.4359356323441677E-6-3.435041802387482E-11i,0.007179678161721085-1.7175209011937997E-7i
27.081980204260063,25.65412662269165,3,1.4359356323441672E-6-3.435041802387482E-11i,0.007179678161721086-1.7175209011937992E-7i
24.052185744676166,26.0729286159783,3,1.4359356323441679E-6-3.435041802387482E-11i,0.007179678161721085-1.7175209011938E-7i
26.20231418335257,23.961106150246366,3,1.4359356323441679E-6-3.435041802387482E-11i,0.007179678161721085-1.7175209011938E-7i
29.326612748804934,31.015943802102512,3,1.4359356323441679E-6-3.435041802387482E-11i,0.0071796781617210845-1.7175209011937997E-7i
31.002540336070894,29.726433396245994,3,1.4359356323441674E-6-3.435041802387482E-11i,0.007179678161721086-1.7175209011937995E-7i
29.178617033650042,29.311169802153927,3,1.4359356323441679E-6-3.435041802387482E-11i,0.007179678161721084-1.7175209011937997E-7i
30.08593069907424,27.752096989284396,3,1.4359356323441674E-6-3.435041802387482E-11i,0.007179678161721086-1.7175209011937995E-7i
27.58791106432163,29.96561964050727,3,1.4359356323441679E-6-3.435041802387482E-11i,0.007179678161721085-1.7175209011938E-7i
32.99999999999959,25.980762113533444,3,1.4359356323441677E-6-3.435041802387482E-11i,0.007179678161721085-1.7175209011937997E-7i
31.06386069218985,25.986479792534737,3,1.4359356323441679E-6-3.435041802387482E-11i,0.0071796781617210845-1.7175209011937997E-7i
29.118083863154567,25.978419945474954,3,1.4359356323441679E-6-3.435041802387482E-11i,0.0071796781617210845-1.7175209011937997E-7i
27.868350840816646,27.82565534320102,3,1.4359356323441672E-6-3.435041802387482E-11i,0.007179678161721086-1.7175209011937992E-7i
38.99999999999987,15.588457268119967,3,1.4359356323441672E-6-3.435041802387482E-11i,0.007179678161721086-1.7175209011937992E-7i
37.999999999999815,17.320508075688764,3,1.4359356323441674E-6-3.435041802387482E-11i,0.007179678161721086-1.7175209011937995E-7i
32.999999999999986,17.320508075688828,2.5000000000000075,1.4359356323441679E-6-3.435041802387482E-11i,0.007179678161721085-1.7175209011938E-7i
31.999999999999886,17.320508075688764,3,1.4359356323441677E-6-3.435041802387482E-11i,0.007179678161721085-1.7175209011937997E-7i
34.000000000000014,17.32050807568885,3,1.4359356323441679E-6-3.435041802387482E-11i,0.007179678161721084-1.7175209011937997E-7i
32.999999999999886,19.052558883257717,3,1.4359356323441679E-6-3.435041802387482E-11i,0.007179678161721085-1.7175209011938E-7i
32.99999999999994,15.588457268119924,3,1.4359356323441679E-6-3.435041802387482E-11i,0.007179678161721085-1.7175209011938E-7i
31.99999999999956,24.248711305964264,3,1.4359356323441679E-6-3.435041802387482E-11i,0.0071796781617210845-1.7175209011937997E-7i
30.000000000000114,24.248711305964065,3,1.4359356323441679E-6-3.435041802387482E-11i,0.0071796781617210845-1.7175209011937997E-7i
34.000000000000114,24.248711305964548,3,1.4359356323441679E-6-3.435041802387482E-11i,0.007179678161721085-1.7175209011938E-7i
35.000000000000284,22.516660498395453,3,1.4359356323441679E-6-3.435041802387482E-11i,0.007179678161721085-1.7175209011938E-7i
32.99999999999977,22.516660498395552,3,1.4359356323441679E-6-3.435041802387482E-11i,0.007179678161721084-1.7175209011937997E-7i
34.00000000000004,20.784609690826656,3,1.4359356323441677E-6-3.435041802387482E-11i,0.007179678161721085-1.7175209011937997E-7i
30.999999999999844,22.516660498395254,3,1.4359356323441679E-6-3.435041802387482E-11i,0.0071796781617210845-1.7175209011937997E-7i
36.000000000000156,20.78460969082643,3,1.4359356323441679E-6-3.435041802387482E-11i,0.007179678161721085-1.7175209011938E-7i
36.99999999999993,19.052558883257547,3,1.4359356323441679E-6-3.435041802387482E-11i,0.007179678161721085-1.7175209011938E-7i
28.10689112162204,24.18118460429511,3,1.4359356323441679E-6-3.435041802387482E-11i,0.007179678161721085-1.7175209011938E-7i
29.000000000000227,22.51666049839534,3,1.4359356323441679E-6-3.435041802387482E-11i,0.0071796781617210845-1.7175209011937997E-7i
30.000000000000057,20.784609690826414,3,1.4359356323441677E-6-3.435041802387482E-11i,0.007179678161721085-1.7175209011937997E-7i
28.000000000000142,20.784609690826557,3,1.4359356323441677E-6-3.435041802387482E-11i,0.007179678161721085-1.7175209011937997E-7i
27.164930688459094,22.46641660296777,3,1.4359356323441679E-6-3.435041802387482E-11i,0.007179678161721085-1.7175209011938E-7i
31.999999999999773,20.784609690826514,3,1.4359356323441679E-6-3.435041802387482E-11i,0.0071796781617210845-1.7175209011937997E-7i
35.00000000000014,19.05255888325769,3,1.4359356323441679E-6-3.435041802387482E-11i,0.007179678161721084-1.7175209011937997E-7i
36.000000000000064,17.320508075688736,3,1.4359356323441679E-6-3.435041802387482E-11i,0.0071796781617210845-1.7175209011937997E-7i
36.99999999999996,15.58845726811984,3,1.4359356323441679E-6-3.435041802387482E-11i,0.007179678161721085-1.7175209011938E-7i
35.00000000000007,15.588457268119924,3,1.4359356323441674E-6-3.435041802387482E-11i,0.007179678161721086-1.7175209011937995E-7i
36.99999999999997,12.124355652982118,3,1.4359356323441679E-6-3.435041802387482E-11i,0.007179678161721084-1.7175209011937997E-7i
38.99999999999993,12.124355652982189,3,1.4359356323441677E-6-3.435041802387482E-11i,0.007179678161721085-1.7175209011937997E-7i
37.99999999999994,10.392304845413264,3,1.4359356323441677E-6-3.435041802387482E-11i,0.007179678161721085-1.7175209011937997E-7i
35.00000000000003,12.12435565298216,3,1.4359356323441677E-6-3.435041802387482E-11i,0.007179678161721085-1.7175209011937997E-7i
36.00000000000003,13.856406460551,3,1.4359356323441679E-6-3.435041802387482E-11i,0.007179678161721085-1.7175209011938E-7i
37.9999999999999,13.856406460551014,3,1.4359356323441677E-6-3.435041802387482E-11i,0.007179678161721085-1.7175209011937997E-7i
40,10.392304845413292,3,1.4359356323441677E-6-3.435041802387482E-11i,0.007179678161721085-1.7175209011937997E-7i
42.000000000000036,10.392304845413264,3,1.4359356323441679E-6-3.435041802387482E-11i,0.007179678161721084-1.7175209011937997E-7i
41.00000000000003,8.660254037844396,3,1.4359356323441679E-6-3.435041802387482E-11i,0.0071796781617210845-1.7175209011937997E-7i
38.99999999999996,8.660254037844396,3,1.4359356323441674E-6-3.435041802387482E-11i,0.007179678161721086-1.7175209011937995E-7i
36.99999999999997,8.660254037844368,3,1.4359356323441679E-6-3.435041802387482E-11i,0.007179678161721085-1.7175209011938E-7i
39.499999999999964,6.0621778264910455,2.4999999999999822,1.4359356323441679E-6-3.435041802387482E-11i,0.007179678161721085-1.7175209011938E-7i
38.999999999999986,5.196152422706632,3,1.4359356323441674E-6-3.435041802387482E-11i,0.007179678161721086-1.7175209011937995E-7i
41.000000000000014,5.196152422706632,3,1.4359356323441679E-6-3.435041802387482E-11i,0.007179678161721084-1.7175209011937997E-7i
40,6.928203230275528,3,1.4359356323441679E-6-3.435041802387482E-11i,0.007179678161721085-1.7175209011938E-7i
37.99999999999997,6.9282032302755,3,1.4359356323441677E-6-3.435041802387482E-11i,0.007179678161721085-1.7175209011937997E-7i
37.99999999999999,0.6928203230275434,2.500000000000002,1.4359356323441674E-6-3.435041802387482E-11i,0.007179678161721086-1.7175209011937995E-7i
37.99999999999999,0,3,1.4359356323441679E-6-3.435041802387482E-11i,0.007179678161721084-1.7175209011937995E-7i
40,0,3,1.4359356323441679E-6-3.435041802387482E-11i,0.007179678161721084-1.7175209011937995E-7i
39,1.7320508075688963,3,1.4359356323441677E-6-3.435041802387482E-11i,0.007179678161721085-1.7175209011937997E-7i
42.00000000000001,3.464101615137764,3,1.4359356323441679E-6-3.435041802387482E-11i,0.007179678161721085-1.7175209011938E-7i
40,3.464101615137764,3,1.4359356323441679E-6-3.435041802387482E-11i,0.0071796781617210845-1.7175209011937997E-7i
44,3.464101615137764,3,1.4359356323441679E-6-3.435041802387482E-11i,0.0071796781617210845-1.7175209011937997E-7i
43,1.732050807568882,3,1.4359356323441677E-6-3.435041802387482E-11i,0.007179678161721085-1.7175209011937997E-7i
41,1.7320508075688963,3,1.4359356323441674E-6-3.435041802387482E-11i,0.007179678161721086-1.7175209011937995E-7i
42,0,3.0000000000000004,1.4359356323441679E-6-3.435041802387482E-11i,0.007179678161721084-1.7175209011937995E-7i
44.00000000000001,0,3.000000000000001,1.4359356323441679E-6-3.435041802387482E-11i,0.007179678161721084-1.7175209011937995E-7i
35.5,6.062177826491068,2.4999999999999853,1.4359356323441679E-6-3.435041802387482E-11i,0.007179678161721085-1.7175209011938E-7i
35,5.196152422706632,3,1.4359356323441674E-6-3.435041802387482E-11i,0.007179678161721086-1.7175209011937995E-7i
36.999999999999986,5.196152422706632,3,1.4359356323441679E-6-3.435041802387482E-11i,0.007179678161721085-1.7175209011938E-7i
35.999999999999986,6.9282032302755,3,1.4359356323441674E-6-3.435041802387482E-11i,0.007179678161721086-1.7175209011937995E-7i
37,1.732050807568882,3,1.4359356323441679E-6-3.435041802387482E-11i,0.007179678161721085-1.7175209011938E-7i
36,0,3.0000000000000004,1.4359356323441679E-6-3.435041802387482E-11i,0.0071796781617210845-1.7175209011937997E-7i
8.660254037844396,29,3,1.4359356323441679E-6-3.435041802387482E-11i,0.007179678161721084-1.7175209011937995E-7i
8.66025403784438,29,2.499999999999985,1.435935632344167E-6-3.435041802387482E-11i,0.007179678161721084-1.7175209011937992E-7i
10.392304845413264,30.000000000000014,3,1.4359356323441679E-6-3.435041802387482E-11i,0.007179678161721085-1.7175209011938E-7i
10.392304845413264,27.99999999999997,3,1.4359356323441679E-6-3.435041802387482E-11i,0.0071796781617210845-1.7175209011937997E-7i
6.9282032302755,30.000000000000014,3,1.4359356323441679E-6-3.435041802387482E-11i,0.007179678161721085-1.7175209011938E-7i
8.660254037844368,31,3,1.4359356323441677E-6-3.435041802387482E-11i,0.007179678161721085-1.7175209011937997E-7i
8.660254037844368,27,3,1.4359356323441679E-6-3.435041802387482E-11i,0.0071796781617210845-1.7175209011937997E-7i
6.9282032302755,27.999999999999986,3,1.4359356323441679E-6-3.435041802387482E-11i,0.007179678161721085-1.7175209011938E-7i
6.9282032302755,36,3,1.4359356323441679E-6-3.435041802387482E-11i,0.007179678161721085-1.7175209011938E-7i
8.660254037844396,35,3,1.4359356323441677E-6-3.435041802387482E-11i,0.007179678161721085-1.7175209011937997E-7i
12.12435565298216,34.999999999999986,3,1.4359356323441672E-6-3.435041802387482E-11i,0.007179678161721086-1.7175209011937992E-7i
10.392304845413278,33.999999999999986,3,1.4359356323441677E-6-3.435041802387482E-11i,0.007179678161721085-1.7175209011937997E-7i
8.660254037844396,32.999999999999986,3,1.4359356323441677E-6-3.435041802387482E-11i,0.007179678161721085-1.7175209011937997E-7i
6.0621778264910455,31.499999999999975,2.4999999999999845,1.4359356323441679E-6-3.435041802387482E-11i,0.007179678161721085-1.7175209011938E-7i
5.196152422706632,31,3,1.4359356323441677E-6-3.435041802387482E-11i,0.007179678161721085-1.7175209011937997E-7i
6.9282032302755,32,3,1.4359356323441672E-6-3.435041802387482E-11i,0.007179678161721086-1.7175209011937992E-7i
5.196152422706632,33,3,1.4359356323441674E-6-3.435041802387482E-11i,0.007179678161721086-1.7175209011937995E-7i
1.732050807568882,33,3,1.4359356323441679E-6-3.435041802387482E-11i,0.007179678161721084-1.7175209011937995E-7i
1.732050807568875,33.00000000000001,2.500000000000004,1.435935632344167E-6-3.435041802387482E-11i,0.007179678161721084-1.7175209011937992E-7i
0,34,2.9999999999999996,1.4359356323441679E-6-3.435041802387482E-11i,0.007179678161721084-1.7175209011937997E-7i
1.732050807568882,35,3,1.4359356323441674E-6-3.435041802387482E-11i,0.007179678161721086-1.7175209011937995E-7i
3.46410161513775,34,3,1.4359356323441674E-6-3.435041802387482E-11i,0.007179678161721086-1.7175209011937995E-7i
3.46410161513775,32,3,1.4359356323441677E-6-3.435041802387482E-11i,0.007179678161721085-1.7175209011937997E-7i
0,32.00000000000001,3.000000000000001,1.4359356323441679E-6-3.435041802387482E-11i,0.007179678161721084-1.7175209011937995E-7i
6.9282032302755,33.999999999999986,3,1.4359356323441679E-6-3.435041802387482E-11i,0.0071796781617210845-1.7175209011937997E-7i
5.196152422706632,35,3,1.4359356323441679E-6-3.435041802387482E-11i,0.007179678161721085-1.7175209011938E-7i
1.732050807568882,39,3,1.4359356323441679E-6-3.435041802387482E-11i,0.007179678161721085-1.7175209011938E-7i
3.46410161513775,36.000000000000014,3,1.4359356323441679E-6-3.435041802387482E-11i,0.007179678161721084-1.7175209011937997E-7i
1.7320508075688679,37.00000000000001,3,1.4359356323441679E-6-3.435041802387482E-11i,0.0071796781617210845-1.7175209011937997E-7i
0,36.00000000000001,3.000000000000001,1.4359356323441679E-6-3.435041802387482E-11i,0.007179678161721084-1.7175209011937995E-7i
0,38.00000000000001,3.0000000000000004,1.4359356323441679E-6-3.435041802387482E-11i,0.007179678161721084-1.7175209011937997E-7i
10.39230484541325,31.999999999999986,3,1.4359356323441679E-6-3.435041802387482E-11i,0.0071796781617210845-1.7175209011937997E-7i
12.124355652982132,31.000000000000014,3,1.4359356323441677E-6-3.435041802387482E-11i,0.007179678161721085-1.7175209011937997E-7i
17.320508075688792,36,3,1.4359356323441679E-6-3.435041802387482E-11i,0.007179678161721084-1.7175209011937995E-7i
17.320508075688778,33.99999999999993,3,1.4359356323441679E-6-3.435041802387482E-11i,0.0071796781617210845-1.7175209011937997E-7i
15.588457268119924,34.99999999999997,3,1.4359356323441677E-6-3.435041802387482E-11i,0.007179678161721085-1.7175209011937997E-7i
13.856406460551028,36,3,1.4359356323441679E-6-3.435041802387482E-11i,0.007179678161721084-1.7175209011937997E-7i
19.052558883257618,31.00000000000007,3,1.4359356323441679E-6-3.435041802387482E-11i,0.007179678161721085-1.7175209011938E-7i
12.12435565298216,29,3,1.4359356323441679E-6-3.435041802387482E-11i,0.007179678161721085-1.7175209011938E-7i
13.856406460551028,30.00000000000003,3,1.4359356323441677E-6-3.435041802387482E-11i,0.007179678161721085-1.7175209011937997E-7i
20.784609690826557,30.0000000000001,3,1.4359356323441679E-6-3.435041802387482E-11i,0.007179678161721085-1.7175209011938E-7i
24.170397100601207,24.04115031190986,3,1.4359356323441674E-6-3.435041802387482E-11i,0.007179678161721086-1.7175209011937995E-7i
20.784609690826542,27.999999999999886,3,1.4359356323441677E-6-3.435041802387482E-11i,0.007179678161721085-1.7175209011937997E-7i
19.873191871529333,24.527757502797282,2.4999419701335532,1.4359356323441679E-6-3.435041802387482E-11i,0.007179678161721085-1.7175209011938E-7i
19.052558883257603,25.000000000000085,3,1.4359356323441679E-6-3.435041802387482E-11i,0.007179678161721084-1.7175209011937997E-7i
19.026357224837355,23.03107737359086,3,1.4359356323441674E-6-3.435041802387482E-11i,0.007179678161721086-1.7175209011937995E-7i
20.709260963485917,24.047700014848886,3,1.4359356323441677E-6-3.435041802387482E-11i,0.007179678161721085-1.7175209011937997E-7i
20.784609690826443,26,3,1.4359356323441674E-6-3.435041802387482E-11i,0.007179678161721086-1.7175209011937995E-7i
15.588457268119924,29,3,1.4359356323441679E-6-3.435041802387482E-11i,0.0071796781617210845-1.7175209011937997E-7i
17.320508075688792,30.000000000000057,3,1.4359356323441677E-6-3.435041802387482E-11i,0.007179678161721085-1.7175209011937997E-7i
17.320508075688778,27.999999999999943,3,1.4359356323441679E-6-3.435041802387482E-11i,0.0071796781617210845-1.7175209011937997E-7i
19.05255888325769,28.999999999999986,3,1.4359356323441679E-6-3.435041802387482E-11i,0.0071796781617210845-1.7175209011937997E-7i
22.430863125303915,25.08905975228592,3,1.4359356323441674E-6-3.435041802387482E-11i,0.007179678161721086-1.7175209011937995E-7i
26.11272915301484,20.77713149857182,3,1.4359356323441679E-6-3.435041802387482E-11i,0.007179678161721085-1.7175209011938E-7i
25.183893837428755,22.317455229874213,3,1.4359356323441677E-6-3.435041802387482E-11i,0.007179678161721085-1.7175209011937997E-7i
27.00000000000003,19.05255888325769,3,1.4359356323441679E-6-3.435041802387482E-11i,0.007179678161721085-1.7175209011938E-7i
24.21522120432654,20.73199316054135,3,1.4359356323441672E-6-3.435041802387482E-11i,0.007179678161721086-1.7175209011937992E-7i
29.000000000000128,19.052558883257618,3,1.4359356323441674E-6-3.435041802387482E-11i,0.007179678161721086-1.7175209011937995E-7i
34,6.9282032302755,3,1.4359356323441679E-6-3.435041802387482E-11i,0.007179678161721085-1.7175209011938E-7i
31.499999999999993,11.258330249197687,2.5000000000000058,1.4359356323441679E-6-3.435041802387482E-11i,0.007179678161721085-1.7175209011938E-7i
31.99999999999997,10.392304845413264,3,1.4359356323441677E-6-3.435041802387482E-11i,0.007179678161721085-1.7175209011937997E-7i
32.99999999999997,12.12435565298216,3,1.4359356323441679E-6-3.435041802387482E-11i,0.007179678161721085-1.7175209011938E-7i
30.999999999999986,12.124355652982132,3,1.4359356323441672E-6-3.435041802387482E-11i,0.007179678161721086-1.7175209011937992E-7i
30.000000000000014,10.392304845413264,3,1.4359356323441679E-6-3.435041802387482E-11i,0.0071796781617210845-1.7175209011937997E-7i
30.99999999999993,19.052558883257575,3,1.4359356323441679E-6-3.435041802387482E-11i,0.0071796781617210845-1.7175209011937997E-7i
34,13.856406460551057,3,1.4359356323441677E-6-3.435041802387482E-11i,0.007179678161721085-1.7175209011937997E-7i
30.99999999999997,15.588457268119868,3,1.4359356323441679E-6-3.435041802387482E-11i,0.0071796781617210845-1.7175209011937997E-7i
31.999999999999943,13.856406460551,3,1.4359356323441679E-6-3.435041802387482E-11i,0.007179678161721084-1.7175209011937997E-7i
30.000000000000014,13.856406460551,3,1.4359356323441679E-6-3.435041802387482E-11i,0.007179678161721085-1.7175209011938E-7i
30.000000000000043,17.320508075688707,3,1.4359356323441679E-6-3.435041802387482E-11i,0.007179678161721085-1.7175209011938E-7i
28.000000000000085,17.320508075688792,3,1.4359356323441679E-6-3.435041802387482E-11i,0.007179678161721085-1.7175209011938E-7i
29.00000000000007,15.588457268119882,3,1.4359356323441679E-6-3.435041802387482E-11i,0.007179678161721085-1.7175209011938E-7i
28.000000000000043,13.856406460551028,3,1.4359356323441677E-6-3.435041802387482E-11i,0.007179678161721085-1.7175209011937997E-7i
27.000000000000014,15.588457268119924,3,1.4359356323441674E-6-3.435041802387482E-11i,0.007179678161721086-1.7175209011937995E-7i
29.00000000000003,12.124355652982132,3,1.4359356323441679E-6-3.435041802387482E-11i,0.007179678161721085-1.7175209011938E-7i
27.00000000000003,12.12435565298216,3,1.4359356323441679E-6-3.435041802387482E-11i,0.007179678161721085-1.7175209011938E-7i
25.500000000000007,12.990381056766612,2.500000000000002,1.4359356323441679E-6-3.435041802387482E-11i,0.007179678161721085-1.7175209011938E-7i
25,12.124355652982132,3,1.4359356323441677E-6-3.435041802387482E-11i,0.007179678161721085-1.7175209011937997E-7i
26,13.856406460551028,3,1.4359356323441679E-6-3.435041802387482E-11i,0.007179678161721085-1.7175209011938E-7i
24.000000000000014,13.856406460551014,3,1.4359356323441677E-6-3.435041802387482E-11i,0.007179678161721085-1.7175209011937997E-7i
31.000000000000004,6.928203230275489,2.4999999999999996,1.4359356323441679E-6-3.435041802387482E-11i,0.007179678161721085-1.7175209011938E-7i
30.000000000000014,6.9282032302755,3,1.4359356323441679E-6-3.435041802387482E-11i,0.007179678161721085-1.7175209011938E-7i
32,6.9282032302755,3,1.4359356323441679E-6-3.435041802387482E-11i,0.007179678161721085-1.7175209011938E-7i
31,8.660254037844368,3,1.4359356323441679E-6-3.435041802387482E-11i,0.0071796781617210845-1.7175209011937997E-7i
34,10.392304845413278,3,1.4359356323441679E-6-3.435041802387482E-11i,0.0071796781617210845-1.7175209011937997E-7i
36.000000000000014,10.392304845413264,3,1.4359356323441679E-6-3.435041802387482E-11i,0.007179678161721084-1.7175209011937997E-7i
35,8.660254037844396,3,1.4359356323441677E-6-3.435041802387482E-11i,0.007179678161721085-1.7175209011937997E-7i
31,5.196152422706618,3,1.4359356323441672E-6-3.435041802387482E-11i,0.007179678161721085-1.7175209011937992E-7i
33,1.732050807568882,3,1.4359356323441679E-6-3.435041802387482E-11i,0.007179678161721084-1.7175209011937995E-7i
33.000000000000014,1.7320508075688805,2.500000000000002,1.435935632344167E-6-3.435041802387482E-11i,0.007179678161721084-1.7175209011937992E-7i
32,3.46410161513775,3,1.4359356323441679E-6-3.435041802387482E-11i,0.007179678161721085-1.7175209011938E-7i
34,3.46410161513775,3,1.4359356323441679E-6-3.435041802387482E-11i,0.0071796781617210845-1.7175209011937997E-7i
35,1.7320508075688679,3,1.4359356323441679E-6-3.435041802387482E-11i,0.0071796781617210845-1.7175209011937997E-7i
34,0,3,1.4359356323441679E-6-3.435041802387482E-11i,0.007179678161721084-1.7175209011937997E-7i
32,0,2.9999999999999996,1.4359356323441679E-6-3.435041802387482E-11i,0.007179678161721084-1.7175209011937997E-7i
37.999999999999986,3.464101615137764,3,1.4359356323441672E-6-3.435041802387482E-11i,0.007179678161721086-1.7175209011937992E-7i
35.999999999999986,3.46410161513775,3,1.4359356323441674E-6-3.435041802387482E-11i,0.007179678161721086-1.7175209011937995E-7i
33,5.196152422706632,3,1.4359356323441679E-6-3.435041802387482E-11i,0.0071796781617210845-1.7175209011937997E-7i
12.124355652982132,26.999999999999986,3,1.4359356323441679E-6-3.435041802387482E-11i,0.0071796781617210845-1.7175209011937997E-7i
10.392304845413264,26.000000000000014,3,1.4359356323441677E-6-3.435041802387482E-11i,0.007179678161721085-1.7175209011937997E-7i
8.660254037844368,25.000000000000014,3,1.4359356323441677E-6-3.435041802387482E-11i,0.007179678161721085-1.7175209011937997E-7i
6.9282032302755,26,3,1.4359356323441674E-6-3.435041802387482E-11i,0.007179678161721086-1.7175209011937995E-7i
5.196152422706632,29,3,1.4359356323441677E-6-3.435041802387482E-11i,0.007179678161721085-1.7175209011937997E-7i
1.7320508075688679,31,3,1.4359356323441679E-6-3.435041802387482E-11i,0.007179678161721085-1.7175209011938E-7i
0.69282032302756,28,2.499999999999992,1.4359356323441677E-6-3.435041802387482E-11i,0.007179678161721085-1.7175209011937997E-7i
0,28,2.9999999999999996,1.4359356323441679E-6-3.435041802387482E-11i,0.007179678161721084-1.7175209011937995E-7i
1.732050807568882,29,3,1.4359356323441679E-6-3.435041802387482E-11i,0.007179678161721085-1.7175209011938E-7i
0,30,3,1.4359356323441679E-6-3.435041802387482E-11i,0.0071796781617210845-1.7175209011937997E-7i
1.7320508075688679,27,3,1.4359356323441679E-6-3.435041802387482E-11i,0.0071796781617210845-1.7175209011937997E-7i
0,26,3,1.4359356323441679E-6-3.435041802387482E-11i,0.0071796781617210845-1.7175209011937997E-7i
5.196152422706618,27,3,1.4359356323441679E-6-3.435041802387482E-11i,0.007179678161721085-1.7175209011938E-7i
3.46410161513775,30,3,1.4359356323441677E-6-3.435041802387482E-11i,0.007179678161721085-1.7175209011937997E-7i
13.856406460551028,27.99999999999997,3,1.4359356323441679E-6-3.435041802387482E-11i,0.007179678161721084-1.7175209011937995E-7i
15.588457268119882,26.99999999999997,3,1.4359356323441679E-6-3.435041802387482E-11i,0.007179678161721084-1.7175209011937997E-7i
13.856406460551,26.000000000000014,3,1.4359356323441677E-6-3.435041802387482E-11i,0.007179678161721085-1.7175209011937997E-7i
13.856406460551014,24.000000000000043,3,1.4359356323441677E-6-3.435041802387482E-11i,0.007179678161721085-1.7175209011937997E-7i
12.124355652982132,25.000000000000014,3,1.4359356323441679E-6-3.435041802387482E-11i,0.007179678161721085-1.7175209011938E-7i
12.124355652982146,23.000000000000043,3,1.4359356323441677E-6-3.435041802387482E-11i,0.007179678161721085-1.7175209011937997E-7i
10.392304845413264,24.000000000000014,3,1.4359356323441677E-6-3.435041802387482E-11i,0.007179678161721085-1.7175209011937997E-7i
17.291141215576403,20.10306396320813,3,1.4359356323441679E-6-3.435041802387482E-11i,0.007179678161721084-1.7175209011937995E-7i
17.25481458678868,20.05576760553166,2.4999999999999902,1.435935632344167E-6-3.435041802387482E-11i,0.007179678161721084-1.7175209011937992E-7i
15.588457268119924,21,3,1.4359356323441677E-6-3.435041802387482E-11i,0.007179678161721085-1.7175209011937997E-7i
17.31756768892842,22.04200024064427,3,1.4359356323441677E-6-3.435041802387482E-11i,0.007179678161721085-1.7175209011937997E-7i
19.05393061994701,19.063349941996734,3,1.435935632344168E-6-3.435041802387482E-11i,0.0071796781617210845-1.7175209011938E-7i
17.105398547751903,18.027359133305993,3,1.4359356323441679E-6-3.435041802387482E-11i,0.0071796781617210845-1.7175209011937997E-7i
18.902590278986196,21.101138054467597,3,1.4359356323441679E-6-3.435041802387482E-11i,0.007179678161721085-1.7175209011938E-7i
15.524616489057138,19.053461907012462,3,1.4359356323441679E-6-3.435041802387482E-11i,0.0071796781617210845-1.7175209011937997E-7i
23.658157402625022,22.224766977142906,3,1.4359356323441679E-6-3.435041802387482E-11i,0.0071796781617210845-1.7175209011937995E-7i
22.268315530712385,23.103984344482996,3,1.4359356323441679E-6-3.435041802387482E-11i,0.0071796781617210845-1.7175209011937997E-7i
22.141222432080383,20.975690128652232,3,1.4359356323441679E-6-3.435041802387482E-11i,0.007179678161721084-1.7175209011937997E-7i
20.484953964277324,22.10189270630964,3,1.4359356323441679E-6-3.435041802387482E-11i,0.0071796781617210845-1.7175209011937997E-7i
23.1488226903097,19.071823248769505,3,1.4359356323441679E-6-3.435041802387482E-11i,0.007179678161721085-1.7175209011938E-7i
21.241544072212506,19.01277065362983,3,1.4359356323441674E-6-3.435041802387482E-11i,0.007179678161721086-1.7175209011937995E-7i
20.369825793639023,20.49966185310572,3,1.4359356323441674E-6-3.435041802387482E-11i,0.007179678161721086-1.7175209011937995E-7i
17.320508075688764,24.000000000000085,3,1.4359356323441679E-6-3.435041802387482E-11i,0.007179678161721084-1.7175209011937997E-7i
17.320508075688736,26,3,1.4359356323441674E-6-3.435041802387482E-11i,0.007179678161721086-1.7175209011937995E-7i
19.052558883257618,26.999999999999943,3,1.4359356323441679E-6-3.435041802387482E-11i,0.0071796781617210845-1.7175209011937997E-7i
15.588457268119882,25.000000000000043,3,1.4359356323441679E-6-3.435041802387482E-11i,0.007179678161721085-1.7175209011938E-7i
15.588457268119924,23.00000000000007,3,1.4359356323441677E-6-3.435041802387482E-11i,0.007179678161721085-1.7175209011937997E-7i
13.856406460551057,22.00000000000003,3,1.4359356323441677E-6-3.435041802387482E-11i,0.007179678161721085-1.7175209011937997E-7i
20.138991560631894,17.26180876539553,3,1.4359356323441677E-6-3.435041802387482E-11i,0.007179678161721085-1.7175209011937997E-7i
18.557957849962065,17.118365008707173,3,1.435935632344168E-6-3.435041802387482E-11i,0.0071796781617210845-1.7175209011938E-7i
19.153542020104382,15.616006985939208,3,1.4359356323441677E-6-3.435041802387482E-11i,0.007179678161721085-1.7175209011937997E-7i
13.856406460551028,20,3,1.4359356323441679E-6-3.435041802387482E-11i,0.007179678161721085-1.7175209011938E-7i
23.000000000000043,15.588457268119896,3,1.4359356323441679E-6-3.435041802387482E-11i,0.007179678161721084-1.7175209011937995E-7i
23.03085332097959,15.593658989014296,2.500000000000004,1.435935632344167E-6-3.435041802387482E-11i,0.007179678161721084-1.7175209011937992E-7i
21.07680465149089,15.616746067772908,3,1.4359356323441679E-6-3.435041802387482E-11i,0.007179678161721085-1.7175209011938E-7i
22.13916859527211,17.32863132214662,3,1.4359356323441679E-6-3.435041802387482E-11i,0.007179678161721085-1.7175209011938E-7i
25.000000000000014,15.588457268119896,3,1.4359356323441679E-6-3.435041802387482E-11i,0.0071796781617210845-1.7175209011937997E-7i
24.000000000000014,17.320508075688764,3,1.4359356323441679E-6-3.435041802387482E-11i,0.007179678161721085-1.7175209011938E-7i
22.00000000000003,13.856406460551028,3,1.4359356323441677E-6-3.435041802387482E-11i,0.007179678161721085-1.7175209011937997E-7i
22.500000000000014,12.990381056766601,2.499999999999996,1.4359356323441679E-6-3.435041802387482E-11i,0.007179678161721085-1.7175209011938E-7i
23.000000000000014,12.124355652982132,3,1.4359356323441674E-6-3.435041802387482E-11i,0.007179678161721086-1.7175209011937995E-7i
21.000000000000014,12.12435565298216,3,1.4359356323441674E-6-3.435041802387482E-11i,0.007179678161721086-1.7175209011937995E-7i
20.07149699090411,13.883834531147045,3,1.4359356323441679E-6-3.435041802387482E-11i,0.007179678161721084-1.7175209011937995E-7i
20.05740363544135,13.883522432595406,2.4999999999999916,1.435935632344167E-6-3.435041802387482E-11i,0.007179678161721084-1.7175209011937992E-7i
18.09998178569559,13.962951676773173,3,1.4359356323441674E-6-3.435041802387482E-11i,0.007179678161721086-1.7175209011937995E-7i
25.118379853922235,19.041061682842013,3,1.4359356323441679E-6-3.435041802387482E-11i,0.0071796781617210845-1.7175209011937997E-7i
26,17.320508075688778,3,1.4359356323441674E-6-3.435041802387482E-11i,0.007179678161721086-1.7175209011937995E-7i
19,12.124355652982146,3,1.4359356323441677E-6-3.435041802387482E-11i,0.007179678161721085-1.7175209011937997E-7i
17.122343311470303,12.163490895753355,3,1.4359356323441679E-6-3.435041802387482E-11i,0.007179678161721084-1.7175209011937995E-7i
17.071601118375874,12.152477035333662,2.499999999999981,1.435935632344167E-6-3.435041802387482E-11i,0.007179678161721084-1.7175209011937992E-7i
16.16881066793769,13.884870245517646,3,1.4359356323441674E-6-3.435041802387482E-11i,0.007179678161721086-1.7175209011937995E-7i
32.999999999999986,8.660254037844396,3,1.4359356323441679E-6-3.435041802387482E-11i,0.007179678161721084-1.7175209011937997E-7i
29.000000000000014,8.660254037844368,3,1.4359356323441679E-6-3.435041802387482E-11i,0.007179678161721085-1.7175209011938E-7i
28.00000000000003,10.392304845413264,3,1.4359356323441679E-6-3.435041802387482E-11i,0.007179678161721085-1.7175209011938E-7i
26,10.392304845413264,3,1.4359356323441677E-6-3.435041802387482E-11i,0.007179678161721085-1.7175209011937997E-7i
28.000000000000014,6.9282032302755,3,1.4359356323441679E-6-3.435041802387482E-11i,0.0071796781617210845-1.7175209011937997E-7i
27.000000000000014,8.660254037844396,3,1.4359356323441674E-6-3.435041802387482E-11i,0.007179678161721086-1.7175209011937995E-7i
24,10.392304845413264,3,1.4359356323441679E-6-3.435041802387482E-11i,0.007179678161721085-1.7175209011938E-7i
22.000000000000014,10.392304845413264,3,1.4359356323441679E-6-3.435041802387482E-11i,0.0071796781617210845-1.7175209011937997E-7i
29,5.196152422706632,3,1.4359356323441677E-6-3.435041802387482E-11i,0.007179678161721085-1.7175209011937997E-7i
31,1.7320508075688679,3,1.4359356323441674E-6-3.435041802387482E-11i,0.007179678161721086-1.7175209011937995E-7i
30,3.46410161513775,3,1.4359356323441677E-6-3.435041802387482E-11i,0.007179678161721085-1.7175209011937997E-7i
26,6.928203230275528,3,1.4359356323441679E-6-3.435041802387482E-11i,0.0071796781617210845-1.7175209011937997E-7i
27,5.196152422706632,3,1.4359356323441679E-6-3.435041802387482E-11i,0.007179678161721085-1.7175209011938E-7i
30.000000000000007,0,3,1.4359356323441679E-6-3.435041802387482E-11i,0.007179678161721084-1.7175209011937995E-7i
8.660254037844368,23.000000000000014,3,1.4359356323441677E-6-3.435041802387482E-11i,0.007179678161721085-1.7175209011937997E-7i
10.392304845413278,22.00000000000003,3,1.4359356323441672E-6-3.435041802387482E-11i,0.007179678161721086-1.7175209011937992E-7i
8.660254037844396,21,3,1.4359356323441679E-6-3.435041802387482E-11i,0.007179678161721085-1.7175209011938E-7i
2.5980762113533293,21.499999999999996,2.499999999999994,1.4359356323441679E-6-3.435041802387482E-11i,0.007179678161721085-1.7175209011938E-7i
1.732050807568882,21,3,1.4359356323441677E-6-3.435041802387482E-11i,0.007179678161721085-1.7175209011937997E-7i
3.46410161513775,22,3,1.4359356323441677E-6-3.435041802387482E-11i,0.007179678161721085-1.7175209011937997E-7i
1.7320508075688679,23,3,1.4359356323441677E-6-3.435041802387482E-11i,0.007179678161721085-1.7175209011937997E-7i
3.46410161513775,20,3,1.4359356323441679E-6-3.435041802387482E-11i,0.007179678161721085-1.7175209011938E-7i
6.9282032302755,24,3,1.4359356323441679E-6-3.435041802387482E-11i,0.0071796781617210845-1.7175209011937997E-7i
6.9282032302755,22,3,1.4359356323441679E-6-3.435041802387482E-11i,0.007179678161721085-1.7175209011938E-7i
5.196152422706632,25,3,1.4359356323441679E-6-3.435041802387482E-11i,0.007179678161721085-1.7175209011938E-7i
5.196152422706632,21,3,1.4359356323441679E-6-3.435041802387482E-11i,0.0071796781617210845-1.7175209011937997E-7i
6.9282032302755,20,3,1.4359356323441674E-6-3.435041802387482E-11i,0.007179678161721086-1.7175209011937995E-7i
5.196152422706632,23,3,1.4359356323441679E-6-3.435041802387482E-11i,0.007179678161721084-1.7175209011937997E-7i
3.46410161513775,23.999999999999986,3,1.4359356323441679E-6-3.435041802387482E-11i,0.007179678161721085-1.7175209011938E-7i
3.46410161513775,28,3,1.4359356323441679E-6-3.435041802387482E-11i,0.007179678161721084-1.7175209011937995E-7i
3.46410161513775,26.000000000000014,3,1.4359356323441679E-6-3.435041802387482E-11i,0.0071796781617210845-1.7175209011937997E-7i
1.7320508075688963,25,3,1.4359356323441679E-6-3.435041802387482E-11i,0.007179678161721085-1.7175209011938E-7i
0,24,3.0000000000000004,1.4359356323441679E-6-3.435041802387482E-11i,0.007179678161721084-1.7175209011937997E-7i
5.196152422706632,19.000000000000014,3,1.4359356323441679E-6-3.435041802387482E-11i,0.007179678161721084-1.7175209011937997E-7i
0,22,3,1.4359356323441679E-6-3.435041802387482E-11i,0.007179678161721084-1.7175209011937995E-7i
0,20,3,1.4359356323441679E-6-3.435041802387482E-11i,0.007179678161721084-1.7175209011937995E-7i
15.094344801528896,13.85268765571766,2.4999999999999796,1.4359356323441679E-6-3.435041802387482E-11i,0.007179678161721085-1.7175209011938E-7i
15.275246374815922,15.414424459108801,3,1.435935632344168E-6-3.435041802387482E-11i,0.0071796781617210845-1.7175209011938E-7i
13.965069140808538,13.883567805041253,3,1.4359356323441674E-6-3.435041802387482E-11i,0.007179678161721086-1.7175209011937995E-7i
12.12435565298216,21,3,1.4359356323441679E-6-3.435041802387482E-11i,0.007179678161721084-1.7175209011937997E-7i
12.124355652982146,19.00000000000003,3,1.4359356323441679E-6-3.435041802387482E-11i,0.007179678161721085-1.7175209011938E-7i
10.392304845413264,20,3,1.4359356323441679E-6-3.435041802387482E-11i,0.0071796781617210845-1.7175209011937997E-7i
10.392304845413264,18.00000000000003,3,1.4359356323441679E-6-3.435041802387482E-11i,0.0071796781617210845-1.7175209011937997E-7i
13.827877428614187,17.995143261363125,3,1.4359356323441677E-6-3.435041802387482E-11i,0.007179678161721085-1.7175209011937997E-7i
12.082904762076964,16.961713958379477,3,1.4359356323441679E-6-3.435041802387482E-11i,0.007179678161721085-1.7175209011938E-7i
6.9282032302755,18.00000000000003,3,1.4359356323441679E-6-3.435041802387482E-11i,0.007179678161721085-1.7175209011938E-7i
8.660254037844396,19.000000000000014,3,1.4359356323441679E-6-3.435041802387482E-11i,0.007179678161721084-1.7175209011937995E-7i
8.660254037844396,17.000000000000014,3,1.4359356323441679E-6-3.435041802387482E-11i,0.007179678161721085-1.7175209011938E-7i
10.392304845413264,16,3,1.4359356323441679E-6-3.435041802387482E-11i,0.007179678161721085-1.7175209011938E-7i
6.9282032302755,16,3,1.4359356323441677E-6-3.435041802387482E-11i,0.007179678161721085-1.7175209011937997E-7i
8.660254037844396,15.000000000000028,3,1.4359356323441679E-6-3.435041802387482E-11i,0.007179678161721085-1.7175209011938E-7i
15.077872611181817,12.101762634930196,3,1.4359356323441674E-6-3.435041802387482E-11i,0.007179678161721086-1.7175209011937995E-7i
16.03219945236998,10.437603295990414,3,1.4359356323441679E-6-3.435041802387482E-11i,0.007179678161721085-1.7175209011938E-7i
15.3890520476712,17.07544800567844,3,1.4359356323441679E-6-3.435041802387482E-11i,0.007179678161721085-1.7175209011938E-7i
17.07041561863923,15.855404932344271,3,1.4359356323441679E-6-3.435041802387482E-11i,0.007179678161721084-1.7175209011937997E-7i
13.732996717588506,16.00261802606977,3,1.4359356323441672E-6-3.435041802387482E-11i,0.007179678161721086-1.7175209011937992E-7i
12.135151753030499,14.976665980443585,3,1.4359356323441677E-6-3.435041802387482E-11i,0.007179678161721085-1.7175209011937997E-7i
10.380133932522511,13.980029624449088,3,1.4359356323441677E-6-3.435041802387482E-11i,0.007179678161721085-1.7175209011937997E-7i
11.958174649800668,12.980278052240948,3,1.4359356323441677E-6-3.435041802387482E-11i,0.007179678161721085-1.7175209011937997E-7i
24.00000000000002,8.660254037844398,2.5000000000000098,1.4359356323441679E-6-3.435041802387482E-11i,0.007179678161721085-1.7175209011938E-7i
23,8.660254037844396,3,1.4359356323441672E-6-3.435041802387482E-11i,0.007179678161721086-1.7175209011937992E-7i
25,8.660254037844396,3,1.4359356323441679E-6-3.435041802387482E-11i,0.007179678161721084-1.7175209011937997E-7i
24,6.9282032302755,3,1.4359356323441672E-6-3.435041802387482E-11i,0.007179678161721086-1.7175209011937992E-7i
26,3.464101615137764,3,1.4359356323441677E-6-3.435041802387482E-11i,0.007179678161721085-1.7175209011937997E-7i
25,5.196152422706632,3,1.4359356323441674E-6-3.435041802387482E-11i,0.007179678161721086-1.7175209011937995E-7i
24.5,2.598076211353307,2.5000000000000067,1.4359356323441679E-6-3.435041802387482E-11i,0.007179678161721085-1.7175209011938E-7i
25,1.732050807568882,3,1.4359356323441674E-6-3.435041802387482E-11i,0.007179678161721086-1.7175209011937995E-7i
24,3.464101615137764,3,1.4359356323441677E-6-3.435041802387482E-11i,0.007179678161721085-1.7175209011937997E-7i
23,1.732050807568882,3,1.4359356323441672E-6-3.435041802387482E-11i,0.007179678161721086-1.7175209011937992E-7i
18,10.392304845413264,3,1.4359356323441677E-6-3.435041802387482E-11i,0.007179678161721085-1.7175209011937997E-7i
18.500000000000018,7.794228634059915,2.500000000000006,1.4359356323441679E-6-3.435041802387482E-11i,0.007179678161721085-1.7175209011938E-7i
18,6.9282032302755,3,1.4359356323441679E-6-3.435041802387482E-11i,0.007179678161721084-1.7175209011937997E-7i
19.999999999999986,6.9282032302755,3,1.4359356323441677E-6-3.435041802387482E-11i,0.007179678161721085-1.7175209011937997E-7i
19,8.660254037844396,3,1.4359356323441677E-6-3.435041802387482E-11i,0.007179678161721085-1.7175209011937997E-7i
17,8.660254037844396,3,1.4359356323441677E-6-3.435041802387482E-11i,0.007179678161721085-1.7175209011937997E-7i
21,8.660254037844396,3,1.4359356323441679E-6-3.435041802387482E-11i,0.0071796781617210845-1.7175209011937997E-7i
20,10.392304845413264,3,1.4359356323441672E-6-3.435041802387482E-11i,0.007179678161721086-1.7175209011937992E-7i
13.446822265920133,12.005283967134176,3,1.435935632344168E-6-3.435041802387482E-11i,0.0071796781617210845-1.7175209011938E-7i
28,3.46410161513775,3,1.4359356323441679E-6-3.435041802387482E-11i,0.007179678161721084-1.7175209011937995E-7i
29,1.732050807568882,3,1.4359356323441679E-6-3.435041802387482E-11i,0.0071796781617210845-1.7175209011937997E-7i
27,1.732050807568882,3,1.4359356323441679E-6-3.435041802387482E-11i,0.007179678161721085-1.7175209011938E-7i
24.000000000000004,0,2.9999999999999996,1.4359356323441679E-6-3.435041802387482E-11i,0.007179678161721084-1.7175209011937995E-7i
26,0,2.999999999999999,1.4359356323441679E-6-3.435041802387482E-11i,0.007179678161721084-1.7175209011937995E-7i
28.000000000000007,0,3,1.4359356323441679E-6-3.435041802387482E-11i,0.007179678161721084-1.7175209011937997E-7i
22.000000000000004,0,3,1.4359356323441679E-6-3.435041802387482E-11i,0.007179678161721084-1.7175209011937995E-7i
19,1.732050807568882,3,1.4359356323441679E-6-3.435041802387482E-11i,0.007179678161721084-1.7175209011937995E-7i
18.999999999999993,1.732050807568886,2.5000000000000098,1.435935632344167E-6-3.435041802387482E-11i,0.007179678161721084-1.7175209011937992E-7i
21,1.7320508075688963,3,1.4359356323441679E-6-3.435041802387482E-11i,0.007179678161721085-1.7175209011938E-7i
20,0,3,1.4359356323441679E-6-3.435041802387482E-11i,0.007179678161721084-1.7175209011937997E-7i
18,3.464101615137764,3,1.4359356323441679E-6-3.435041802387482E-11i,0.0071796781617210845-1.7175209011937997E-7i
20,3.464101615137764,3,1.4359356323441677E-6-3.435041802387482E-11i,0.007179678161721085-1.7175209011937997E-7i
17,1.732050807568882,3,1.4359356323441672E-6-3.435041802387482E-11i,0.007179678161721085-1.7175209011937992E-7i
18,0,3,1.4359356323441679E-6-3.435041802387482E-11i,0.007179678161721084-1.7175209011937995E-7i
5.196152422706632,17,3,1.4359356323441677E-6-3.435041802387482E-11i,0.007179678161721085-1.7175209011937997E-7i
3.464101615137764,18,3,1.4359356323441677E-6-3.435041802387482E-11i,0.007179678161721085-1.7175209011937997E-7i
1.7320508075688679,19,3,1.4359356323441677E-6-3.435041802387482E-11i,0.007179678161721085-1.7175209011937997E-7i
2.5980762113533236,14.500000000000005,2.5000000000000204,1.4359356323441679E-6-3.435041802387482E-11i,0.007179678161721085-1.7175209011938E-7i
3.464101615137764,14.000000000000028,3,1.4359356323441679E-6-3.435041802387482E-11i,0.007179678161721085-1.7175209011938E-7i
3.464101615137764,16,3,1.4359356323441677E-6-3.435041802387482E-11i,0.007179678161721085-1.7175209011937997E-7i
1.732050807568882,15,3,1.4359356323441674E-6-3.435041802387482E-11i,0.007179678161721086-1.7175209011937995E-7i
15.499999999999991,2.598076211353307,2.4999999999999747,1.4359356323441679E-6-3.435041802387482E-11i,0.007179678161721085-1.7175209011938E-7i
15,1.7320508075688679,3,1.4359356323441677E-6-3.435041802387482E-11i,0.007179678161721085-1.7175209011937997E-7i
16,3.464101615137764,3,1.4359356323441679E-6-3.435041802387482E-11i,0.0071796781617210845-1.7175209011937997E-7i
11.10647012157595,12.486868098889417,2.500002111845787,1.4359356323441679E-6-3.435041802387482E-11i,0.007179678161721085-1.7175209011938E-7i
10.242388236115772,11.982018633274393,3,1.4359356323441674E-6-3.435041802387482E-11i,0.007179678161721086-1.7175209011937995E-7i
11.973784678416791,10.79689865886516,3,1.4359356323441674E-6-3.435041802387482E-11i,0.007179678161721086-1.7175209011937995E-7i
14,3.46410161513775,3,1.4359356323441679E-6-3.435041802387482E-11i,0.007179678161721085-1.7175209011938E-7i
13.054068418885581,6.92333977718705,2.4999999999999796,1.4359356323441679E-6-3.435041802387482E-11i,0.007179678161721085-1.7175209011938E-7i
14.000000000000028,6.9282032302755,3,1.4359356323441672E-6-3.435041802387482E-11i,0.007179678161721086-1.7175209011937992E-7i
13.04559013205143,8.707941804684538,3,1.4359356323441679E-6-3.435041802387482E-11i,0.007179678161721084-1.7175209011937997E-7i
12.106515609604145,6.919016558815656,3,1.4359356323441677E-6-3.435041802387482E-11i,0.007179678161721085-1.7175209011937997E-7i
13.000000000000028,5.196152422706632,3,1.4359356323441679E-6-3.435041802387482E-11i,0.0071796781617210845-1.7175209011937997E-7i
8.639557186301374,13.004465620941005,3,1.4359356323441677E-6-3.435041802387482E-11i,0.007179678161721085-1.7175209011937997E-7i
6.928203230275528,14.000000000000028,3,1.4359356323441679E-6-3.435041802387482E-11i,0.007179678161721085-1.7175209011938E-7i
5.196152422706632,15.000000000000014,3,1.4359356323441677E-6-3.435041802387482E-11i,0.007179678161721085-1.7175209011937997E-7i
5.196152422706632,13,3,1.4359356323441674E-6-3.435041802387482E-11i,0.007179678161721086-1.7175209011937995E-7i
0,18,3.0000000000000004,1.4359356323441679E-6-3.435041802387482E-11i,0.007179678161721084-1.7175209011937995E-7i
1.732050807568882,17,3,1.4359356323441679E-6-3.435041802387482E-11i,0.007179678161721084-1.7175209011937997E-7i
0,16.000000000000004,3.000000000000001,1.4359356323441679E-6-3.435041802387482E-11i,0.007179678161721084-1.7175209011937995E-7i
14.05728358478001,10.422311178043884,3,1.4359356323441679E-6-3.435041802387482E-11i,0.007179678161721085-1.7175209011938E-7i
15.037442913805023,8.679786714700583,3,1.4359356323441679E-6-3.435041802387482E-11i,0.007179678161721084-1.7175209011937997E-7i
11.122292222258139,8.550976598157717,3,1.4359356323441679E-6-3.435041802387482E-11i,0.007179678161721085-1.7175209011938E-7i
16,6.928203230275528,3,1.4359356323441677E-6-3.435041802387482E-11i,0.007179678161721085-1.7175209011937997E-7i
22,6.9282032302755,3,1.4359356323441679E-6-3.435041802387482E-11i,0.0071796781617210845-1.7175209011937997E-7i
23,5.196152422706632,3,1.4359356323441679E-6-3.435041802387482E-11i,0.007179678161721085-1.7175209011938E-7i
21,5.196152422706632,3,1.4359356323441679E-6-3.435041802387482E-11i,0.007179678161721084-1.7175209011937997E-7i
22,3.464101615137764,3,1.4359356323441679E-6-3.435041802387482E-11i,0.0071796781617210845-1.7175209011937997E-7i
19,5.196152422706632,3,1.4359356323441679E-6-3.435041802387482E-11i,0.0071796781617210845-1.7175209011937997E-7i
17,5.196152422706632,3,1.4359356323441672E-6-3.435041802387482E-11i,0.007179678161721086-1.7175209011937992E-7i
15,5.196152422706632,3,1.4359356323441679E-6-3.435041802387482E-11i,0.007179678161721085-1.7175209011938E-7i
8.444670989063582,11.028516909118338,3,1.4359356323441677E-6-3.435041802387482E-11i,0.007179678161721085-1.7175209011937997E-7i
13,1.732050807568882,3,1.4359356323441679E-6-3.435041802387482E-11i,0.0071796781617210845-1.7175209011937997E-7i
16,0,3.0000000000000004,1.4359356323441679E-6-3.435041802387482E-11i,0.007179678161721084-1.7175209011937995E-7i
6.69246394179703,10.074279207384592,3,1.4359356323441679E-6-3.435041802387482E-11i,0.007179678161721084-1.7175209011937995E-7i
6.716659728642035,10.071259584397021,2.499999999999992,1.435935632344167E-6-3.435041802387482E-11i,0.007179678161721084-1.7175209011937992E-7i
6.9282032302755,11.999999999999972,3,1.4359356323441679E-6-3.435041802387482E-11i,0.0071796781617210845-1.7175209011937997E-7i
8.14880731206378,9.097312253941226,3,1.4359356323441679E-6-3.435041802387482E-11i,0.0071796781617210845-1.7175209011937997E-7i
5.196152422706618,11,3,1.4359356323441679E-6-3.435041802387482E-11i,0.007179678161721084-1.7175209011937997E-7i
3.464101615137764,11.999999999999986,3,1.4359356323441679E-6-3.435041802387482E-11i,0.007179678161721085-1.7175209011938E-7i
0,13.999999999999998,2.9999999999999996,1.4359356323441679E-6-3.435041802387482E-11i,0.007179678161721084-1.7175209011937997E-7i
5.049462176320276,9.056175112936273,3,1.4359356323441679E-6-3.435041802387482E-11i,0.007179678161721085-1.7175209011938E-7i
1.7320508075688963,13,3,1.4359356323441674E-6-3.435041802387482E-11i,0.007179678161721086-1.7175209011937995E-7i
0.6928203230275545,11.999999999999991,2.50000000000001,1.4359356323441674E-6-3.435041802387482E-11i,0.007179678161721086-1.7175209011937995E-7i
0,12,3.000000000000001,1.4359356323441679E-6-3.435041802387482E-11i,0.007179678161721084-1.7175209011937995E-7i
1.7320508075688679,11,3,1.4359356323441677E-6-3.435041802387482E-11i,0.007179678161721085-1.7175209011937997E-7i
0,10,3,1.4359356323441679E-6-3.435041802387482E-11i,0.007179678161721084-1.7175209011937995E-7i
14.000000000000004,0,3,1.4359356323441679E-6-3.435041802387482E-11i,0.007179678161721084-1.7175209011937995E-7i
12.000000000000002,0,2.9999999999999996,1.4359356323441679E-6-3.435041802387482E-11i,0.007179678161721084-1.7175209011937997E-7i
11,1.7320508075688679,3,1.4359356323441674E-6-3.435041802387482E-11i,0.007179678161721086-1.7175209011937995E-7i
9.864625385897853,9.955001880578806,3,1.4359356323441679E-6-3.435041802387482E-11i,0.0071796781617210845-1.7175209011937997E-7i
3.46410161513775,10,3,1.4359356323441679E-6-3.435041802387482E-11i,0.0071796781617210845-1.7175209011937997E-7i
9.580752249750603,8.358211488869841,3,1.4359356323441674E-6-3.435041802387482E-11i,0.007179678161721086-1.7175209011937995E-7i
10.23570900331191,6.921532180131251,3,1.4359356323441677E-6-3.435041802387482E-11i,0.007179678161721085-1.7175209011937997E-7i
12,3.464101615137764,3,1.4359356323441679E-6-3.435041802387482E-11i,0.007179678161721084-1.7175209011937995E-7i
10.086209416935958,3.398207550999558,3,1.4359356323441679E-6-3.435041802387482E-11i,0.007179678161721084-1.7175209011937997E-7i
11.114726420187765,5.164915005339438,3,1.4359356323441677E-6-3.435041802387482E-11i,0.007179678161721085-1.7175209011937997E-7i
9.20519981935621,5.165252896056785,3,1.4359356323441672E-6-3.435041802387482E-11i,0.007179678161721086-1.7175209011937992E-7i
6.556858028170268,8.242533607671433,3,1.4359356323441672E-6-3.435041802387482E-11i,0.007179678161721086-1.7175209011937992E-7i
8.207768022066318,7.066650014176133,3,1.435935632344168E-6-3.435041802387482E-11i,0.0071796781617210845-1.7175209011938E-7i
5.087143059981756,7.12788346199342,3,1.4359356323441679E-6-3.435041802387482E-11i,0.0071796781617210845-1.7175209011937997E-7i
3.3939376528243344,8.059682591238783,3,1.4359356323441679E-6-3.435041802387482E-11i,0.007179678161721085-1.7175209011938E-7i
1.732050807568882,9,3,1.4359356323441677E-6-3.435041802387482E-11i,0.007179678161721085-1.7175209011937997E-7i
1.7320508075688679,7,3,1.4359356323441674E-6-3.435041802387482E-11i,0.007179678161721086-1.7175209011937995E-7i
0,7.999999999999997,2.9999999999999996,1.4359356323441679E-6-3.435041802387482E-11i,0.007179678161721084-1.7175209011937995E-7i
5.732970427740549,7.018365167018372,2.4444444444444375,1.4359356323441677E-6-3.435041802387482E-11i,0.007179678161721085-1.7175209011937997E-7i
6.4794253330011315,6.576562296182402,3,1.4359356323441679E-6-3.435041802387482E-11i,0.007179678161721084-1.7175209011937997E-7i
7.3329723373242786,5.110654366633142,3,1.4359356323441679E-6-3.435041802387482E-11i,0.007179678161721085-1.7175209011938E-7i
8.199492689470134,3.3869923591268787,3,1.4359356323441677E-6-3.435041802387482E-11i,0.007179678161721085-1.7175209011937997E-7i
9,1.732050807568882,3,1.4359356323441677E-6-3.435041802387482E-11i,0.007179678161721085-1.7175209011937997E-7i
10.000000000000002,0,3,1.4359356323441679E-6-3.435041802387482E-11i,0.007179678161721084-1.7175209011937995E-7i
5.150209415441324,5.107576329539228,3,1.4359356323441674E-6-3.435041802387482E-11i,0.007179678161721086-1.7175209011937995E-7i
3.3921937078940516,6.132665614336645,3,1.4359356323441672E-6-3.435041802387482E-11i,0.007179678161721086-1.7175209011937992E-7i
1.3546628770225948,5.6378945961680325,2.5000000000000013,1.4359356323441674E-6-3.435041802387482E-11i,0.007179678161721086-1.7175209011937995E-7i
1.6490698696458281,5.056807366499243,3,1.4359356323441679E-6-3.435041802387482E-11i,0.007179678161721085-1.7175209011938E-7i
0,5.999999999999998,3,1.4359356323441679E-6-3.435041802387482E-11i,0.007179678161721084-1.7175209011937997E-7i
0,3.999999999999999,3.0000000000000004,1.4359356323441679E-6-3.435041802387482E-11i,0.007179678161721084-1.7175209011937997E-7i
6.17103013026653,3.3175603903795263,3,1.4359356323441679E-6-3.435041802387482E-11i,0.007179678161721085-1.7175209011938E-7i
1.5578620413573445,4.059618167812663,2.499999999999995,1.4359356323441679E-6-3.435041802387482E-11i,0.007179678161721085-1.7175209011938E-7i
3.1498219395012654,4.076880761554605,3,1.4359356323441677E-6-3.435041802387482E-11i,0.007179678161721085-1.7175209011937997E-7i
4.657539819447294,3.1788745599591834,3,1.4359356323441679E-6-3.435041802387482E-11i,0.007179678161721084-1.7175209011937997E-7i
7.063931561151605,1.7066838621391867,3,1.4359356323441679E-6-3.435041802387482E-11i,0.007179678161721085-1.7175209011938E-7i
8.000000000000002,0,2.9999999999999996,1.4359356323441679E-6-3.435041802387482E-11i,0.007179678161721084-1.7175209011937995E-7i
5.223070450562318,1.7243408978442574,3,1.4359356323441679E-6-3.435041802387482E-11i,0.007179678161721085-1.7175209011938E-7i
6,0,2.9999999999999996,1.4359356323441679E-6-3.435041802387482E-11i,0.007179678161721084-1.7175209011937995E-7i
1.432556356275498,3.104784543191741,3,1.4359356323441674E-6-3.435041802387482E-11i,0.007179678161721086-1.7175209011937995E-7i
0.8191222528560862,0.8605105685840111,2.49999999999999,1.4359356323441679E-6-3.435041802387482E-11i,0.007179678161721085-1.7175209011938E-7i
1.2764890114243315,1.4420422743360035,3,1.4359356323441677E-6-3.435041802387482E-11i,0.007179678161721085-1.7175209011937997E-7i
0,1.9999999999999996,3,1.4359356323441679E-6-3.435041802387482E-11i,0.007179678161721084-1.7175209011937997E-7i
0,0,3,1.4359356323441679E-6-3.435041802387482E-11i,0.007179678161721084-1.7175209011937995E-7i
2,0,3.0000000000000004,1.4359356323441679E-6-3.435041802387482E-11i,0.0071796781617210845-1.7175209011937997E-7i
3.1217694938223417,1.8335745453991308,3,1.4359356323441679E-6-3.435041802387482E-11i,0.007179678161721084-1.7175209011937997E-7i
4.000000000000001,0,3.000000000000001,1.4359356323441679E-6-3.435041802387482E-11i,0.007179678161721084-1.7175209011937995E-7i
100.00000000000001,100.00000000000001,5.220798736980665,1.4359356391630169E-6-3.435041818699514E-11i,0.007179678161721084-1.7175209011937997E-7i
100,100,8.246740216113672,1.435935627844599E-6-3.435041791623623E-11i,0.007179678161721084-1.7175209011937995E-7i
97.61910082696402,100,6.267079583116027,1.4359356316619356E-6-3.4350418007554445E-11i,0.007179678161721085-1.7175209011937997E-7i
100,97.34621260636793,6.886638658726293,1.4359356269611162E-6-3.435041789510157E-11i,0.007179678161721085-1.7175209011938E-7i
100,98.78638864786119,3.921373342618791,1.4359356528396687E-6-3.435041851416772E-11i,0.007179678161721084-1.7175209011937997E-7i
98.45918758385668,100,4.269428382436063,1.43593564722882E-6-3.4350418379945076E-11i,0.0071796781617210845-1.7175209011938E-7i
96.42810499571883,100,9.583469652528986,1.4359356247018032E-6-3.4350417841054316E-11i,0.007179678161721085-1.7175209011938E-7i
100,96.10563807570381,9.85038326720237,1.4359356243424556E-6-3.4350417832458055E-11i,0.007179678161721086-1.7175209011937995E-7i
100,100,13,1.4359356209664901E-6-3.4350417751698254E-11i,0.007179678161721084-1.7175209011937995E-7i
96.23941386266596,97.41931311340946,7.133539791558055,1.4359356265955139E-6-3.435041788635561E-11i,0.007179678161721082-1.7175209011937997E-7i
95.11383393234041,100,6.723103115870407,1.4359356309032763E-6-3.4350417989405805E-11i,0.0071796781617210845-1.7175209011938E-7i
93.53821165735461,97.41931311340943,8.440740236660522,1.4359356251154957E-6-3.435041785095067E-11i,0.0071796781617210845-1.7175209011937992E-7i
98.119706931333,96.33467268519955,6.111798231259039,1.435935629402356E-6-3.4350417953500874E-11i,0.007179678161721086-1.7175209011937992E-7i
100,94.16671392200337,6.733889023194532,1.4359356270354206E-6-3.435041789687909E-11i,0.007179678161721086-1.7175209011937995E-7i
97.42986344918394,94.50267007441111,7.36694451159727,1.4359356238336367E-6-3.435041782028609E-11i,0.007179678161721085-1.7175209011937997E-7i
93.6515100146246,96.46659038340495,6.101828045315353,1.4359356290644453E-6-3.4350417945417355E-11i,0.007179678161721084-1.7175209011937995E-7i
97.58518480944079,98.16733634259977,5.148120863218093,1.43593563913399E-6-3.435041818630076E-11i,0.007179678161721084-1.7175209011937992E-7i
97.0506626875486,100,4.184443495177105,1.4359356514799644E-6-3.435041848164091E-11i,0.007179678161721084-1.7175209011937997E-7i
100,97.39654674670427,5.015470038999815,1.4359356361101693E-6-3.435041811396502E-11i,0.007179678161721085-1.7175209011937997E-7i
100,95.25003225698968,5.090056670959992,1.4359356387860309E-6-3.4350418177976955E-11i,0.007179678161721085-1.7175209011937997E-7i
95.53634965605401,97.8488318438068,5.066769895779036,1.4359356396437536E-6-3.435041819849533E-11i,0.007179678161721082-1.7175209011938E-7i
95.49684041755297,100,5.028118660598903,1.4359356452593485E-6-3.435041833283144E-11i,0.0071796781617210845-1.7175209011937997E-7i
92.21669641634128,100,8.881480473321037,1.4359356245539489E-6-3.4350417837517376E-11i,0.007179678161721085-1.7175209011937997E-7i
94.85972689836792,94.83862622681889,8.000000000000037,1.4359356248526953E-6-3.4350417844663965E-11i,0.0071796781617210845-1.7175209011937992E-7i
98.5650104633787,90.60453495055854,6.4531808634558585,1.4359356304052978E-6-3.435041797749326E-11i,0.007179678161721085-1.7175209011937992E-7i
97.13002092675741,92.3167204329916,7.366944511597257,1.4359356236785001E-6-3.435041781657498E-11i,0.007179678161721084-1.7175209011937992E-7i
100,91.0922467348789,9.008336974883946,1.435935623904119E-6-3.435041782197217E-11i,0.007179678161721086-1.7175209011937995E-7i
97.42986344918396,94.38219885600151,10.499999999999995,1.435935621922364E-6-3.4350417774564653E-11i,0.007179678161721086-1.7175209011937995E-7i
100.00000000000001,93.92577148518413,13.000000000000002,1.4359356182204726E-6-3.435041768600809E-11i,0.007179678161721084-1.7175209011937995E-7i
97.3047834687386,89.02992321448806,8.204672303782537,1.435935623736814E-6-3.4350417817969916E-11i,0.007179678161721085-1.7175209011937992E-7i
96.17813006874138,96.17791418297068,13,1.4359356189685262E-6-3.435041770390297E-11i,0.007179678161721086-1.7175209011937992E-7i
93.92581974889185,100.00000000000001,13.000000000000004,1.4359356200343208E-6-3.4350417729398905E-11i,0.007179678161721084-1.7175209011937997E-7i
91.48016137457358,97.54036533070511,6.703656090630706,1.4359356290558765E-6-3.43504179452124E-11i,0.007179678161721085-1.7175209011937992E-7i
89.86118927987887,95.07029287932738,7.972938539238412,1.4359356274027092E-6-3.435041790566534E-11i,0.007179678161721082-1.7175209011937997E-7i
90.50715882841827,97.38164526714652,9.47251812458666,1.435935623514472E-6-3.435041781265104E-11i,0.0071796781617210845-1.7175209011937992E-7i
93.12367567545748,100,5.407312181261457,1.4359356334320678E-6-3.4350418049899533E-11i,0.007179678161721086-1.7175209011937992E-7i
90.75454856532608,100,5.7211626780734,1.435935634444479E-6-3.4350418074118445E-11i,0.007179678161721085-1.7175209011937997E-7i
100,91.61718237271484,5.4597099532554125,1.4359356391653168E-6-3.435041818705026E-11i,0.007179678161721086-1.7175209011937995E-7i
97.55078972835665,86.60213023685884,6.263793481401252,1.4359356300453592E-6-3.4350417968882744E-11i,0.007179678161721084-1.7175209011937992E-7i
100,88.89234946812545,5.539417215314508,1.4359356339433883E-6-3.435041806213137E-11i,0.007179678161721086-1.7175209011937995E-7i
100,86.58586319703858,7.6981959460726825,1.4359356247243156E-6-3.4350417841592895E-11i,0.007179678161721085-1.7175209011937997E-7i
97.90936946039388,87.80106511842943,4.631896740700629,1.435935644540408E-6-3.435041831563302E-11i,0.007179678161721085-1.7175209011937992E-7i
97.55045442412049,90.30226747527928,4.726590431727949,1.4359356441151224E-6-3.4350418305459304E-11i,0.0071796781617210845-1.7175209011937992E-7i
100,86.9537414744309,4.696035106522491,1.4359356397925557E-6-3.4350418202054993E-11i,0.0071796781617210845-1.7175209011938E-7i
100,84.9708516311255,5.004665684578468,1.435935633969295E-6-3.4350418062751077E-11i,0.007179678161721085-1.7175209011937997E-7i
92.6908957138788,93.45578349995176,8.92591402265767,1.4359356230700056E-6-3.4350417802018494E-11i,0.007179678161721084-1.7175209011937995E-7i
92.69148482961315,94.15139578554458,5.962957011328845,1.4359356345996792E-6-3.435041807783108E-11i,0.007179678161721085-1.7175209011937992E-7i
91.46578275844998,96.02777652355635,5.40739252832209,1.435935637005179E-6-3.435041813537543E-11i,0.007179678161721085-1.7175209011937992E-7i
92.22558856416536,97.9196356125921,4.8518280453153455,1.435935646088069E-6-3.435041835265607E-11i,0.007179678161721085-1.7175209011937992E-7i
93.52943700680372,98.09899309339812,3.9259140226576807,1.4359356546585955E-6-3.4350418557680036E-11i,0.007179678161721086-1.7175209011937992E-7i
97.84890632080753,93.75133503720558,5.183472255798653,1.4359356357231837E-6-3.435041810470754E-11i,0.007179678161721084-1.7175209011937992E-7i
100,93.33575116631235,4.476689190645942,1.4359356492230017E-6-3.43504184276499E-11i,0.007179678161721084-1.7175209011937997E-7i
97.45284867115816,96.1408386652951,4.555899115629501,1.4359356489040095E-6-3.4350418420018965E-11i,0.0071796781617210845-1.7175209011937992E-7i
96.86735476425552,92.15829699065057,5.183472255798648,1.4359356384830703E-6-3.4350418170729476E-11i,0.007179678161721084-1.7175209011937995E-7i
94.62466766619123,91.70636304558202,5.499999999999986,1.4359356334300736E-6-3.4350418049851835E-11i,0.007179678161721084-1.7175209011937995E-7i
94.26004185351483,90.46672694397988,8.000000000000012,1.4359356253897887E-6-3.435041785751236E-11i,0.007179678161721085-1.7175209011937992E-7i
95.82285865467563,95.39281543610478,5.499999999999999,1.4359356342369034E-6-3.435041806915275E-11i,0.007179678161721082-1.7175209011938003E-7i
94.24339537177677,95.72086732754309,4.550914022657652,1.4359356442848343E-6-3.43504183095192E-11i,0.007179678161721084-1.7175209011937992E-7i
95.8423074555135,88.87478443366604,5.520720693324413,1.4359356325394596E-6-3.435041802854655E-11i,0.007179678161721083-1.7175209011938003E-7i
94.18895310861903,89.5509031664261,5.604986103895493,1.4359356374057833E-6-3.4350418144958683E-11i,0.007179678161721086-1.7175209011937992E-7i
95.58028302552675,90.85318152279102,4.250000000000013,1.4359356479376658E-6-3.4350418396902123E-11i,0.007179678161721085-1.7175209011937992E-7i
96.49777114199387,87.13811564975201,4.179174907842502,1.4359356443325578E-6-3.435041831066077E-11i,0.007179678161721086-1.7175209011937995E-7i
94.50707182993683,88.3097747572378,4.2734468627961295,1.4359356520951714E-6-3.435041849635788E-11i,0.0071796781617210845-1.7175209011937992E-7i
93.84038915424038,93.54869746636437,4.481478505664402,1.435935649502427E-6-3.4350418434334256E-11i,0.007179678161721084-1.7175209011937992E-7i
91.79381498953678,94.48892690501269,4.481478505664417,1.4359356451879766E-6-3.435041833112406E-11i,0.007179678161721084-1.7175209011937992E-7i
90.24008068728679,97.90415726156813,4.851828045315335,1.4359356477781363E-6-3.435041839308576E-11i,0.0071796781617210845-1.7175209011937992E-7i
89.18714279486069,98.18768286258118,6.257715912892658,1.4359356299872807E-6-3.435041796749339E-11i,0.0071796781617210845-1.7175209011937992E-7i
87.85301627508156,100,7.6847548089848345,1.4359356248625984E-6-3.435041784490086E-11i,0.0071796781617210845-1.7175209011938E-7i
88.56600513458147,100,4.69593410558849,1.4359356429329253E-6-3.4350418277178735E-11i,0.007179678161721085-1.7175209011937997E-7i
86.64605677912166,100,4.869947646889681,1.4359356454816504E-6-3.435041833814937E-11i,0.007179678161721086-1.7175209011937995E-7i
88.91832353684482,95.80831452313623,5.499999999999954,1.435935634906543E-6-3.435041808517183E-11i,0.007179678161721084-1.7175209011937995E-7i
89.90723434315262,95.31738627380851,4.249999999999972,1.4359356515400302E-6-3.4350418483077735E-11i,0.0071796781617210845-1.7175209011937992E-7i
90.63250745624435,93.93613033180367,5.934106583268132,1.4359356373280473E-6-3.4350418143098975E-11i,0.007179678161721084-1.7175209011937992E-7i
90.11286662268998,92.08531267167571,6.491077748302728,1.435935629343403E-6-3.4350417952090615E-11i,0.007179678161721085-1.7175209011937992E-7i
100,83.43407614863679,6.567014604001663,1.4359356287791737E-6-3.435041793859311E-11i,0.007179678161721085-1.7175209011938E-7i
96.74695339413424,84.31822064572626,6.963448596980618,1.4359356246767564E-6-3.4350417840455166E-11i,0.007179678161721084-1.7175209011937995E-7i
95.51408316686879,86.51155403945656,8.142340635557392,1.4359356241128046E-6-3.435041782696434E-11i,0.007179678161721085-1.7175209011937992E-7i
95.31373688575707,84.94624878875136,5.819167968245516,1.4359356318914584E-6-3.435041801304509E-11i,0.007179678161721084-1.7175209011937992E-7i
100,87.42009821279582,13,1.4359356207751278E-6-3.43504177471205E-11i,0.0071796781617210845-1.7175209011938E-7i
100,83.52918673652175,9.219368379041317,1.4359356236205567E-6-3.435041781518879E-11i,0.007179678161721084-1.7175209011937997E-7i
87.42024479994737,100,13,1.4359356200915386E-6-3.435041773076772E-11i,0.0071796781617210845-1.7175209011938E-7i
95.26087015688775,90.89804170761263,13,1.4359356182733199E-6-3.435041768727229E-11i,0.007179678161721084-1.7175209011937992E-7i
93.19926667627423,88.1331212160186,8.273885809316614,1.4359356245045487E-6-3.435041783633564E-11i,0.007179678161721084-1.7175209011937992E-7i
91.24005835007424,90.79517114066137,8.343288915843202,1.435935623316346E-6-3.435041780791143E-11i,0.007179678161721084-1.7175209011937992E-7i
87.85350638578782,90.52490103364241,7.975151475517438,1.4359356236418759E-6-3.435041781569879E-11i,0.007179678161721084-1.7175209011937995E-7i
89.3781256020086,89.49009090954011,5.980410319107079,1.4359356306121168E-6-3.435041798244072E-11i,0.007179678161721084-1.7175209011937995E-7i
90.76333777391197,95.34931478114214,13,1.4359356173852359E-6-3.435041766602763E-11i,0.007179678161721085-1.7175209011937992E-7i
89.87582724370435,87.23859635461366,8.000000000000007,1.435935622544937E-6-3.4350417789457866E-11i,0.007179678161721085-1.7175209011937992E-7i
97.90936946039388,85.80106511842945,4.63189674070064,1.4359356414551713E-6-3.4350418241828015E-11i,0.007179678161721084-1.7175209011937992E-7i
100,81.29875202975072,4.977634032409023,1.4359356403393032E-6-3.435041821513423E-11i,0.007179678161721085-1.7175209011938E-7i
100,83.17521545907093,4.371511595863005,1.4359356460731167E-6-3.43504183522984E-11i,0.0071796781617210845-1.7175209011938E-7i
97.86738333446148,81.56209921376545,5.287155402822918,1.4359356317101563E-6-3.4350418008707955E-11i,0.007179678161721083-1.7175209011937997E-7i
100,80.05960252751865,7.3262074251199785,1.4359356264045236E-6-3.43504178817868E-11i,0.0071796781617210845-1.7175209011938E-7i
97.50745129328266,83.65911032286316,4.981724298490332,1.4359356370976499E-6-3.435041813758754E-11i,0.007179678161721084-1.7175209011937995E-7i
95.22528698736497,82.51083265906557,5.415775928139994,1.4359356346951101E-6-3.435041808011401E-11i,0.007179678161721085-1.7175209011937992E-7i
95.9546903517324,81.2585777636484,4.165775928140007,1.43593564271604E-6-3.4350418271990516E-11i,0.007179678161721084-1.7175209011937992E-7i
95.40661597897066,85.97853043726785,4.421869293396085,1.4359356440217056E-6-3.435041830322459E-11i,0.007179678161721084-1.7175209011937992E-7i
95.01456728232915,83.75541632953276,4.207887964069996,1.4359356396100696E-6-3.4350418197689535E-11i,0.007179678161721084-1.7175209011937992E-7i
93.3450408485585,83.50450979083432,5.500000000000019,1.4359356329580002E-6-3.4350418038558835E-11i,0.007179678161721083-1.7175209011937997E-7i
85.91936549305323,95.57811171262362,8.70891587681574,1.4359356223381465E-6-3.435041778451101E-11i,0.0071796781617210845-1.7175209011937992E-7i
87.39700762870815,93.49800238012484,7.354608592533265,1.4359356243225634E-6-3.435041783198218E-11i,0.007179678161721084-1.7175209011937995E-7i
84.58151456178456,100,6.1965807815640055,1.4359356329641246E-6-3.435041803870544E-11i,0.0071796781617210845-1.7175209011937997E-7i
86.36032626181982,97.4661357112065,7.231958166825313,1.4359356252353526E-6-3.435041785381794E-11i,0.007179678161721082-1.7175209011937997E-7i
83.73877398855714,100,9.204969675385405,1.4359356224306023E-6-3.435041778672275E-11i,0.007179678161721085-1.7175209011937997E-7i
87.02929319391491,97.00101704803436,4.764128188150728,1.435935645803131E-6-3.435041834583986E-11i,0.007179678161721084-1.7175209011937995E-7i
86.6375232589758,94.91334544239756,5.391764671851276,1.435935632788617E-6-3.4350418034506956E-11i,0.007179678161721085-1.7175209011937992E-7i
82.91299101826058,97.20885318577288,7.17095050220329,1.4359356229578748E-6-3.4350417799336154E-11i,0.007179678161721084-1.7175209011937992E-7i
81.5308687645884,100,6.6680583547202374,1.435935629066021E-6-3.435041794545511E-11i,0.007179678161721086-1.7175209011937995E-7i
83.00365240184256,100,4.554548668477414,1.4359356501305875E-6-3.435041844936112E-11i,0.0071796781617210845-1.7175209011937997E-7i
83.92177487029275,97.8299276420695,5.142427748247686,1.4359356381130609E-6-3.435041816187814E-11i,0.007179678161721082-1.7175209011937997E-7i
84.76871778586562,100,4.2542914902066205,1.435935650354054E-6-3.43504184547069E-11i,0.007179678161721084-1.7175209011937997E-7i
88.95701904997846,87.13569767902924,5.499999999999983,1.4359356345669E-6-3.435041807704695E-11i,0.007179678161721084-1.7175209011937995E-7i
91.32661595367283,88.07878478367891,5.69809312362353,1.4359356296246898E-6-3.4350417958819555E-11i,0.007179678161721084-1.7175209011937992E-7i
90.77741653936495,85.03263139281286,5.500000000000015,1.4359356322231931E-6-3.4350418020980905E-11i,0.0071796781617210845-1.7175209011937992E-7i
93.27510630533703,86.66747865781771,5.415775928139981,1.435935631240455E-6-3.435041799747183E-11i,0.007179678161721082-1.7175209011938003E-7i
93.52524404371009,85.27148785166487,4.345474185175166,1.4359356372736982E-6-3.435041814179893E-11i,0.007179678161721086-1.7175209011937992E-7i
92.20058756441304,90.26611489931076,5.500000000000022,1.4359356378066637E-6-3.435041815454857E-11i,0.007179678161721083-1.7175209011937997E-7i
92.71600810425647,92.05338875642624,5.115205159553538,1.4359356340613592E-6-3.435041806495343E-11i,0.007179678161721084-1.7175209011937995E-7i
93.94194060816659,90.87088761296455,4.249999999999996,1.4359356522415522E-6-3.435041849985956E-11i,0.007179678161721084-1.7175209011937992E-7i
92.63619216706876,89.13305744965541,4.25000000000003,1.4359356473937567E-6-3.435041838389078E-11i,0.007179678161721085-1.7175209011937992E-7i
90.72333913734748,92.60560199432571,4.370838330618203,1.4359356433505426E-6-3.435041828716906E-11i,0.0071796781617210845-1.7175209011937992E-7i
90.73387461449204,89.07214381916027,4.3490465618117815,1.4359356416893121E-6-3.435041824742918E-11i,0.007179678161721084-1.7175209011937992E-7i
90.4742409088165,91.23295866095604,3.865205159553561,1.435935644924306E-6-3.435041832481657E-11i,0.007179678161721086-1.7175209011937995E-7i
88.44464814027806,94.17713950825964,4.453414822587126,1.435935641227211E-6-3.4350418236374756E-11i,0.007179678161721084-1.7175209011937995E-7i
89.32862793375436,91.65501363815521,4.730410319107101,1.4359356429420046E-6-3.4350418277395986E-11i,0.0071796781617210845-1.7175209011937992E-7i
88.0419187136867,90.34633643128761,4.250000000000016,1.435935643473115E-6-3.4350418290101216E-11i,0.007179678161721084-1.7175209011937992E-7i
88.578856761433,88.2021037780555,4.250000000000006,1.4359356433564305E-6-3.435041828730992E-11i,0.007179678161721084-1.7175209011937992E-7i
87.22581371390342,89.22712972631577,5.500000000000005,1.4359356330335284E-6-3.435041804036567E-11i,0.007179678161721085-1.7175209011937992E-7i
87.102616891118,93.56513845728321,4.10541031910708,1.4359356473097592E-6-3.4350418381881377E-11i,0.007179678161721085-1.7175209011938E-7i
87.35852057441248,92.22795114054894,5.04038334568234,1.4359356368579037E-6-3.435041813185232E-11i,0.007179678161721082-1.7175209011938003E-7i
85.298715119351,91.93137462340829,6.3477524282091435,1.435935627542786E-6-3.435041790901631E-11i,0.007179678161721086-1.7175209011937995E-7i
85.48359108190712,90.69198880979522,4.921641276428333,1.435935635515442E-6-3.435041809973794E-11i,0.007179678161721083-1.7175209011937997E-7i
94.2011958955697,82.01948211782515,4.169623493746123,1.4359356487415585E-6-3.435041841613277E-11i,0.007179678161721085-1.7175209011937992E-7i
93.47225393175047,80.4889059789487,4.994899675302052,1.4359356388768724E-6-3.435041818014994E-11i,0.007179678161721082-1.7175209011937997E-7i
95.13817888586625,79.54477657258687,4.047134951562217,1.435935647601222E-6-3.4350418388853695E-11i,0.0071796781617210845-1.7175209011937992E-7i
100,75.38723987391617,4.9212880979221865,1.435935643919659E-6-3.43504183007835E-11i,0.007179678161721085-1.7175209011937997E-7i
100,73.4048402262221,5.757102728097863,1.4359356367454989E-6-3.4350418129163405E-11i,0.007179678161721086-1.7175209011937992E-7i
96.79407882196786,74.28310638877483,5.255322443569823,1.435935637939171E-6-3.435041815771841E-11i,0.007179678161721084-1.7175209011937995E-7i
97.62511722431866,76.45615443862933,5.2190436263833515,1.4359356362420771E-6-3.435041811712051E-11i,0.007179678161721084-1.7175209011937992E-7i
96.00420428965067,77.0447765725869,4.047134951562171,1.4359356383405943E-6-3.435041816732117E-11i,0.007179678161721085-1.7175209011937992E-7i
95.48139188936926,78.0506982455572,5.064551688528549,1.4359356326871595E-6-3.435041803207984E-11i,0.007179678161721084-1.7175209011937995E-7i
97.5798756763794,78.85441370284477,4.601337864754411,1.4359356399088165E-6-3.43504182048362E-11i,0.007179678161721083-1.7175209011937997E-7i
96.0014933948943,82.03534140830612,7.760101997917938,1.4359356226318787E-6-3.435041779153767E-11i,0.007179678161721084-1.7175209011937995E-7i
98.23699074118822,79.23838992082123,7.013745829809903,1.4359356273558509E-6-3.435041790454443E-11i,0.007179678161721084-1.7175209011937992E-7i
100,79.4489610897625,4.650026686840629,1.4359356440587085E-6-3.435041830410976E-11i,0.007179678161721085-1.7175209011937997E-7i
100,77.54780983840935,5.427951799875049,1.435935637509344E-6-3.435041814743606E-11i,0.007179678161721085-1.7175209011938E-7i
95.41146904198357,79.67317460859884,6.569248137721392,1.4359356272368732E-6-3.4350417901698255E-11i,0.007179678161721084-1.7175209011937992E-7i
100,75.93389119543413,8.446210202337273,1.4359356246815989E-6-3.435041784057102E-11i,0.007179678161721086-1.7175209011937995E-7i
97.97410735469148,74.255128575546,8.026612709295456,1.435935626344781E-6-3.4350417880357635E-11i,0.007179678161721086-1.7175209011937992E-7i
100,73.01327482958584,8.194886540287708,1.4359356284937117E-6-3.435041793176435E-11i,0.0071796781617210845-1.7175209011938E-7i
100.00000000000001,80.62858740827949,13.000000000000002,1.4359356208440215E-6-3.435041774876859E-11i,0.007179678161721084-1.7175209011937997E-7i
95.69878580011307,76.36425221079699,6.849630838530374,1.4359356260057259E-6-3.435041787224675E-11i,0.007179678161721084-1.7175209011937995E-7i
95.5715380702757,75.4684745332496,4.553493974984357,1.4359356426280542E-6-3.435041826988571E-11i,0.007179678161721086-1.7175209011937992E-7i
94.34023751189305,75.21429996295247,5.8830592350172175,1.4359356354957248E-6-3.435041809926631E-11i,0.0071796781617210845-1.7175209011937992E-7i
91.88623411982363,84.00901958166864,8.000000000000009,1.4359356253134812E-6-3.435041785568688E-11i,0.007179678161721082-1.7175209011938E-7i
90.08801399273993,83.18720589170373,6.377057460576324,1.4359356312048586E-6-3.4350417996620255E-11i,0.0071796781617210845-1.7175209011937992E-7i
92.39324085039868,81.07792847130065,7.67849397498439,1.4359356279975997E-6-3.4350417919896326E-11i,0.007179678161721083-1.7175209011937997E-7i
92.90024758097377,78.14683736093266,7.3569879499687705,1.435935626554218E-6-3.435041788536776E-11i,0.007179678161721085-1.7175209011937992E-7i
94.16477308506046,84.01803916333726,13,1.4359356230438126E-6-3.4350417801391995E-11i,0.007179678161721085-1.7175209011937992E-7i
88.2841684445935,84.26176243999193,8.000000000000005,1.4359356249754537E-6-3.435041784760059E-11i,0.0071796781617210845-1.7175209011937992E-7i
81.83696866719015,95.91598086906912,5.750752250907187,1.4359356303875188E-6-3.4350417977067915E-11i,0.007179678161721085-1.7175209011937997E-7i
81.20664269352994,94.88075353923932,7.613851481101552,1.4359356233307122E-6-3.435041780825518E-11i,0.007179678161721084-1.7175209011937995E-7i
79.63432059417133,97.02263139319115,6.218393344043812,1.4359356304066202E-6-3.435041797752489E-11i,0.007179678161721084-1.7175209011937995E-7i
80.3381775813461,97.61859505547916,9.114714236455116,1.435935623597928E-6-3.4350417814647545E-11i,0.007179678161721085-1.7175209011937992E-7i
80.52362854371965,100,8.746260422853608,1.4359356247336908E-6-3.4350417841817184E-11i,0.007179678161721084-1.7175209011937997E-7i
78.3293056674209,100,6.762522100852703,1.4359356290746669E-6-3.435041794566191E-11i,0.007179678161721086-1.7175209011937995E-7i
78.448476751427,95.98836266963912,7.872676932804019,1.435935627031098E-6-3.435041789677568E-11i,0.007179678161721086-1.7175209011937995E-7i
78.94141692756602,93.93725267014388,5.710238413183228,1.4359356309903142E-6-3.4350417991487916E-11i,0.007179678161721083-1.7175209011937997E-7i
76.86647723833845,95.2992108196065,7.02258012602666,1.4359356287016492E-6-3.4350417936738576E-11i,0.007179678161721084-1.7175209011937995E-7i
76.96925234707639,97.6631576430592,6.073056909935468,1.4359356324422354E-6-3.4350418026220816E-11i,0.0071796781617210845-1.7175209011937992E-7i
80.62870912366483,100.00000000000001,13.000000000000002,1.4359356218559825E-6-3.4350417772976673E-11i,0.007179678161721084-1.7175209011937997E-7i
78.93278356729516,91.97344723432926,8.186565105713388,1.4359356233331995E-6-3.435041780831465E-11i,0.007179678161721082-1.7175209011937997E-7i
81.60853924510006,93.26543687483174,5.711390251456887,1.4359356324513938E-6-3.435041802643983E-11i,0.007179678161721084-1.7175209011937992E-7i
84.14158278708234,92.07341999958436,8.930708716890411,1.43593562226269E-6-3.4350417782705965E-11i,0.007179678161721082-1.7175209011937997E-7i
86.27376156847424,87.49133921293695,8.000000000000004,1.4359356230584652E-6-3.435041780174248E-11i,0.007179678161721084-1.7175209011937992E-7i
85.50410366000995,87.71347482452217,5.499999999999992,1.4359356339143357E-6-3.4350418061436376E-11i,0.0071796781617210845-1.7175209011937992E-7i
84.69550519046908,89.46924927629162,7.8084862180330745,1.4359356233810027E-6-3.435041780945821E-11i,0.0071796781617210845-1.7175209011937992E-7i
83.96148914152144,94.19446329913154,13,1.4359356206097504E-6-3.435041774316435E-11i,0.007179678161721086-1.7175209011937992E-7i
87.86847417868155,87.85619228507264,13,1.4359356216689718E-6-3.4350417768503055E-11i,0.007179678161721084-1.7175209011937992E-7i
84.9475107301695,84.20565765755978,8.416666666666666,1.4359356224882126E-6-3.435041778810085E-11i,0.007179678161721084-1.7175209011937995E-7i
81.57116211911556,97.95799043453455,4.984798548279107,1.435935638050546E-6-3.4350418160382674E-11i,0.007179678161721083-1.7175209011937997E-7i
81.30535557104095,100,4.218844845650995,1.4359356478492057E-6-3.435041839478596E-11i,0.007179678161721084-1.7175209011937997E-7i
79.10219533120048,100,4.837105837383831,1.435935633330816E-6-3.4350418047477393E-11i,0.007179678161721085-1.7175209011937997E-7i
77.01123757611197,100,4.759013360799418,1.4359356406433664E-6-3.435041822240808E-11i,0.007179678161721085-1.7175209011938E-7i
75.46228076017111,100,6.55170959223243,1.4359356303985419E-6-3.43504179773316E-11i,0.007179678161721085-1.7175209011937997E-7i
77.92996192068658,98.22906615887828,4.535068602806431,1.4359356415748458E-6-3.435041824469089E-11i,0.007179678161721084-1.7175209011937995E-7i
96.76867850633354,73.189102978052,4.235685735545199,1.435935650520585E-6-3.4350418458690686E-11i,0.007179678161721086-1.7175209011937992E-7i
100,71.30332373894518,5.776690011628686,1.435935641523138E-6-3.435041824345399E-11i,0.007179678161721086-1.7175209011937995E-7i
97.44122430193067,71.40896492279968,6.409153040311576,1.4359356337322817E-6-3.4350418057081283E-11i,0.007179678161721084-1.7175209011937995E-7i
97.7287837744523,71.52893602208523,4.9392756820244506,1.4359356426619177E-6-3.4350418270695823E-11i,0.007179678161721086-1.7175209011937992E-7i
98.59480917823674,70.44797997370361,6.263597536621542,1.4359356375071954E-6-3.435041814738471E-11i,0.007179678161721086-1.7175209011937992E-7i
98.52240488715505,69.43494337408835,4.560199457611966,1.4359356435321774E-6-3.435041829151416E-11i,0.007179678161721085-1.7175209011937992E-7i
100,68.83808790323674,5.648643709194188,1.435935630996096E-6-3.43504179916263E-11i,0.007179678161721085-1.7175209011937997E-7i
95.17136298454344,71.76558123586959,8.581473561200248,1.4359356224375608E-6-3.435041778688923E-11i,0.007179678161721082-1.7175209011938003E-7i
94.12521741365555,69.54550047387897,5.655304421467485,1.435935631153747E-6-3.435041799539761E-11i,0.007179678161721085-1.7175209011937992E-7i
96.27869034960693,68.37084963760779,5.87178306677329,1.4359356281187974E-6-3.435041792279562E-11i,0.007179678161721084-1.7175209011937995E-7i
100,70.02453706842337,9.318573438075132,1.435935627920293E-6-3.4350417918047E-11i,0.007179678161721085-1.7175209011937997E-7i
100,73.82784910324833,13,1.4359356197317871E-6-3.435041772216171E-11i,0.007179678161721084-1.7175209011937997E-7i
86.87152505687159,82.26029726783047,6.836805555555559,1.4359356261329818E-6-3.435041787529095E-11i,0.007179678161721085-1.7175209011937992E-7i
88.0799063958057,82.63088121999591,5.49999999999999,1.4359356337456095E-6-3.4350418057400065E-11i,0.007179678161721085-1.7175209011937992E-7i
89.46126659868946,79.96977319576382,8.000000000000012,1.4359356254095182E-6-3.435041785798419E-11i,0.007179678161721082-1.7175209011937997E-7i
83.78239360611646,86.19981992272857,5.499999999999979,1.4359356323541995E-6-3.4350418024114814E-11i,0.007179678161721083-1.7175209011937997E-7i
81.74806578977119,86.62649698044096,7.374999999999989,1.4359356223396523E-6-3.435041778454697E-11i,0.007179678161721084-1.7175209011937995E-7i
87.76793905404614,80.0480723124627,5.4999999999999964,1.4359356360152237E-6-3.435041811169372E-11i,0.0071796781617210845-1.7175209011937992E-7i
90.20282610196959,87.11006799768894,4.249999999999973,1.435935646016854E-6-3.435041835095247E-11i,0.007179678161721084-1.7175209011937992E-7i
91.9246066545447,84.51631569640644,4.250000000000015,1.4359356422859454E-6-3.435041826170178E-11i,0.007179678161721084-1.7175209011937992E-7i
90.66140810998513,83.15997520041617,4.874999999999988,1.4359356419116068E-6-3.435041825274688E-11i,0.007179678161721084-1.7175209011937995E-7i
92.34239340535706,83.2522548954172,4.249999999999997,1.4359356444622329E-6-3.4350418313762846E-11i,0.007179678161721085-1.7175209011937992E-7i
91.87277356449052,81.9946981943581,5.500000000000006,1.4359356334931926E-6-3.4350418051361737E-11i,0.007179678161721086-1.7175209011937992E-7i
93.33865705340916,78.17849737378158,5.2971349515622,1.4359356356026543E-6-3.435041810182421E-11i,0.007179678161721084-1.7175209011937995E-7i
92.00910154433583,76.04999660689688,5.5000000000000275,1.4359356333932478E-6-3.435041804897089E-11i,0.007179678161721084-1.7175209011937992E-7i
90.40050628042253,80.48488659788188,5.499999999999993,1.4359356341506666E-6-3.435041806708976E-11i,0.007179678161721084-1.7175209011937992E-7i
91.73615152507354,80.24244329894093,4.250000000000018,1.4359356498811795E-6-3.4350418443394766E-11i,0.007179678161721085-1.7175209011937992E-7i
87.16417053965814,85.2112604152391,5.4999999999999805,1.4359356362354537E-6-3.4350418116962025E-11i,0.007179678161721082-1.7175209011938E-7i
89.33851739266112,85.05523086321615,4.250000000000016,1.4359356406284931E-6-3.4350418222052227E-11i,0.0071796781617210845-1.7175209011937992E-7i
87.60119069795536,86.12202970934196,4.249999999999971,1.4359356456321692E-6-3.4350418341750095E-11i,0.007179678161721086-1.7175209011937992E-7i
88.8438007751962,83.31544060999798,4.2500000000000115,1.4359356463899365E-6-3.435041835987735E-11i,0.007179678161721085-1.7175209011937992E-7i
88.68781710431641,81.02403615623133,4.250000000000011,1.4359356436483801E-6-3.435041829429392E-11i,0.007179678161721086-1.7175209011937992E-7i
85.7560897050925,88.66623817197022,4.24999999999998,1.4359356456529175E-6-3.4350418342246384E-11i,0.007179678161721084-1.7175209011937992E-7i
86.77115725813125,87.37313691398349,4.249999999999976,1.4359356417608549E-6-3.435041824914058E-11i,0.0071796781617210845-1.7175209011937992E-7i
93.83948726270681,75.46847453324959,4.553493974984369,1.435935643943177E-6-3.435041830134604E-11i,0.007179678161721084-1.7175209011937992E-7i
91.20480391237919,78.26744160238938,5.500000000000011,1.435935637887995E-6-3.435041815649409E-11i,0.007179678161721082-1.7175209011937997E-7i
92.33920150778242,78.5892486868908,4.148567475781101,1.4359356513634207E-6-3.4350418478852975E-11i,0.007179678161721086-1.7175209011937992E-7i
83.05902403892857,89.95357791099015,5.683414981858594,1.435935632918915E-6-3.435041803762392E-11i,0.007179678161721082-1.7175209011937997E-7i
83.88134866089064,92.2745006257895,5.0505612815751615,1.4359356367811418E-6-3.435041813001599E-11i,0.007179678161721085-1.7175209011937992E-7i
81.44967950710263,89.45955584050272,7.509983810975659,1.4359356235896563E-6-3.435041781444955E-11i,0.007179678161721086-1.7175209011937995E-7i
83.86749100332675,88.7489339612813,4.250000000000005,1.435935640756355E-6-3.4350418225110947E-11i,0.0071796781617210845-1.7175209011937992E-7i
81.441057873784,87.93972217267114,5.499999999999991,1.4359356348093582E-6-3.435041808284701E-11i,0.007179678161721086-1.7175209011937992E-7i
79.25402400248754,87.89478963284185,7.687499999999991,1.435935623639981E-6-3.435041781565343E-11i,0.007179678161721084-1.7175209011937995E-7i
84.09220927507874,94.79700723805855,5.9820517277124,1.4359356312862159E-6-3.4350417998566533E-11i,0.007179678161721082-1.7175209011937997E-7i
85.11777899913454,93.96992813478883,4.2966412764283515,1.435935645151243E-6-3.4350418330245364E-11i,0.007179678161721083-1.7175209011937997E-7i
85.11777899913453,95.70197894235773,4.296641276428327,1.4359356474913851E-6-3.4350418386226227E-11i,0.007179678161721085-1.7175209011937992E-7i
83.87460591043892,90.73165366968621,4.152051595535435,1.4359356506532888E-6-3.4350418461865166E-11i,0.007179678161721085-1.7175209011937992E-7i
82.91848433359507,96.22593962696568,4.375376125453591,1.4359356453529247E-6-3.435041833507E-11i,0.0071796781617210845-1.7175209011937992E-7i
82.52639622984664,93.93281332503953,4.343282552856673,1.4359356452745714E-6-3.4350418333195607E-11i,0.007179678161721084-1.7175209011937992E-7i
82.38409588540006,91.60831495172305,4.15205159553545,1.4359356453778452E-6-3.4350418335666175E-11i,0.0071796781617210845-1.7175209011937992E-7i
80.26495523590387,95.8178663456855,4.487898496516137,1.4359356427204617E-6-3.4350418272096234E-11i,0.007179678161721083-1.7175209011937997E-7i
78.28674736068638,95.30497820898849,4.822370749846019,1.4359356387917537E-6-3.4350418178113737E-11i,0.0071796781617210845-1.7175209011937992E-7i
80.6071358900837,89.48120630118572,5.499999999999986,1.43593563723694E-6-3.435041814091957E-11i,0.007179678161721085-1.7175209011937992E-7i
81.02639622984663,93.06678792125511,4.3432825528567065,1.4359356399703462E-6-3.4350418206308085E-11i,0.007179678161721086-1.7175209011937992E-7i
80.2345629761352,91.39038474306929,5.405817458076731,1.4359356365074445E-6-3.435041812346861E-11i,0.007179678161721083-1.7175209011937997E-7i
74.35392455773803,97.76947587583338,6.780394479015009,1.4359356282676742E-6-3.435041792635703E-11i,0.007179678161721084-1.7175209011937992E-7i
72.15528523943098,100,8.900389191632694,1.4359356232476661E-6-3.435041780626851E-11i,0.007179678161721086-1.7175209011937992E-7i
73.24575462077708,100,5.2484532944355085,1.4359356385673187E-6-3.435041817274488E-11i,0.007179678161721085-1.7175209011938E-7i
75.92996192068655,98.2290661588783,4.535068602806447,1.4359356392247537E-6-3.435041818847208E-11i,0.0071796781617210845-1.7175209011937992E-7i
75.22071969518427,100,4.410421925260099,1.4359356426137321E-6-3.43504182695431E-11i,0.007179678161721084-1.7175209011937997E-7i
74.10486036667561,98.43186248191306,4.61126762443447,1.4359356427238773E-6-3.4350418272178E-11i,0.007179678161721085-1.7175209011937992E-7i
75.35430505331712,96.45813231775665,5.1906305252131775,1.4359356398099205E-6-3.4350418202470374E-11i,0.007179678161721084-1.7175209011937992E-7i
76.67715252665855,96.49701535130946,4.095315262606604,1.4359356485305217E-6-3.435041841108439E-11i,0.007179678161721085-1.7175209011937992E-7i
72.98900103816695,96.86372496382616,4.812113323608856,1.4359356404709639E-6-3.435041821828386E-11i,0.007179678161721084-1.7175209011937992E-7i
76.64570737428132,91.64208891518366,6.420747216726196,1.4359356265974743E-6-3.435041788640257E-11i,0.007179678161721084-1.7175209011937995E-7i
79.98319589182378,94.09624749155233,4.296641276428336,1.4359356374541463E-6-3.43504181461156E-11i,0.0071796781617210845-1.7175209011937992E-7i
78.98319589182378,92.36419668398344,4.296641276428328,1.4359356449589328E-6-3.4350418325644895E-11i,0.007179678161721086-1.7175209011937992E-7i
76.3543050533171,94.72608151018775,5.190630525213198,1.4359356356576102E-6-3.4350418103138894E-11i,0.007179678161721084-1.7175209011937995E-7i
77.17715252665857,93.89893913995611,4.095315262606593,1.4359356493669469E-6-3.435041843109335E-11i,0.007179678161721085-1.7175209011937992E-7i
77.36918521005475,92.32531365043066,4.921641276428336,1.4359356374708153E-6-3.435041814651428E-11i,0.007179678161721084-1.7175209011937992E-7i
86.98937958302714,81.04853771261679,4.250000000000009,1.43593564477348E-6-3.435041832120851E-11i,0.007179678161721084-1.7175209011937995E-7i
84.67254382552188,86.91189200539893,4.24999999999998,1.4359356444034655E-6-3.4350418312357066E-11i,0.0071796781617210845-1.7175209011937992E-7i
85.04277088895849,81.5510682404865,5.500000000000008,1.435935633227873E-6-3.435041804501485E-11i,0.007179678161721083-1.7175209011937997E-7i
84.41258224753747,83.87544408160753,5.499999999999993,1.4359356346686234E-6-3.435041807948041E-11i,0.007179678161721084-1.7175209011937995E-7i
83.62745131311857,81.9089558140321,7.375000000000007,1.4359356260830964E-6-3.435041787409755E-11i,0.007179678161721085-1.7175209011937997E-7i
85.95165317633217,84.93221395538936,4.249999999999984,1.435935647293733E-6-3.435041838149798E-11i,0.007179678161721084-1.7175209011937992E-7i
86.46695926971631,83.47412437932229,4.875000000000015,1.4359356373351958E-6-3.435041814327008E-11i,0.0071796781617210845-1.7175209011937992E-7i
81.80859028448917,83.68536959405043,6.75,1.4359356258232799E-6-3.4350417867882226E-11i,0.007179678161721083-1.7175209011937997E-7i
81.6944003507288,87.00262193090961,4.249999999999984,1.4359356459964814E-6-3.435041835046509E-11i,0.007179678161721084-1.7175209011937995E-7i
80.04783507500257,86.30242046288556,5.499999999999987,1.4359356355151117E-6-3.435041809973007E-11i,0.0071796781617210845-1.7175209011937992E-7i
80.220528936892,87.90768325984449,4.2500000000000115,1.4359356462794165E-6-3.435041835723346E-11i,0.007179678161721085-1.7175209011937992E-7i
78.37999110760194,89.38538871991473,5.499999999999974,1.4359356360091564E-6-3.435041811154854E-11i,0.007179678161721082-1.7175209011938003E-7i
83.36185791820718,85.17866134054049,4.249999999999984,1.4359356440729708E-6-3.4350418304450996E-11i,0.007179678161721086-1.7175209011937992E-7i
78.5749896228971,87.42124221529704,4.874999999999994,1.4359356412208108E-6-3.4350418236221604E-11i,0.0071796781617210845-1.7175209011937992E-7i
78.14505322368089,84.68304538039094,5.761217058711425,1.435935633314525E-6-3.435041804708766E-11i,0.007179678161721083-1.7175209011937997E-7i
92.5404491570302,77.02499830344846,4.250000000000015,1.4359356485073577E-6-3.435041841053028E-11i,0.007179678161721085-1.7175209011937992E-7i
90.56386510204061,75.75967052134894,4.169623493746099,1.4359356471778948E-6-3.435041837872684E-11i,0.007179678161721085-1.7175209011937992E-7i
92.82693534309301,73.18944980469583,5.392641580607567,1.4359356354971008E-6-3.435041809929921E-11i,0.007179678161721083-1.7175209011937997E-7i
94.86894265939408,72.28946631449105,5.219637841012245,1.4359356356744513E-6-3.4350418103541834E-11i,0.007179678161721083-1.7175209011937997E-7i
94.70551266649124,73.96847453324962,4.5534939749843995,1.4359356454781515E-6-3.4350418338065736E-11i,0.007179678161721085-1.7175209011937992E-7i
92.10743645513796,74.27499830344841,4.249999999999989,1.435935644877893E-6-3.4350418323706294E-11i,0.0071796781617210845-1.7175209011937992E-7i
90.31963494428729,74.44131500295657,4.249999999999988,1.4359356432660945E-6-3.435041828514893E-11i,0.007179678161721086-1.7175209011937995E-7i
94.01716829087655,77.19998642758746,13,1.4359356224331512E-6-3.435041778678368E-11i,0.007179678161721083-1.7175209011937997E-7i
89.9102965392467,74.39937419894935,6.379914448189196,1.4359356256495746E-6-3.43504178637269E-11i,0.007179678161721083-1.7175209011937997E-7i
89.96827332926453,77.03868208539582,7.678493974984392,1.4359356225123157E-6-3.4350417788677415E-11i,0.007179678161721084-1.7175209011937992E-7i
92.6152161465545,74.55478632163315,8.430443316014935,1.4359356219553166E-6-3.435041777535293E-11i,0.007179678161721085-1.7175209011937992E-7i
88.39533458850936,80.71444352490548,13,1.4359356230003357E-6-3.43504178003519E-11i,0.007179678161721084-1.7175209011937992E-7i
87.12274210867825,76.00064628056235,7.766719674711861,1.4359356258943694E-6-3.4350417869582865E-11i,0.007179678161721084-1.7175209011937995E-7i
85.44631234174798,80.13254203401378,8.000000000000014,1.435935623953008E-6-3.4350417823141656E-11i,0.007179678161721084-1.7175209011937995E-7i
82.92145040834332,79.64765543613188,5.500000000000003,1.4359356324252643E-6-3.435041802581476E-11i,0.007179678161721084-1.7175209011937992E-7i
84.30164932435606,76.77900677419132,8.000000000000014,1.4359356276882092E-6-3.435041791249506E-11i,0.007179678161721083-1.7175209011937997E-7i
85.18871106031496,78.55645942053067,5.500000000000003,1.435935635421396E-6-3.4350418097488203E-11i,0.007179678161721084-1.7175209011937992E-7i
76.64793242505844,100,9.259757584404063,1.4359356220920538E-6-3.435041777862402E-11i,0.007179678161721084-1.7175209011937995E-7i
76.06548181493412,97.85417875902709,9.141193966355742,1.4359356216061269E-6-3.435041776699967E-11i,0.007179678161721083-1.7175209011937997E-7i
73.70942981926251,95.38173466811554,7.690630525213164,1.43593562304243E-6-3.435041780135889E-11i,0.007179678161721084-1.7175209011937995E-7i
71.97800207633394,97.19155154279007,6.624226647217727,1.4359356305316988E-6-3.435041798051702E-11i,0.0071796781617210845-1.7175209011937992E-7i
71.03763008189895,97.35772048968738,8.522339510768175,1.4359356230277533E-6-3.435041780100778E-11i,0.007179678161721084-1.7175209011937992E-7i
73.82684206701013,99.99999999999999,12.999999999999996,1.4359356172709152E-6-3.435041766329283E-11i,0.007179678161721084-1.7175209011937997E-7i
74.30884044361841,92.204773277065,8.05690404158169,1.4359356214235265E-6-3.4350417762631455E-11i,0.007179678161721083-1.7175209011937997E-7i
77.17582909169523,94.18171904044854,13,1.4359356200295938E-6-3.435041772928583E-11i,0.0071796781617210845-1.7175209011937992E-7i
76.81713681769604,89.3964801254887,8.41577904933674,1.435935620762596E-6-3.435041774682067E-11i,0.007179678161721085-1.7175209011937992E-7i
75.73670379091298,89.059507499347,5.4999999999999805,1.4359356337743368E-6-3.435041805808723E-11i,0.007179678161721085-1.7175209011937997E-7i
81.4313580848065,80.29531087226374,8.00000000000002,1.4359356251594089E-6-3.435041785200116E-11i,0.007179678161721082-1.7175209011938003E-7i
80.37508259010639,87.79550277150736,13,1.435935619713577E-6-3.435041772172611E-11i,0.007179678161721084-1.7175209011937995E-7i
83.320032904004,82.86825220614416,13,1.4359356199123797E-6-3.435041772648184E-11i,0.007179678161721086-1.7175209011937992E-7i
79.09567015000518,84.72919657875325,8.000000000000005,1.4359356246997267E-6-3.435041784100462E-11i,0.007179678161721085-1.7175209011937992E-7i
78.92578372436678,82.67352798868401,5.670185567098784,1.4359356329641494E-6-3.435041803870596E-11i,0.0071796781617210845-1.7175209011937992E-7i
77.83244318016627,82.08983582685968,8.00000000000001,1.4359356247500959E-6-3.4350417842209526E-11i,0.007179678161721085-1.7175209011937992E-7i
71.91656342113966,95.02648803332895,6.062113323608843,1.4359356331347192E-6-3.4350418042786375E-11i,0.007179678161721086-1.7175209011937995E-7i
70.71024953189074,94.38310308558007,7.999999999999959,1.4359356243945477E-6-3.4350417833704216E-11i,0.007179678161721084-1.7175209011937995E-7i
71.85512476594538,92.86142452386784,5.499999999999959,1.4359356348100417E-6-3.4350418082863443E-11i,0.007179678161721084-1.7175209011937995E-7i
71.30187992277446,91.5387614456009,7.986150252992182,1.4359356241678918E-6-3.435041782828214E-11i,0.0071796781617210845-1.7175209011937992E-7i
69.13985027586989,98.17056549941523,6.2104746594137055,1.4359356311733032E-6-3.435041799586546E-11i,0.007179678161721084-1.7175209011937992E-7i
69.68999785058027,95.67569145672056,6.062113323608848,1.4359356364164433E-6-3.435041812129167E-11i,0.007179678161721085-1.7175209011937992E-7i
76.40428932625302,85.73258719968466,8.300866807289857,1.4359356232582633E-6-3.4350417806521975E-11i,0.007179678161721084-1.7175209011937992E-7i
76.92945030890222,86.9348011707496,5.499999999999976,1.4359356332100566E-6-3.435041804458857E-11i,0.007179678161721084-1.7175209011937992E-7i
74.06432460497166,88.57917460958292,6.715096891889162,1.4359356266578237E-6-3.4350417887846205E-11i,0.007179678161721082-1.7175209011937997E-7i
71.83345877961469,88.85131620654829,7.895310314685317,1.4359356257100449E-6-3.435041786517347E-11i,0.007179678161721086-1.7175209011937992E-7i
67.1392077201,100,4.590147091014138,1.4359356404040946E-6-3.4350418216684206E-11i,0.007179678161721086-1.7175209011937995E-7i
65.36492586654325,100,5.537509911546751,1.4359356350439981E-6-3.435041808846005E-11i,0.007179678161721086-1.7175209011937995E-7i
66.93157773134534,97.51292838721771,5.2914625690370425,1.43593563582909E-6-3.4350418107240986E-11i,0.007179678161721084-1.7175209011937992E-7i
67.92232367572825,100,7.165850276148221,1.4359356285493317E-6-3.4350417933094865E-11i,0.0071796781617210845-1.7175209011938E-7i
65.12380169620626,97.02441338603998,4.257964928350641,1.4359356391717096E-6-3.4350418187203075E-11i,0.007179678161721085-1.7175209011937992E-7i
64.24760339241249,97.51292838721771,5.515929856701329,1.4359356303599873E-6-3.4350417976409253E-11i,0.007179678161721084-1.7175209011937995E-7i
71.9155274067893,98.43186248191307,5.212132592504853,1.435935638368044E-6-3.435041816797786E-11i,0.0071796781617210845-1.7175209011937992E-7i
70.84205377541161,100,5.6121518614008465,1.435935637672085E-6-3.4350418151329086E-11i,0.007179678161721086-1.7175209011937995E-7i
67.96578886567266,97.8904387898244,4.145731284518536,1.4359356508487154E-6-3.435041846654019E-11i,0.007179678161721085-1.7175209011937992E-7i
68.79768208153996,100,4.611745919209149,1.435935639875271E-6-3.435041820403368E-11i,0.0071796781617210845-1.7175209011938E-7i
69.90308038157711,98.0528974603957,4.806990899939253,1.4359356418983243E-6-3.435041825242909E-11i,0.0071796781617210845-1.7175209011937992E-7i
70.84499892529013,96.10579492079141,4.531056661804417,1.435935643165482E-6-3.4350418282742035E-11i,0.007179678161721084-1.7175209011937992E-7i
60.666472390165495,100,5.695153829809411,1.4359356291839E-6-3.435041794827496E-11i,0.007179678161721085-1.7175209011938E-7i
62.80873560247214,100,5.739071740218236,1.4359356370820562E-6-3.435041813721448E-11i,0.007179678161721085-1.7175209011938E-7i
61.18642631999671,100,8.06371942680542,1.4359356307545265E-6-3.435041798584746E-11i,0.0071796781617210845-1.7175209011938E-7i
61.71701485620461,97.89043878982444,6.789824641753383,1.4359356307201927E-6-3.435041798502617E-11i,0.007179678161721085-1.7175209011937997E-7i
100,59.217419107197344,6.439261524552828,1.4359356312798182E-6-3.435041799841347E-11i,0.007179678161721085-1.7175209011937997E-7i
100,56.54071956935312,7.00688973694974,1.4359356289783448E-6-3.435041794335764E-11i,0.0071796781617210845-1.7175209011937997E-7i
100,58.95818041242495,8.529242094454382,1.4359356227827092E-6-3.43504177951458E-11i,0.0071796781617210845-1.7175209011938E-7i
97.78344217340714,57.341861035222756,6.465307051855678,1.4359356311534784E-6-3.4350417995391155E-11i,0.007179678161721085-1.7175209011937992E-7i
98.2750876647609,64.5995380156097,6.725481992307643,1.435935626285503E-6-3.435041787893962E-11i,0.007179678161721085-1.7175209011937992E-7i
100,64.91287805531906,5.156435773302602,1.4359356354247507E-6-3.435041809756846E-11i,0.007179678161721085-1.7175209011937997E-7i
100,66.92583952755614,7.3802219568592315,1.435935625098612E-6-3.435041785054686E-11i,0.0071796781617210845-1.7175209011937997E-7i
100,62.41347837140253,7.859539407175384,1.4359356224400342E-6-3.435041778694838E-11i,0.007179678161721085-1.7175209011937992E-7i
98.271518428596,63.79976900780486,4.862740996153812,1.4359356386058617E-6-3.435041817366698E-11i,0.007179678161721086-1.7175209011937992E-7i
96.16865694476141,66.3702792640435,7.062085785415715,1.4359356306931886E-6-3.435041798438011E-11i,0.007179678161721085-1.7175209011938E-7i
96.03296130567789,65.54003593695722,5.496519783205359,1.4359356359240707E-6-3.435041810951322E-11i,0.007179678161721084-1.7175209011937992E-7i
98.02237384627053,67.16115328551199,5.561062022136696,1.4359356337802667E-6-3.435041805822919E-11i,0.007179678161721084-1.7175209011937995E-7i
100,66.89725428858735,4.777035674611854,1.4359356423737239E-6-3.4350418263801654E-11i,0.007179678161721085-1.7175209011937997E-7i
97.02754387621604,69.72718027609332,4.414821679759376,1.4359356432237034E-6-3.4350418284134865E-11i,0.007179678161721082-1.7175209011938E-7i
98.10974905220391,68.10904424850946,4.280164136517272,1.4359356443833167E-6-3.435041831187505E-11i,0.007179678161721086-1.7175209011937992E-7i
95.29549306864718,67.72718027609329,4.41482167975941,1.4359356428417799E-6-3.435041827499843E-11i,0.007179678161721086-1.7175209011937995E-7i
97.1504552490545,65.2700179684786,4.248259891602697,1.4359356458348216E-6-3.4350418346597884E-11i,0.007179678161721084-1.7175209011937992E-7i
96.28442984527005,66.7700179684786,4.248259891602688,1.4359356438679776E-6-3.435041829954712E-11i,0.007179678161721085-1.7175209011937992E-7i
100,62.72407806401493,4.595460770942438,1.4359356427221883E-6-3.435041827213762E-11i,0.007179678161721084-1.7175209011937997E-7i
96.54303685719204,63.14309898795019,5.647264105656343,1.4359356332894416E-6-3.4350418046487646E-11i,0.007179678161721084-1.7175209011937995E-7i
93.5633213058367,70.83017883399724,4.25,1.4359356458305799E-6-3.435041834649645E-11i,0.007179678161721086-1.7175209011937992E-7i
93.30065054091096,67.56454213631316,4.875000000000024,1.4359356410600725E-6-3.435041823237645E-11i,0.007179678161721082-1.7175209011938003E-7i
92.55702040944692,70.41510359531654,5.185663386507606,1.4359356350041164E-6-3.4350418087506085E-11i,0.007179678161721084-1.7175209011937992E-7i
92.33266760477204,69.06014286874628,6.952849772685752,1.4359356256212784E-6-3.435041786305001E-11i,0.007179678161721086-1.7175209011937992E-7i
94.48810045432435,65.69822628508079,4.2500000000000195,1.4359356407638698E-6-3.435041822529072E-11i,0.007179678161721084-1.7175209011937995E-7i
95.35412585810876,64.19822628508085,4.249999999999988,1.435935648561696E-6-3.4350418411830155E-11i,0.0071796781617210845-1.7175209011937992E-7i
94.1723533313553,64.39645257016161,5.500000000000005,1.4359356337441624E-6-3.435041805736548E-11i,0.007179678161721084-1.7175209011937992E-7i
90.7025743295576,68.06454213631315,4.875000000000009,1.4359356426510992E-6-3.435041827043698E-11i,0.007179678161721085-1.7175209011937992E-7i
100,57.3047650184281,5.085314872927691,1.4359356412924151E-6-3.435041823793452E-11i,0.007179678161721085-1.7175209011937997E-7i
98.18945569672982,55.03094602010455,7.624508425157459,1.4359356262784692E-6-3.435041787877129E-11i,0.0071796781617210845-1.7175209011937992E-7i
91.61680971273275,66.26651632051234,5.187500000000017,1.435935633736284E-6-3.4350418057177017E-11i,0.007179678161721083-1.7175209011937997E-7i
96.77042954270861,67.90872110437329,8.659286719037562,1.4359356242890637E-6-3.4350417831180804E-11i,0.007179678161721084-1.7175209011937995E-7i
96.55017532952184,64.28619797590038,8.294528211312644,1.4359356243123764E-6-3.435041783173844E-11i,0.0071796781617210845-1.7175209011937992E-7i
93.29408186542867,62.300327928425276,7.96488485179386,1.4359356261301658E-6-3.435041787522362E-11i,0.007179678161721084-1.7175209011937992E-7i
100.00000000000001,67.01576634522698,13,1.4359356185178625E-6-3.435041769312226E-11i,0.0071796781617210845-1.7175209011938E-7i
96.32992111633506,60.663674847427494,7.929769703587727,1.4359356234417752E-6-3.435041781091192E-11i,0.007179678161721084-1.7175209011937995E-7i
96.32992111633504,57.286005002184886,8.847448733523303,1.4359356217606892E-6-3.435041777069707E-11i,0.007179678161721085-1.7175209011937992E-7i
96.21764089557172,54.434875824919644,5.923724366761655,1.4359356316227677E-6-3.435041800661748E-11i,0.0071796781617210845-1.7175209011937992E-7i
99.99999999999999,60.19805429546274,13.000000000000002,1.4359356205587035E-6-3.4350417741943216E-11i,0.0071796781617210845-1.7175209011938E-7i
100,55.65813868091734,9.694897467046545,1.4359356229419448E-6-3.435041779895505E-11i,0.007179678161721085-1.7175209011938E-7i
100,53.31531252461183,6.732130159578967,1.4359356285046823E-6-3.43504179320267E-11i,0.007179678161721085-1.7175209011937997E-7i
93.561868539995,66.53734205303154,7.625063785291539,1.435935626282398E-6-3.43504178788653E-11i,0.007179678161721082-1.7175209011938003E-7i
89.58458763511926,67.69539499194087,7.674111211338898,1.4359356253461604E-6-3.435041785646864E-11i,0.007179678161721084-1.7175209011937995E-7i
91.43645712655515,71.32611860729396,7.973056569346218,1.4359356236236776E-6-3.4350417815263484E-11i,0.007179678161721084-1.7175209011937992E-7i
93.95462584860041,70.42180772423765,13,1.4359356203578309E-6-3.435041773713794E-11i,0.007179678161721085-1.7175209011937992E-7i
56.565375753002016,100,5.39966877620523,1.4359356379908518E-6-3.435041815895465E-11i,0.0071796781617210845-1.7175209011937997E-7i
57.544139454153836,98.05777409767963,6.49612644313588,1.4359356314243147E-6-3.4350418001870067E-11i,0.007179678161721086-1.7175209011937992E-7i
58.24178867277147,100,8.38662501207624,1.4359356243264943E-6-3.435041783207618E-11i,0.007179678161721085-1.7175209011937997E-7i
53.98518759160496,100,7.5024893437735996,1.4359356250885264E-6-3.435041785030552E-11i,0.007179678161721086-1.7175209011937995E-7i
67.07203660685158,96.3329774908432,7.351838408882167,1.4359356273848042E-6-3.435041790523697E-11i,0.007179678161721082-1.7175209011937997E-7i
64.32410035109687,100,9.289939521210346,1.4359356266118303E-6-3.4350417886745945E-11i,0.007179678161721085-1.7175209011937997E-7i
67.68222113614263,98.28912486345611,8.742265242823704,1.435935624214973E-6-3.435041782940839E-11i,0.007179678161721086-1.7175209011937992E-7i
67.01415606055285,100,13,1.4359356153277007E-6-3.4350417616807294E-11i,0.007179678161721084-1.7175209011937997E-7i
63.49520678482496,96.75790758200435,8.0318597134027,1.43593562869715E-6-3.4350417936630874E-11i,0.007179678161721084-1.7175209011937992E-7i
53.30584645458602,97.92619979347256,6.113725286549005,1.4359356335013485E-6-3.435041805155684E-11i,0.0071796781617210845-1.7175209011937992E-7i
56.3465332253199,96.11554819535922,8.193312506038135,1.435935625740546E-6-3.435041786590309E-11i,0.007179678161721082-1.7175209011937997E-7i
60.201792938059974,100,13,1.4359356207977804E-6-3.435041774766241E-11i,0.0071796781617210845-1.7175209011938E-7i
89.83745478699406,73.01631415468077,4.875000000000018,1.4359356354366451E-6-3.4350418097853E-11i,0.007179678161721084-1.7175209011937992E-7i
88.5459688840516,71.6449790615459,7.943181818181836,1.4359356252582208E-6-3.435041785436497E-11i,0.007179678161721086-1.7175209011937992E-7i
91.83127049826783,71.83017883399725,4.250000000000019,1.4359356449630693E-6-3.435041832574392E-11i,0.0071796781617210845-1.7175209011937992E-7i
90.05404792363986,70.4652634049295,5.5000000000000275,1.435935635245753E-6-3.435041809328644E-11i,0.007179678161721082-1.7175209011938E-7i
86.9430644564644,69.23158834653042,6.65865528973255,1.435935626868733E-6-3.435041789289159E-11i,0.007179678161721083-1.7175209011937997E-7i
89.14839696433954,69.19638166886052,4.874999999999997,1.4359356445200448E-6-3.435041831514582E-11i,0.007179678161721085-1.7175209011937992E-7i
88.68781710431642,79.02403615623135,4.250000000000005,1.4359356451955442E-6-3.4350418331305105E-11i,0.007179678161721082-1.7175209011937997E-7i
87.45597171228661,77.46526340492947,5.5000000000000036,1.4359356366912242E-6-3.4350418127864977E-11i,0.0071796781617210845-1.7175209011937992E-7i
86.9557662967476,79.02403615623136,4.2499999999999964,1.4359356414258737E-6-3.435041824112716E-11i,0.007179678161721085-1.7175209011937992E-7i
89.78798424192563,76.51934104269789,5.339246987492208,1.435935636352239E-6-3.4350418119755815E-11i,0.007179678161721085-1.7175209011937992E-7i
87.45597171228658,72.96526340492947,5.500000000000013,1.4359356315304883E-6-3.4350418004410015E-11i,0.007179678161721083-1.7175209011937997E-7i
88.53183343343669,72.48263170246472,4.250000000000016,1.4359356481161801E-6-3.435041840117249E-11i,0.007179678161721086-1.7175209011937995E-7i
88.53183343343663,74.60763170246473,4.249999999999986,1.4359356480626777E-6-3.435041839989262E-11i,0.007179678161721084-1.7175209011937995E-7i
87.4559717122866,75.21526340492947,5.500000000000009,1.4359356353663355E-6-3.435041809617102E-11i,0.007179678161721084-1.7175209011937995E-7i
81.87816655608138,84.87544564159924,4.874999999999988,1.4359356388444213E-6-3.435041817937372E-11i,0.007179678161721083-1.7175209011937997E-7i
84.84513765706812,79.78141673637357,4.249999999999977,1.4359356443078156E-6-3.43504183100689E-11i,0.007179678161721084-1.7175209011937992E-7i
83.97668330126432,78.27211193656366,4.250000000000008,1.4359356451504706E-6-3.4350418330226926E-11i,0.0071796781617210845-1.7175209011937992E-7i
83.1024227351464,83.0527089554802,4.093750000000007,1.4359356511040514E-6-3.435041847264825E-11i,0.0071796781617210845-1.7175209011937992E-7i
83.26352323999494,81.94791515260799,5.187500000000024,1.435935636214124E-6-3.4350418116451836E-11i,0.0071796781617210845-1.7175209011937992E-7i
85.80843235387957,76.90119169800629,4.250000000000005,1.4359356507826852E-6-3.435041846496061E-11i,0.007179678161721085-1.7175209011937992E-7i
85.47327116831009,75.80238339601256,5.500000000000012,1.4359356394480386E-6-3.435041819381345E-11i,0.007179678161721086-1.7175209011937992E-7i
83.4905706243336,76.38950338709564,5.500000000000018,1.435935637501244E-6-3.435041814724228E-11i,0.007179678161721083-1.7175209011937997E-7i
78.94453821068545,85.50616981851272,4.249999999999994,1.4359356479092343E-6-3.4350418396221974E-11i,0.007179678161721085-1.7175209011937992E-7i
74.10471490963124,93.7937530170278,5.3453152626065785,1.4359356340844125E-6-3.435041806550487E-11i,0.007179678161721082-1.7175209011937997E-7i
75.27197863646184,92.12800529883445,4.250000000000006,1.435935648216456E-6-3.43504184035713E-11i,0.007179678161721085-1.7175209011937992E-7i
72.42756238297268,93.83263605058062,4.24999999999998,1.4359356489786598E-6-3.435041842180473E-11i,0.0071796781617210845-1.7175209011937992E-7i
73.55235745481562,92.56674948959169,4.172657631303269,1.4359356459943158E-6-3.435041835041335E-11i,0.007179678161721086-1.7175209011937995E-7i
71.81783408340566,90.96450218087875,4.249999999999976,1.4359356459236163E-6-3.435041834872209E-11i,0.0071796781617210845-1.7175209011937992E-7i
75.96472515445107,87.40522275888374,4.250000000000012,1.4359356474165923E-6-3.435041838443703E-11i,0.007179678161721085-1.7175209011937992E-7i
74.54395727292375,91.1842138279444,5.499999999999985,1.4359356324187548E-6-3.435041802565907E-11i,0.007179678161721083-1.7175209011937997E-7i
76.36835189545648,90.19962673075129,4.250000000000013,1.4359356482041777E-6-3.4350418403277566E-11i,0.007179678161721084-1.7175209011937992E-7i
75.47890951020248,84.48421362158447,5.499999999999977,1.4359356333098615E-6-3.4350418046976116E-11i,0.0071796781617210845-1.7175209011937992E-7i
72.58293838697172,89.55499024741569,4.9766022400770575,1.4359356385386602E-6-3.435041817205927E-11i,0.007179678161721084-1.7175209011937995E-7i
70.36962916625382,90.26380545002702,5.927476141589467,1.4359356312141452E-6-3.435041799684245E-11i,0.007179678161721084-1.7175209011937992E-7i
74.48476958770085,88.18179736891679,4.875000000000021,1.4359356383257636E-6-3.435041816696639E-11i,0.007179678161721084-1.7175209011937992E-7i
79.90977835958628,83.6176665074156,4.25000000000001,1.4359356399898513E-6-3.435041820677467E-11i,0.007179678161721084-1.7175209011937992E-7i
78.29499323852028,83.74761318702956,4.061945693255482,1.4359356437567152E-6-3.435041829688547E-11i,0.007179678161721086-1.7175209011937992E-7i
78.18294431322582,81.75480910792659,4.250000000000029,1.435935644111226E-6-3.435041830536608E-11i,0.007179678161721085-1.7175209011937992E-7i
81.77242370259378,78.24052337072447,5.333121605848961,1.4359356322102395E-6-3.435041802067094E-11i,0.007179678161721084-1.7175209011937992E-7i
82.15190115431427,76.96589646504364,4.250000000000011,1.4359356492891723E-6-3.435041842923281E-11i,0.007179678161721086-1.7175209011937992E-7i
80.32717036029157,76.21593042404272,5.5,1.4359356391100462E-6-3.435041818572793E-11i,0.007179678161721083-1.7175209011937997E-7i
81.09930051980494,82.40207452119681,5.343750000000011,1.4359356373736166E-6-3.435041814418906E-11i,0.007179678161721084-1.7175209011937995E-7i
81.93444576254281,80.3238277180658,4.249999999999996,1.4359356508350036E-6-3.435041846621213E-11i,0.0071796781617210845-1.7175209011937992E-7i
80.54250942188617,79.92829958459656,5.500000000000027,1.4359356345064416E-6-3.435041807560069E-11i,0.007179678161721086-1.7175209011937992E-7i
78.49863497687907,80.78391508560891,5.500000000000015,1.4359356329957763E-6-3.435041803946253E-11i,0.007179678161721084-1.7175209011937995E-7i
79.93689298451483,81.69267286100744,4.171874999999999,1.435935648590784E-6-3.4350418412525956E-11i,0.007179678161721085-1.7175209011937992E-7i
80.04883875992263,78.95050853624738,4.250000000000037,1.4359356520144822E-6-3.4350418494427597E-11i,0.007179678161721083-1.7175209011937997E-7i
78.65983733798856,78.25839323516577,5.856042480468768,1.4359356345314801E-6-3.4350418076199663E-11i,0.007179678161721083-1.7175209011937997E-7i
77.49732633886536,79.82468742542814,4.2500000000000036,1.4359356481537952E-6-3.435041840207235E-11i,0.007179678161721085-1.7175209011937992E-7i
76.96613202712923,85.5195555348583,4.2499999999999725,1.435935645223391E-6-3.4350418331971276E-11i,0.007179678161721084-1.7175209011937995E-7i
75.93498277111772,81.85246060306021,5.446787372284107,1.435935635544465E-6-3.4350418100432255E-11i,0.007179678161721083-1.7175209011938003E-7i
76.47256988599813,83.14642443422602,4.249999999999984,1.4359356471732135E-6-3.435041837861497E-11i,0.007179678161721084-1.7175209011937992E-7i
75.22826362928656,79.35270638138175,5.500000000000031,1.4359356366026948E-6-3.435041812574721E-11i,0.007179678161721082-1.7175209011937997E-7i
85.1871054139621,73.83899958105692,5.500000000000023,1.4359356315436317E-6-3.4350418004724357E-11i,0.007179678161721083-1.7175209011937997E-7i
83.18664686101548,73.77586766912063,5.50000000000001,1.4359356340248227E-6-3.4350418064079354E-11i,0.0071796781617210845-1.7175209011937992E-7i
81.93284011618996,74.85636787859217,4.250000000000009,1.4359356470250166E-6-3.435041837506976E-11i,0.007179678161721084-1.7175209011937992E-7i
81.18618830806882,73.71273575718435,5.4999999999999964,1.4359356354552536E-6-3.43504180982981E-11i,0.0071796781617210845-1.7175209011937992E-7i
81.93284011619004,72.8563678785922,4.250000000000016,1.4359356487621389E-6-3.435041841662515E-11i,0.007179678161721085-1.7175209011937992E-7i
88.46592238956576,67.1601316352563,5.500000000000021,1.4359356330772084E-6-3.4350418041410554E-11i,0.007179678161721083-1.7175209011937997E-7i
86.65106838714962,65.50446150076354,7.541684394661454,1.435935623594587E-6-3.435041781456753E-11i,0.007179678161721084-1.7175209011937992E-7i
86.25464185476835,66.81078742638664,5.500000000000011,1.4359356314943717E-6-3.4350418003545954E-11i,0.0071796781617210845-1.7175209011937992E-7i
86.62576929749393,64.21816627467807,5.426122682242912,1.4359356341997384E-6-3.435041806826372E-11i,0.007179678161721084-1.7175209011937995E-7i
84.04336131997098,65.46144321751697,5.500000000000004,1.4359356325916283E-6-3.4350418029794534E-11i,0.007179678161721082-1.7175209011938E-7i
85.66534947670553,72.91949979052845,4.250000000000002,1.4359356430265163E-6-3.4350418279417726E-11i,0.007179678161721085-1.7175209011937992E-7i
83.64520388765983,72.14008928947158,4.8750000000000195,1.4359356363820883E-6-3.435041812046986E-11i,0.007179678161721086-1.7175209011937995E-7i
85.8621687915526,70.3282212014079,4.875000000000016,1.4359356372878458E-6-3.435041814213735E-11i,0.007179678161721083-1.7175209011937997E-7i
87.1640455905592,68.7441764183321,5.187500000000019,1.4359356379093725E-6-3.4350418157005516E-11i,0.0071796781617210845-1.7175209011937992E-7i
83.62551685156072,68.42381070035104,5.500000000000025,1.4359356320022425E-6-3.4350418015695324E-11i,0.0071796781617210845-1.7175209011937992E-7i
87.59421959912146,70.32822120140791,4.874999999999987,1.4359356385545804E-6-3.435041817244014E-11i,0.007179678161721086-1.7175209011937992E-7i
82.87886504343956,71.28017857894321,6.749999999999998,1.435935628811287E-6-3.435041793936137E-11i,0.007179678161721082-1.7175209011938E-7i
82.77917848387537,70.64008928947165,4.874999999999988,1.435935639095473E-6-3.435041818537938E-11i,0.007179678161721082-1.7175209011937997E-7i
87.92900461566157,73.86105361971791,13,1.4359356224084729E-6-3.435041778619329E-11i,0.0071796781617210845-1.7175209011937992E-7i
85.637218028324,71.85859114069609,8.33158184570499,1.4359356247672862E-6-3.435041784262081E-11i,0.0071796781617210845-1.7175209011937992E-7i
80.1125573265577,70.96020810943936,5.500000000000009,1.435935630418138E-6-3.435041797780037E-11i,0.0071796781617210845-1.7175209011937992E-7i
81.89116021454468,68.79765593132629,6.685521834935904,1.4359356250150169E-6-3.435041784854707E-11i,0.007179678161721085-1.7175209011937992E-7i
81.2622527054735,66.72945018163468,5.253434905084531,1.4359356338603452E-6-3.4350418060144734E-11i,0.0071796781617210845-1.7175209011937992E-7i
83.15698630696416,73.42547151436885,8.000000000000014,1.4359356259251339E-6-3.435041787031888E-11i,0.007179678161721086-1.7175209011937992E-7i
81.13515873922115,76.39777208628774,7.807660001416596,1.4359356278127502E-6-3.435041791547436E-11i,0.007179678161721083-1.7175209011937997E-7i
82.84439532455346,77.12607555448135,13,1.4359356198975398E-6-3.435041772612686E-11i,0.007179678161721086-1.7175209011937992E-7i
77.95728796484052,76.61889971985079,5.5000000000000275,1.4359356367476124E-6-3.43504181292139E-11i,0.007179678161721086-1.7175209011937992E-7i
78.10583135381135,75.9139073982531,7.505274429212011,1.435935627200798E-6-3.4350417900835254E-11i,0.007179678161721086-1.7175209011937995E-7i
79.59662123111315,73.5225367060774,7.880454101562514,1.4359356255275997E-6-3.4350417860809005E-11i,0.007179678161721083-1.7175209011937997E-7i
70.42049906378148,93.96235859386677,13,1.4359356193764822E-6-3.435041771366213E-11i,0.007179678161721084-1.7175209011937995E-7i
65.8039872496532,93.51581516400869,7.999999999999971,1.4359356245967355E-6-3.4350417838540864E-11i,0.007179678161721084-1.7175209011937995E-7i
68.31344345620758,90.99963718600549,7.990155207103251,1.435935625217888E-6-3.435041785340006E-11i,0.0071796781617210845-1.7175209011937992E-7i
69.83113520995587,89.63225469786747,9.114208814538555,1.4359356249738117E-6-3.435041784756131E-11i,0.007179678161721086-1.7175209011937995E-7i
73.66484627070908,87.90938525272122,13,1.4359356188652098E-6-3.435041770143147E-11i,0.007179678161721084-1.7175209011937995E-7i
69.59016512969171,86.98388297895139,7.986746229015417,1.4359356236960862E-6-3.435041781699561E-11i,0.007179678161721084-1.7175209011937992E-7i
73.39512107787982,85.79168695368698,8.000000000000002,1.4359356252709555E-6-3.435041785466957E-11i,0.007179678161721084-1.7175209011937995E-7i
73.89160920510757,82.83592848825663,8.321205739057802,1.435935623074658E-6-3.435041780212981E-11i,0.007179678161721084-1.7175209011937995E-7i
70.28580495564445,84.2758149864603,8.411401923329924,1.4359356189024945E-6-3.435041770232341E-11i,0.007179678161721086-1.7175209011937992E-7i
75.77119681838826,76.81564013155572,7.603562620175125,1.4359356272631592E-6-3.435041790232705E-11i,0.007179678161721083-1.7175209011937997E-7i
76.96364163217393,78.46167839898509,9.17543935139975,1.4359356240769076E-6-3.435041782610558E-11i,0.007179678161721084-1.7175209011937995E-7i
73.7837350917308,79.75980175322891,7.993540178896479,1.4359356211942177E-6-3.435041775714599E-11i,0.007179678161721084-1.7175209011937992E-7i
76.91563804081036,81.23812467555987,13,1.4359356185236539E-6-3.435041769326077E-11i,0.007179678161721086-1.7175209011937992E-7i
68.64552609127841,89.09250219198456,6.749999999999994,1.4359356314131514E-6-3.435041800160309E-11i,0.007179678161721085-1.7175209011937992E-7i
67.2619933824092,88.6094314162523,7.60624999999999,1.4359356251448276E-6-3.435041785165237E-11i,0.007179678161721086-1.7175209011937995E-7i
59.92087000507243,96.43672788868179,8.112586109720416,1.435935625966746E-6-3.43504178713142E-11i,0.007179678161721082-1.7175209011937997E-7i
69.84499892529014,94.37374411322253,4.531056661804426,1.4359356413261372E-6-3.4350418238741274E-11i,0.007179678161721083-1.7175209011937997E-7i
68.8420540779972,92.46711070308217,5.570850035402933,1.435935633210229E-6-3.435041804459268E-11i,0.007179678161721083-1.7175209011937997E-7i
70.00941544790948,91.85714542364106,4.250000000000008,1.4359356465199461E-6-3.435041836298745E-11i,0.0071796781617210845-1.7175209011937992E-7i
68.84499892529016,96.10579492079141,4.531056661804443,1.4359356402576384E-6-3.435041821318068E-11i,0.007179678161721084-1.7175209011937995E-7i
60.06345369635086,97.8101438664938,5.625723442334794,1.435935631163823E-6-3.4350417995638676E-11i,0.007179678161721084-1.7175209011937992E-7i
58.74174568298773,100,4.798940380233624,1.4359356409891301E-6-3.435041823067945E-11i,0.007179678161721086-1.7175209011937995E-7i
62.24760339241251,95.78087757964886,5.515929856701336,1.4359356318764932E-6-3.435041801268711E-11i,0.007179678161721083-1.7175209011937997E-7i
59.46043500253621,95.62028773298756,5.556293054860197,1.4359356330135899E-6-3.4350418039888716E-11i,0.007179678161721085-1.7175209011937992E-7i
62.358507428102314,98.0791939911278,4.894912320876689,1.435935642753483E-6-3.435041827288619E-11i,0.007179678161721084-1.7175209011937992E-7i
60.03172684817543,98.90507193324687,4.3128617211674145,1.435935640640136E-6-3.435041822233082E-11i,0.007179678161721086-1.7175209011937995E-7i
67.52948743713236,94.22912085018086,5.266267081620838,1.435935634620209E-6-3.4350418078322125E-11i,0.007179678161721084-1.7175209011937995E-7i
66.70099681241332,95.34786487775665,4.249999999999962,1.4359356436271026E-6-3.4350418293784896E-11i,0.0071796781617210845-1.7175209011937992E-7i
64.82479850861957,94.97035447514995,5.5079649283506535,1.43593562980915E-6-3.435041796323214E-11i,0.007179678161721083-1.7175209011937997E-7i
62.78306562133735,93.8657238269117,5.507964928350658,1.4359356348629273E-6-3.4350418084128506E-11i,0.007179678161721085-1.7175209011937992E-7i
70.64042529405526,82.75105770334017,6.306794106805889,1.435935631398823E-6-3.4350418001260325E-11i,0.007179678161721083-1.7175209011937997E-7i
70.60839115751777,81.13946257970358,7.731957192154524,1.4359356246635833E-6-3.435041784014011E-11i,0.007179678161721085-1.7175209011937992E-7i
65.14282662275001,92.89518711602184,5.503982464175319,1.4359356375752858E-6-3.43504181490134E-11i,0.007179678161721084-1.7175209011937995E-7i
67.03516064653508,92.34165043599454,4.121918143745365,1.4359356498765594E-6-3.435041844328424E-11i,0.007179678161721086-1.7175209011937992E-7i
68.39407222243308,90.26147663933651,5.289305857075999,1.4359356363640285E-6-3.435041812003787E-11i,0.007179678161721083-1.7175209011937997E-7i
66.09737884258902,90.56175107896503,5.405175325023709,1.4359356307337257E-6-3.43504179853498E-11i,0.007179678161721082-1.7175209011938E-7i
71.41621156767724,88.31709227533595,5.4999999999999805,1.4359356369477837E-6-3.435041813400236E-11i,0.007179678161721084-1.7175209011937995E-7i
68.46796370830572,87.03262480545182,5.500000000000007,1.4359356306711126E-6-3.435041798385199E-11i,0.007179678161721084-1.7175209011937995E-7i
69.73398185415283,87.45413457623488,4.2499999999999805,1.4359356462496393E-6-3.435041835652119E-11i,0.0071796781617210845-1.7175209011937992E-7i
73.80074158481698,85.89405570760213,5.311336563062957,1.4359356362298521E-6-3.43504181168281E-11i,0.007179678161721084-1.7175209011937995E-7i
74.84878026946986,86.05561689300848,4.249999999999968,1.4359356469206785E-6-3.435041837257382E-11i,0.0071796781617210845-1.7175209011937992E-7i
71.70810578383859,87.2303429073925,4.249999999999981,1.4359356448325326E-6-3.435041832262121E-11i,0.007179678161721084-1.7175209011937992E-7i
73.4074694941718,87.11570834307182,4.238912335911737,1.4359356451087424E-6-3.4350418329228616E-11i,0.007179678161721086-1.7175209011937992E-7i
70.98500843624123,85.06513380199526,5.500000000000003,1.435935632755503E-6-3.4350418033714775E-11i,0.007179678161721082-1.7175209011937997E-7i
68.06002430600434,84.402903468464,6.130666528384654,1.4359356297261542E-6-3.435041796124672E-11i,0.007179678161721084-1.7175209011937995E-7i
68.25461432711813,85.47494744818495,4.270740628318137,1.4359356494149055E-6-3.435041843224062E-11i,0.0071796781617210845-1.7175209011937992E-7i
58.277720522970675,93.87225666169257,6.177310590684871,1.4359356282762462E-6-3.4350417926562077E-11i,0.007179678161721085-1.7175209011937992E-7i
57.86625236480658,96.89157468902145,5.152178138214076,1.4359356420269272E-6-3.435041825550554E-11i,0.007179678161721082-1.7175209011938E-7i
54.40763026637277,95.75879622609712,6.27251123258891,1.435935628703786E-6-3.435041793678967E-11i,0.007179678161721083-1.7175209011937997E-7i
56.02638200656572,98.30507529030055,4.7912667765489845,1.4359356425625506E-6-3.435041826831868E-11i,0.0071796781617210845-1.7175209011937992E-7i
54.58758586671375,100,4.539730832974499,1.4359356423650843E-6-3.43504182635949E-11i,0.007179678161721084-1.7175209011937997E-7i
61.03172684817541,97.173021125678,4.312861721167402,1.4359356452201247E-6-3.435041833189314E-11i,0.0071796781617210845-1.7175209011937992E-7i
56.173266612659894,94.59367248254185,5.59665625301909,1.4359356312993773E-6-3.435041799888136E-11i,0.007179678161721084-1.7175209011937995E-7i
57.03175991285719,92.76677913678039,6.818820554960573,1.4359356237016656E-6-3.435041781712908E-11i,0.007179678161721085-1.7175209011937992E-7i
54.114383619936206,94.84916084243692,4.342768000681224,1.4359356454028327E-6-3.4350418336263917E-11i,0.007179678161721085-1.7175209011937992E-7i
53.72563888893417,93.51747198400587,5.500000000000005,1.4359356271521865E-6-3.4350417899672425E-11i,0.007179678161721085-1.7175209011937992E-7i
54.040452783462285,98.16231295065886,4.475675264682134,1.4359356423576408E-6-3.435041826341691E-11i,0.0071796781617210845-1.7175209011937992E-7i
52.702043919280115,100,4.955775090854933,1.435935638368105E-6-3.4350418167979256E-11i,0.007179678161721085-1.7175209011938E-7i
53.37078147852029,96.41846147037793,4.352437715726273,1.435935643065939E-6-3.435041828036079E-11i,0.0071796781617210845-1.7175209011937992E-7i
52.14526228448087,98.10861458609972,4.572743876215342,1.435935642341536E-6-3.435041826303156E-11i,0.0071796781617210845-1.7175209011937992E-7i
51.43184445993706,93.73057176441642,4.875000000000008,1.4359356384733688E-6-3.435041817049747E-11i,0.007179678161721084-1.7175209011937995E-7i
51.9983658178024,95.51053837474635,4.187811167971717,1.4359356489498363E-6-3.435041842111525E-11i,0.007179678161721086-1.7175209011937992E-7i
50.76961160353073,100,4.246014450980503,1.4359356437609423E-6-3.435041829698664E-11i,0.007179678161721084-1.7175209011937997E-7i
97.7834421734071,61.91591871185688,4.232442425896917,1.435935649423447E-6-3.4350418432444943E-11i,0.007179678161721084-1.7175209011937992E-7i
100,60.835267624962356,5.029857865634752,1.4359356404407388E-6-3.4350418217560804E-11i,0.007179678161721085-1.7175209011938E-7i
97.29893515438307,60.83183742371376,5.464884851793851,1.4359356340301618E-6-3.435041806420712E-11i,0.0071796781617210845-1.7175209011937992E-7i
97.78344217340712,59.91591871185688,4.232442425896907,1.435935645371554E-6-3.435041833551565E-11i,0.007179678161721086-1.7175209011937992E-7i
100,59.05910716796603,4.455629811502268,1.4359356468817996E-6-3.4350418371643724E-11i,0.007179678161721084-1.7175209011937997E-7i
95.24093723597981,60.99100069396319,5.473663638845386,1.4359356349354227E-6-3.435041808586271E-11i,0.007179678161721084-1.7175209011937995E-7i
100,54.917776007891426,4.7976289943254375,1.435935641907289E-6-3.435041825264355E-11i,0.007179678161721085-1.7175209011938E-7i
95.22809496967203,58.13567062156975,5.6323680916268986,1.4359356300967637E-6-3.435041797011243E-11i,0.007179678161721082-1.7175209011937997E-7i
93.8415148792685,55.93016665932964,6.690726792957314,1.4359356256112006E-6-3.4350417862808895E-11i,0.007179678161721084-1.7175209011937995E-7i
96.91741676962269,58.57150125054621,4.461862183380802,1.4359356431631082E-6-3.435041828268526E-11i,0.007179678161721084-1.7175209011937995E-7i
98.0256956829191,56.17093051761139,4.732653525927837,1.4359356402251255E-6-3.4350418212402926E-11i,0.007179678161721084-1.7175209011937995E-7i
98.10882044778585,53.89501908356043,5.126104940443413,1.4359356380877467E-6-3.435041816127253E-11i,0.007179678161721084-1.7175209011937992E-7i
100,53.3551623422012,4.328485514125221,1.4359356461756986E-6-3.435041835475238E-11i,0.0071796781617210845-1.7175209011938E-7i
97.24279504400141,51.04465321856502,6.304687040298616,1.435935632318866E-6-3.4350418023269526E-11i,0.007179678161721082-1.7175209011937997E-7i
95.51074423643254,55.71743791245979,4.461862183380847,1.435935642979345E-6-3.435041827828929E-11i,0.007179678161721084-1.7175209011937995E-7i
94.00108306897883,54.09184240523654,5.711862183380842,1.435935630312413E-6-3.4350417975271214E-11i,0.007179678161721086-1.7175209011937992E-7i
93.83483353924531,57.22846783086309,4.250000000000031,1.435935642836699E-6-3.43504182748769E-11i,0.007179678161721085-1.7175209011937992E-7i
92.51744168313795,57.8141575138101,5.614366628544654,1.435935631671672E-6-3.435041800778737E-11i,0.007179678161721085-1.7175209011937992E-7i
87.06514310089312,65.9053937131933,4.2500000000000115,1.4359356462942468E-6-3.4350418357588265E-11i,0.0071796781617210845-1.7175209011937992E-7i
93.18293931757654,61.15016396421263,5.482442425896918,1.4359356394628907E-6-3.435041819416874E-11i,0.007179678161721084-1.7175209011937995E-7i
95.18536596205377,59.57150125054622,4.46186218338084,1.4359356453374068E-6-3.435041833469872E-11i,0.007179678161721084-1.7175209011937995E-7i
93.99339344743495,62.07508198210633,4.241221212948465,1.4359356508804215E-6-3.435041846729861E-11i,0.0071796781617210845-1.7175209011937992E-7i
89.9329688845545,64.96849050471154,5.5000000000000115,1.435935629388069E-6-3.435041795315907E-11i,0.007179678161721084-1.7175209011937995E-7i
92.37554670325372,63.072592310327764,5.500000000000001,1.4359356345380433E-6-3.4350418076356666E-11i,0.007179678161721084-1.7175209011937992E-7i
92.34430324122863,65.13325816025616,4.093749999999994,1.43593564634511E-6-3.4350418358805086E-11i,0.007179678161721086-1.7175209011937992E-7i
91.85764633270466,62.03629615516388,4.2500000000000036,1.4359356501446582E-6-3.4350418449697714E-11i,0.007179678161721086-1.7175209011937992E-7i
92.96880813546085,58.7284678308631,4.250000000000001,1.4359356434673325E-6-3.4350418289962876E-11i,0.0071796781617210845-1.7175209011937992E-7i
88.50486046109766,63.096860828756306,5.420858837330642,1.4359356288510474E-6-3.4350417940312416E-11i,0.007179678161721084-1.7175209011937992E-7i
88.78507027718301,64.95421117210486,4.194728781657793,1.4359356516893695E-6-3.4350418486650244E-11i,0.007179678161721085-1.7175209011937992E-7i
86.35160169049354,63.02026421963076,4.2499999999999645,1.4359356490618998E-6-3.4350418423795995E-11i,0.0071796781617210845-1.7175209011937992E-7i
90.09321761486945,62.87436602524699,4.250000000000002,1.4359356498896E-6-3.435041844359623E-11i,0.0071796781617210845-1.7175209011937992E-7i
90.57874007515217,61.74873205049391,5.4999999999999964,1.4359356359855454E-6-3.435041811098376E-11i,0.007179678161721082-1.7175209011937997E-7i
91.26703728318698,59.017721373087745,6.694179303380293,1.435935630907533E-6-3.4350417989507626E-11i,0.007179678161721086-1.7175209011937992E-7i
90.70828823339973,59.55401788566484,4.72520992619097,1.4359356415803282E-6-3.435041824482202E-11i,0.007179678161721084-1.7175209011937995E-7i
87.42563524532254,61.54052843926147,5.499999999999978,1.4359356374243333E-6-3.4350418145402414E-11i,0.007179678161721084-1.7175209011937992E-7i
88.56577725334726,60.9553385400831,4.358525800205746,1.4359356456786493E-6-3.4350418342861936E-11i,0.007179678161721084-1.7175209011937992E-7i
87.10606451386059,59.29253744243668,4.250000000000005,1.4359356421889453E-6-3.435041825938132E-11i,0.007179678161721084-1.7175209011937992E-7i
88.06853548827226,58.585074884873464,5.500000000000012,1.4359356333430393E-6-3.43504180477698E-11i,0.007179678161721083-1.7175209011937997E-7i
88.86774450717422,59.288572679494926,4.267789992660223,1.4359356423039084E-6-3.435041826213151E-11i,0.007179678161721086-1.7175209011937992E-7i
85.3935309337318,62.135625024010054,4.874999999999969,1.435935641813666E-6-3.4350418250403926E-11i,0.007179678161721085-1.7175209011937992E-7i
86.5310546802199,61.20712571160508,3.9617532711468177,1.435935648666646E-6-3.4350418414340784E-11i,0.007179678161721086-1.7175209011937992E-7i
85.48557628670916,64.52026421963072,4.249999999999977,1.4359356434219034E-6-3.435041828887617E-11i,0.0071796781617210845-1.7175209011937992E-7i
84.8845551955048,68.21190535017548,4.250000000000026,1.435935645835897E-6-3.4350418346623637E-11i,0.0071796781617210845-1.7175209011937992E-7i
83.15250438793598,67.21190535017546,4.249999999999998,1.4359356436468222E-6-3.435041829425666E-11i,0.007179678161721085-1.7175209011937992E-7i
84.83641443624109,66.2377017404864,3.9374999999999982,1.4359356458545594E-6-3.4350418347070094E-11i,0.007179678161721085-1.7175209011937992E-7i
83.3614266221412,64.73072160875857,4.249999999999983,1.4359356469810029E-6-3.435041837401683E-11i,0.007179678161721086-1.7175209011937992E-7i
82.13688653062243,68.32923684068089,4.242722903976156,1.435935640657252E-6-3.435041822274019E-11i,0.007179678161721084-1.7175209011937995E-7i
81.98573957406468,66.05149658585496,4.038725761929571,1.4359356453085444E-6-3.435041833400831E-11i,0.0071796781617210845-1.7175209011937992E-7i
81.48619895351068,64.42190060664478,5.499999999999984,1.4359356322081935E-6-3.435041802062203E-11i,0.0071796781617210845-1.7175209011937992E-7i
97.7553721182163,52.022326609282516,4.652343520149306,1.4359356420621686E-6-3.435041825634857E-11i,0.007179678161721085-1.7175209011937992E-7i
100,51.09997496192041,4.573735739551811,1.4359356413677795E-6-3.435041823973742E-11i,0.007179678161721085-1.7175209011938E-7i
100,49.65443061221042,6.685649713835523,1.4359356296989604E-6-3.4350417960596216E-11i,0.007179678161721086-1.7175209011937995E-7i
97.53200667993265,50.11519359246647,4.911877974304085,1.4359356385900347E-6-3.435041817328825E-11i,0.007179678161721085-1.7175209011937992E-7i
100,49.345404476978935,4.269353374655234,1.4359356476370968E-6-3.4350418389711895E-11i,0.0071796781617210845-1.7175209011938E-7i
96.37676964021702,53.217437912459815,4.461862183380827,1.4359356434949287E-6-3.435041829062307E-11i,0.007179678161721084-1.7175209011937992E-7i
100,47.55409165112827,4.996852637554113,1.4359356433805716E-6-3.4350418287887396E-11i,0.007179678161721085-1.7175209011937997E-7i
97.30864124164903,48.20806057565044,5.171412428458865,1.4359356354189383E-6-3.435041809742941E-11i,0.007179678161721083-1.7175209011937997E-7i
100,46.16648313366358,7.892368373317436,1.435935625996515E-6-3.435041787202642E-11i,0.007179678161721086-1.7175209011937995E-7i
95.90397475216348,51.14633388198642,4.4511717600746525,1.4359356447942046E-6-3.4350418321704304E-11i,0.007179678161721084-1.7175209011937995E-7i
97.78829521704009,46.464026418808565,4.611918239821964,1.435935644574753E-6-3.4350418316454595E-11i,0.007179678161721085-1.7175209011937992E-7i
97.30216791409104,46.02859093960235,5.91077220833883,1.435935633045795E-6-3.435041804065916E-11i,0.007179678161721085-1.7175209011937992E-7i
95.81641742177567,46.94924160521153,4.167853107114708,1.4359356482008265E-6-3.435041840319741E-11i,0.007179678161721086-1.7175209011937992E-7i
100,45.518102477495425,4.776730064288163,1.4359356430976863E-6-3.435041828112026E-11i,0.0071796781617210845-1.7175209011938E-7i
94.48559008800288,52.434875824919665,5.923724366761664,1.4359356312863438E-6-3.435041799856953E-11i,0.0071796781617210845-1.7175209011937992E-7i
95.27205111946465,50.29266776397286,5.902343520149307,1.4359356335758431E-6-3.43504180533389E-11i,0.007179678161721083-1.7175209011937997E-7i
96.0562444094712,48.60403028782523,4.085706214229432,1.4359356472662234E-6-3.435041838083987E-11i,0.007179678161721086-1.7175209011937995E-7i
93.67338189797516,51.32237282373353,4.250000000000009,1.4359356467831707E-6-3.435041836928434E-11i,0.007179678161721085-1.7175209011937992E-7i
92.54291621865693,51.64474564746706,5.500000000000013,1.4359356329534512E-6-3.435041803845008E-11i,0.0071796781617210845-1.7175209011937992E-7i
96.70559590162782,47.475197727910384,7.256032608990315,1.4359356266750968E-6-3.43504178882594E-11i,0.007179678161721085-1.7175209011937992E-7i
95.89938340628122,52.86975164983933,8.847448733523287,1.4359356246755002E-6-3.435041784042508E-11i,0.007179678161721083-1.7175209011937997E-7i
97.10999526830247,49.465478188246145,8.634441708594752,1.4359356246513937E-6-3.4350417839848436E-11i,0.007179678161721085-1.7175209011937992E-7i
100,52.36218665451411,8.903149504238463,1.4359356226875726E-6-3.435041779286991E-11i,0.007179678161721085-1.7175209011937997E-7i
100,53.39451767837333,13,1.4359356203378668E-6-3.43504177366603E-11i,0.007179678161721084-1.7175209011937997E-7i
100,49.21737307814633,9.774052611173788,1.43593562021313E-6-3.435041773367635E-11i,0.007179678161721084-1.7175209011937997E-7i
96.92716173205574,43.953487222121446,7.535113814555617,1.4359356229872302E-6-3.43504178000384E-11i,0.007179678161721083-1.7175209011937997E-7i
100,42.70718435397185,9.0525210616582,1.4359356237579493E-6-3.43504178184755E-11i,0.007179678161721086-1.7175209011937995E-7i
100.00000000000001,46.598526518367,13.000000000000002,1.4359356170058363E-6-3.4350417656951603E-11i,0.007179678161721085-1.7175209011937997E-7i
97.6484192077139,40.14579707567238,6.836611879373215,1.4359356318469377E-6-3.4350418011980146E-11i,0.0071796781617210845-1.7175209011937992E-7i
95.38619172889369,41.02154701080052,8.319175653297822,1.4359356240860062E-6-3.43504178263233E-11i,0.007179678161721084-1.7175209011937995E-7i
98.43832384407106,39.27938091682575,8.395548215838236,1.435935626887889E-6-3.435041789334986E-11i,0.007179678161721086-1.7175209011937992E-7i
100,37.322248716919525,6.261736348153482,1.4359356343625949E-6-3.435041807215954E-11i,0.007179678161721086-1.7175209011937995E-7i
100,35.86260801815516,8.988650986647725,1.43593562563141E-6-3.4350417863292395E-11i,0.007179678161721085-1.7175209011937992E-7i
96.17779793572335,38.55863658089037,7.259547748763156,1.4359356279651272E-6-3.4350417919119526E-11i,0.007179678161721084-1.7175209011937992E-7i
100,39.39834718653926,7.917302289858246,1.4359356293908789E-6-3.4350417953226315E-11i,0.007179678161721084-1.7175209011937995E-7i
100,39.7982070619483,13.000000000000002,1.435935615823445E-6-3.435041762866649E-11i,0.007179678161721084-1.7175209011937997E-7i
96.29464560275835,36.04918659252123,7.16505375702854,1.435935629313705E-6-3.435041795138012E-11i,0.0071796781617210845-1.7175209011937992E-7i
84.56197144922332,62.3890821521542,6.074282932536796,1.4359356321411197E-6-3.435041801901751E-11i,0.0071796781617210845-1.7175209011937992E-7i
89.72826400682561,60.5832928557644,7.289817939073399,1.435935628409136E-6-3.435041792974107E-11i,0.007179678161721083-1.7175209011937997E-7i
92.88820900940185,58.874351009011946,8.239683287820393,1.4359356261435329E-6-3.4350417875543354E-11i,0.007179678161721083-1.7175209011937997E-7i
90.25824261452227,63.936981009423086,7.999999999999993,1.4359356243038544E-6-3.4350417831534624E-11i,0.007179678161721084-1.7175209011937992E-7i
94.00992140110998,63.5858102806464,13,1.4359356214930382E-6-3.4350417764294385E-11i,0.007179678161721085-1.7175209011937992E-7i
90.43562822818986,55.92478265960336,7.402009642117311,1.4359356234040631E-6-3.435041781000984E-11i,0.007179678161721083-1.7175209011937997E-7i
93.97993850318451,56.827742646904994,13,1.435935621034291E-6-3.4350417753320174E-11i,0.0071796781617210845-1.7175209011937992E-7i
92.56428871896655,53.7648358783007,8.274265769735452,1.4359356248051022E-6-3.435041784352546E-11i,0.0071796781617210845-1.7175209011937992E-7i
89.71477535322526,57.61300319190416,8.386841182586709,1.435935624106889E-6-3.435041782682282E-11i,0.007179678161721086-1.7175209011937992E-7i
89.92653036532913,54.66694193521346,5.500000000000021,1.4359356308611201E-6-3.435041798839737E-11i,0.007179678161721086-1.7175209011937995E-7i
89.93365115041736,52.833219751817424,6.750000000000005,1.4359356224592961E-6-3.435041778740912E-11i,0.007179678161721084-1.7175209011937995E-7i
87.94728938388336,54.125048864030326,6.811131796201183,1.4359356259970137E-6-3.4350417872038344E-11i,0.007179678161721086-1.7175209011937992E-7i
86.85376788112434,57.13606975867653,7.908470441076036,1.4359356231579067E-6-3.435041780412134E-11i,0.007179678161721084-1.7175209011937995E-7i
87.7202085106105,66.84829980209531,13,1.4359356218413667E-6-3.435041777262708E-11i,0.007179678161721084-1.7175209011937995E-7i
80.51036077496002,66.13252888304905,7.746093749999993,1.4359356242971099E-6-3.435041783137332E-11i,0.007179678161721083-1.7175209011937997E-7i
86.46911526824556,62.021184930175416,8.025872906445494,1.4359356252111992E-6-3.435041785324008E-11i,0.007179678161721084-1.7175209011937995E-7i
83.67517990806188,63.92288643503406,7.9999999999999885,1.435935624900516E-6-3.435041784580797E-11i,0.0071796781617210845-1.7175209011937992E-7i
80.92896958452248,62.11932425539785,7.071764808203683,1.4359356215678604E-6-3.435041776608423E-11i,0.0071796781617210845-1.7175209011937992E-7i
84.12073306962151,67.6318433852224,8.31700721153847,1.4359356205848791E-6-3.4350417742569385E-11i,0.0071796781617210845-1.7175209011937992E-7i
50.99673163560481,96.21722917219938,5.375622335943424,1.4359356347014409E-6-3.435041808026547E-11i,0.007179678161721082-1.7175209011937997E-7i
49.99836581780239,95.51053837474637,4.187811167971709,1.4359356476370752E-6-3.43504183897114E-11i,0.007179678161721085-1.7175209011937992E-7i
49.97172922940637,98.1086145860997,4.977364844885403,1.4359356385962724E-6-3.4350418173437555E-11i,0.007179678161721083-1.7175209011937997E-7i
48.94672682320795,100,4.579107353827402,1.4359356476415486E-6-3.435041838981839E-11i,0.007179678161721085-1.7175209011937997E-7i
48.30094527686326,95.99743623739684,4.271219425970754,1.4359356499885234E-6-3.435041844596272E-11i,0.007179678161721085-1.7175209011937992E-7i
47.601890553726555,97.1910248975003,5.542438851941513,1.4359356330570247E-6-3.435041804092778E-11i,0.007179678161721083-1.7175209011937997E-7i
50.49429481703526,100,6.734510885440088,1.4359356298835353E-6-3.4350417965011616E-11i,0.007179678161721086-1.7175209011937995E-7i
47.75382369706211,94.91064807646906,6.17237634696321,1.4359356304677925E-6-3.4350417978988254E-11i,0.007179678161721085-1.7175209011937992E-7i
46.672447519321295,100,6.600383738786647,1.4359356286726508E-6-3.435041793604488E-11i,0.007179678161721086-1.7175209011937995E-7i
46.73542900045638,100,4.1772242375209565,1.4359356474204455E-6-3.435041838452918E-11i,0.007179678161721084-1.7175209011937997E-7i
45.92197531591318,98.66772628108778,4.679572560903316,1.4359356454246902E-6-3.435041833678677E-11i,0.007179678161721086-1.7175209011937992E-7i
45.12197323376697,100,4.719486434763777,1.435935643440545E-6-3.4350418289322057E-11i,0.0071796781617210845-1.7175209011937997E-7i
43.5026871367934,100,6.792774501186967,1.4359356277791236E-6-3.4350417914669934E-11i,0.007179678161721086-1.7175209011937992E-7i
42.875345484998896,100,5.015674549941117,1.4359356405506942E-6-3.435041822019117E-11i,0.0071796781617210845-1.7175209011937997E-7i
40.73251911762864,100,6.506816113825176,1.4359356312887642E-6-3.4350417998627525E-11i,0.007179678161721086-1.7175209011937995E-7i
42.462021882559945,97.54108371237037,5.485821214402073,1.4359356351965736E-6-3.435041809211001E-11i,0.0071796781617210845-1.7175209011937992E-7i
42.35762707760391,97.584614599642,7.016652414463593,1.435935629412032E-6-3.4350417953732355E-11i,0.007179678161721086-1.7175209011937992E-7i
49.796230192426584,93.75330583672068,5.614500805609469,1.435935631261979E-6-3.435041799798678E-11i,0.007179678161721084-1.7175209011937995E-7i
54.49387819650401,92.38048570199287,7.877774924314089,1.4359356249815396E-6-3.435041784774623E-11i,0.0071796781617210845-1.7175209011937992E-7i
52.07716211704204,92.5276762978782,6.134040120258669,1.4359356295766963E-6-3.435041795767147E-11i,0.007179678161721086-1.7175209011937992E-7i
51.993463271209585,95.8985599595365,7.751244671886818,1.4359356245228757E-6-3.435041783677404E-11i,0.007179678161721082-1.7175209011938E-7i
53.40147348163012,100,13,1.4359356197899546E-6-3.435041772355326E-11i,0.007179678161721084-1.7175209011937997E-7i
50.788177923085975,100,9.782053205220423,1.4359356224455208E-6-3.435041778707964E-11i,0.007179678161721084-1.7175209011937997E-7i
63.3185278502622,91.95057007417454,5.4999999999999805,1.4359356353112955E-6-3.435041809485429E-11i,0.007179678161721085-1.7175209011937992E-7i
63.9217094737608,90.30029355163188,7.999999999999983,1.435935624992693E-6-3.435041784801294E-11i,0.007179678161721084-1.7175209011937995E-7i
63.60797449930641,93.95983355829281,13,1.4359356210454997E-6-3.435041775358831E-11i,0.0071796781617210845-1.7175209011937992E-7i
58.50343628559552,90.73711365063384,5.82458203162738,1.4359356318138183E-6-3.435041801118782E-11i,0.007179678161721086-1.7175209011937995E-7i
57.88519881801663,89.75668283722196,7.870062868736501,1.4359356223872337E-6-3.4350417785685276E-11i,0.007179678161721084-1.7175209011937995E-7i
59.3582210781958,92.60029398945996,7.969082686055818,1.4359356252478489E-6-3.435041785411681E-11i,0.007179678161721084-1.7175209011937992E-7i
60.844385996153896,90.19732755821124,6.676685993390001,1.435935626540859E-6-3.4350417885048176E-11i,0.007179678161721084-1.7175209011937995E-7i
62.35240192728788,93.09044401318626,7.999999999999988,1.435935629611776E-6-3.435041795851052E-11i,0.0071796781617210845-1.7175209011937992E-7i
56.80163320984505,93.99039976257211,13,1.435935619661017E-6-3.4350417720468773E-11i,0.0071796781617210845-1.7175209011937992E-7i
55.0056476804277,89.02729750026926,8.740325806037255,1.4359356235734655E-6-3.4350417814062314E-11i,0.0071796781617210845-1.7175209011937992E-7i
80.52999922165003,71.98010405471967,4.250000000000028,1.4359356427932766E-6-3.4350418273838153E-11i,0.0071796781617210845-1.7175209011937992E-7i
72.97890951020247,81.8861374102312,5.500000000000023,1.435935635515748E-6-3.4350418099745275E-11i,0.007179678161721084-1.7175209011937992E-7i
71.99250421812054,84.73833826693769,4.250000000000013,1.4359356522944348E-6-3.435041850112463E-11i,0.007179678161721085-1.7175209011937992E-7i
73.33823502457115,83.9268888283996,5.5,1.4359356333858973E-6-3.435041804879501E-11i,0.007179678161721084-1.7175209011937995E-7i
74.73945475510118,83.58185277294787,4.249999999999991,1.4359356502017883E-6-3.43504184510644E-11i,0.007179678161721085-1.7175209011937992E-7i
76.62516175776246,78.34217785210191,4.250000000000019,1.4359356448070964E-6-3.435041832201271E-11i,0.0071796781617210845-1.7175209011937992E-7i
79.77128033473254,75.10796521202127,4.249999999999989,1.4359356509908435E-6-3.4350418469940136E-11i,0.007179678161721084-1.7175209011937995E-7i
78.75622803139979,77.29580860387449,4.250000000000037,1.4359356468807379E-6-3.435041837161826E-11i,0.007179678161721084-1.7175209011937992E-7i
79.2433194140509,73.05145718747146,5.438356820913466,1.4359356358409213E-6-3.435041810752404E-11i,0.0071796781617210845-1.7175209011937992E-7i
77.81419980000767,74.68318285386695,5.390585937500006,1.4359356350873379E-6-3.4350418089496844E-11i,0.007179678161721084-1.7175209011937995E-7i
75.79872927431212,73.99992863783237,6.91233179618897,1.43593562484415E-6-3.435041784445956E-11i,0.007179678161721084-1.7175209011937992E-7i
77.574299866142,72.01144824869515,5.568069335937509,1.4359356314120706E-6-3.435041800157717E-11i,0.007179678161721084-1.7175209011937995E-7i
76.96580227641829,75.45757719877282,4.1286237444196425,1.4359356475945937E-6-3.435041838869514E-11i,0.007179678161721085-1.7175209011937992E-7i
74.08628251716264,82.07619516098109,4.250000000000012,1.435935650214807E-6-3.435041845137584E-11i,0.007179678161721085-1.7175209011937992E-7i
69.82665056855038,80.01451795784743,6.155034587952699,1.4359356345667129E-6-3.43504180770425E-11i,0.007179678161721085-1.7175209011937992E-7i
72.01256649652834,78.62326462701003,5.5,1.4359356322663908E-6-3.435041802201428E-11i,0.007179678161721084-1.7175209011937995E-7i
71.75734467644224,78.08942669488646,7.950293689637823,1.4359356235343326E-6-3.4350417813126185E-11i,0.0071796781617210845-1.7175209011937992E-7i
75.75299717665955,76.85966827877569,4.250000000000034,1.4359356420298458E-6-3.4350418255575434E-11i,0.007179678161721084-1.7175209011937995E-7i
75.14784168269311,75.72555864520905,5.402898995535724,1.435935637188755E-6-3.435041813976697E-11i,0.007179678161721084-1.7175209011937992E-7i
73.56283667728918,77.2746062441719,5.500000000000013,1.4359356311500765E-6-3.435041799530979E-11i,0.0071796781617210845-1.7175209011937992E-7i
73.72507386276747,78.26477196598465,4.25000000000003,1.435935648698261E-6-3.435041841509702E-11i,0.007179678161721084-1.7175209011937992E-7i
73.43311027922412,80.57053754901429,4.250000000000034,1.435935643008243E-6-3.4350418278980535E-11i,0.0071796781617210845-1.7175209011937992E-7i
83.70239397105598,63.59608241313775,4.874999999999987,1.4359356417854696E-6-3.435041824972935E-11i,0.0071796781617210845-1.7175209011937992E-7i
82.311310512402,62.46144321751706,5.499999999999984,1.435935632595515E-6-3.435041802988752E-11i,0.007179678161721084-1.7175209011937995E-7i
79.69060262760924,62.609847102786574,5.468535789005879,1.4359356322460124E-6-3.435041802152676E-11i,0.007179678161721085-1.7175209011937992E-7i
79.14770776797303,64.8321057508895,5.324877123470752,1.4359356325103615E-6-3.4350418027850465E-11i,0.007179678161721083-1.7175209011937997E-7i
78.63951394172855,62.928821476245496,4.218513401558849,1.4359356450285047E-6-3.435041832730924E-11i,0.0071796781617210845-1.7175209011937992E-7i
77.66618392449536,63.51001899693243,5.500000000000018,1.4359356285688861E-6-3.4350417933562616E-11i,0.007179678161721084-1.7175209011937995E-7i
80.3507946313422,64.21095030332253,4.250000000000005,1.435935646851835E-6-3.4350418370926894E-11i,0.007179678161721084-1.7175209011937992E-7i
80.34885660960039,68.66294543445656,5.200485726947048,1.435935631521305E-6-3.435041800419031E-11i,0.0071796781617210845-1.7175209011937992E-7i
79.93823885189637,67.1911789978862,4.249999999999967,1.4359356492734374E-6-3.435041842885643E-11i,0.007179678161721084-1.7175209011937995E-7i
80.52999922165,69.98010405471975,4.250000000000016,1.4359356424281044E-6-3.435041826510251E-11i,0.007179678161721085-1.7175209011937992E-7i
77.9679291150006,67.19533210340931,5.499999999999972,1.4359356340016246E-6-3.435041806352441E-11i,0.007179678161721082-1.7175209011938E-7i
77.90854896567718,65.97270712861183,4.233426823973203,1.4359356471772748E-6-3.4350418378712034E-11i,0.007179678161721085-1.7175209011937997E-7i
78.55053309199725,69.47586190398522,5.499999999999999,1.4359356297818466E-6-3.4350417962579E-11i,0.007179678161721084-1.7175209011937995E-7i
78.7979484140812,70.98010405471973,4.250000000000018,1.4359356463650625E-6-3.43504183592823E-11i,0.007179678161721084-1.7175209011937992E-7i
76.57463943788662,69.98109771499105,5.751238468125128,1.435935627792937E-6-3.4350417915000386E-11i,0.007179678161721084-1.7175209011937992E-7i
78.6932081823114,70.18664435233286,7.803541056315113,1.4359356252637498E-6-3.435041785449727E-11i,0.007179678161721083-1.7175209011937997E-7i
77.39700783576754,66.8739791460288,7.700826749325677,1.4359356260483327E-6-3.435041787326601E-11i,0.007179678161721083-1.7175209011937997E-7i
82.05936613056308,70.32613327847724,13,1.4359356210561992E-6-3.43504177538443E-11i,0.0071796781617210845-1.7175209011937992E-7i
76.80605870254017,74.17951540452634,13,1.435935621552923E-6-3.4350417765726946E-11i,0.007179678161721084-1.7175209011937992E-7i
72.9375911449872,75.02049153613375,8.127596986763995,1.4359356243271118E-6-3.4350417832091026E-11i,0.007179678161721084-1.7175209011937992E-7i
72.61262275404192,72.20134680257898,8.000000000000007,1.4359356255678217E-6-3.43504178617713E-11i,0.007179678161721084-1.7175209011937995E-7i
74.41860382816773,69.36503266644598,7.885746063761826,1.435935628395723E-6-3.435041792942023E-11i,0.0071796781617210845-1.7175209011937992E-7i
75.6058257184523,71.4166630106598,8.386484213131423,1.4359356252566682E-6-3.4350417854327825E-11i,0.007179678161721085-1.7175209011937992E-7i
65.21924820106048,85.90449726750602,7.213896833924156,1.435935626933274E-6-3.435041789443554E-11i,0.007179678161721082-1.7175209011938E-7i
66.90991083683835,88.11146625671668,13,1.4359356198692684E-6-3.435041772545052E-11i,0.007179678161721084-1.7175209011937992E-7i
62.0394316978684,87.08477193925509,7.999999999999996,1.4359356251928777E-6-3.4350417852801793E-11i,0.007179678161721083-1.7175209011937997E-7i
67.20815445887382,81.5636031663466,7.37500000000001,1.435935625072267E-6-3.4350417849916594E-11i,0.0071796781617210845-1.7175209011937992E-7i
67.61757733623037,83.51989118701259,8.290243481637633,1.4359356220680226E-6-3.4350417778049074E-11i,0.0071796781617210845-1.7175209011937992E-7i
69.94003374496498,81.82975458963384,13,1.435935622022762E-6-3.4350417776966366E-11i,0.007179678161721084-1.7175209011937992E-7i
72.05026598611394,76.84688758051954,13,1.4359356221924388E-6-3.4350417781025445E-11i,0.007179678161721086-1.7175209011937995E-7i
63.4608547368804,89.08796894932489,5.499999999999974,1.4359356342947738E-6-3.435041807053712E-11i,0.007179678161721084-1.7175209011937992E-7i
61.519715848934226,87.48020814313647,5.499999999999974,1.4359356354266374E-6-3.43504180976136E-11i,0.007179678161721085-1.7175209011937992E-7i
65.9679637083057,87.89865020923615,5.50000000000001,1.4359356350549496E-6-3.435041808872206E-11i,0.007179678161721082-1.7175209011938E-7i
66.9839818541529,88.7531726819115,4.249999999999999,1.4359356493771663E-6-3.435041843133786E-11i,0.007179678161721086-1.7175209011937992E-7i
64.98398185415284,88.75317268191144,4.250000000000002,1.4359356482137528E-6-3.435041840350664E-11i,0.007179678161721086-1.7175209011937995E-7i
63.73042736844014,87.61578124438694,4.250000000000002,1.435935646470661E-6-3.435041836180847E-11i,0.007179678161721083-1.7175209011937997E-7i
61.17620096364397,93.08112039145534,5.499999999999977,1.4359356363071517E-6-3.435041811867725E-11i,0.007179678161721083-1.7175209011937997E-7i
63.659263925131086,90.77913261438063,4.2499999999999885,1.4359356479981687E-6-3.435041839834945E-11i,0.0071796781617210845-1.7175209011937992E-7i
61.8915328106687,94.33478570210254,4.253982464175316,1.435935653038112E-6-3.435041851891482E-11i,0.0071796781617210845-1.7175209011937992E-7i
62.15926392513112,91.64515801816506,4.249999999999977,1.435935647566291E-6-3.4350418388018094E-11i,0.0071796781617210845-1.7175209011937992E-7i
58.23021750126806,95.21206765514046,4.278146527430109,1.4359356477934212E-6-3.4350418393451475E-11i,0.0071796781617210845-1.7175209011937992E-7i
59.73021750126814,94.34604225135601,4.278146527430083,1.4359356433069708E-6-3.4350418286126716E-11i,0.007179678161721085-1.7175209011937992E-7i
59.934272518114824,91.35699117680261,4.731827647671208,1.435935638649239E-6-3.4350418174704596E-11i,0.007179678161721086-1.7175209011937992E-7i
61.22968477474426,90.10798104168113,4.87499999999998,1.4359356374523845E-6-3.4350418146073393E-11i,0.007179678161721084-1.7175209011937995E-7i
61.75985792446711,88.54395164886161,4.249999999999966,1.435935645529166E-6-3.4350418339286034E-11i,0.0071796781617210845-1.7175209011937992E-7i
55.18357375827993,88.10443111881244,6.024534672446997,1.4359356337463399E-6-3.435041805741753E-11i,0.007179678161721083-1.7175209011937997E-7i
57.251907008442885,86.44775450092864,7.950602285232496,1.4359356212698347E-6-3.435041775895492E-11i,0.0071796781617210845-1.7175209011937992E-7i
67.35788255188253,78.5243523921887,7.979972598535974,1.4359356244811655E-6-3.4350417835776245E-11i,0.007179678161721083-1.7175209011937997E-7i
62.12817917591475,85.55880520418891,5.499999999999978,1.4359356324252941E-6-3.4350418025815485E-11i,0.007179678161721085-1.7175209011937992E-7i
63.85692099601302,83.11716145107249,7.236169595744638,1.435935627459344E-6-3.435041790702015E-11i,0.0071796781617210845-1.7175209011937992E-7i
59.45004710284687,84.6650623909176,5.499999999999999,1.4359356297588448E-6-3.4350417962028796E-11i,0.007179678161721082-1.7175209011937997E-7i
61.686689605741904,83.02489652049444,8,1.4359356265013964E-6-3.4350417884104156E-11i,0.007179678161721086-1.7175209011937992E-7i
64.02316082789577,85.32717057715146,5.187499999999997,1.4359356413924326E-6-3.43504182403272E-11i,0.007179678161721086-1.7175209011937992E-7i
70.48848229532734,83.53946573193643,4.4839931080099635,1.4359356467327394E-6-3.4350418368077916E-11i,0.007179678161721084-1.7175209011937992E-7i
71.98945475510115,81.4167892634868,4.2500000000000355,1.4359356436445962E-6-3.435041829420344E-11i,0.007179678161721084-1.7175209011937992E-7i
69.24674158417059,82.53034622833388,4.3397243452076895,1.4359356485996295E-6-3.435041841273761E-11i,0.007179678161721085-1.7175209011937992E-7i
70.47151195597858,80.60569282541653,4.875000000000033,1.4359356424102039E-6-3.435041826467431E-11i,0.007179678161721084-1.7175209011937992E-7i
65.91814247987679,85.09553595011403,4.875000000000016,1.435935637110379E-6-3.4350418137891957E-11i,0.007179678161721084-1.7175209011937992E-7i
67.68841946432124,83.4320022008645,4.279968531741174,1.4359356423814261E-6-3.435041826398592E-11i,0.007179678161721085-1.7175209011937992E-7i
68.09640645534411,81.47539284405909,5.139231507301758,1.4359356382866302E-6-3.435041816603025E-11i,0.007179678161721083-1.7175209011937997E-7i
65.23664250289525,82.77137686145684,5.499999999999999,1.4359356344742713E-6-3.4350418074831087E-11i,0.007179678161721082-1.7175209011938003E-7i
64.96342708132296,80.02989098729768,6.7500000000000036,1.435935623771782E-6-3.4350417818806415E-11i,0.007179678161721084-1.7175209011937992E-7i
64.01158041394777,84.00333125073132,4.09375000000001,1.4359356537359394E-6-3.435041853560825E-11i,0.007179678161721086-1.7175209011937992E-7i
67.05203861471857,81.96750703292786,4.093749999999989,1.4359356513397925E-6-3.435041847828773E-11i,0.007179678161721086-1.7175209011937995E-7i
65.98171354066169,80.48866605201997,4.874999999999999,1.435935637947401E-6-3.4350418157915266E-11i,0.007179678161721085-1.7175209011937992E-7i
63.72301867403258,80.99095233249787,4.249999999999979,1.435935648205218E-6-3.4350418403302543E-11i,0.0071796781617210845-1.7175209011937992E-7i
64.48171354066126,79.6226406482355,4.874999999999985,1.4359356356770613E-6-3.4350418103604273E-11i,0.0071796781617210845-1.7175209011937992E-7i
52.431844459937075,91.99852095684753,4.8749999999999885,1.4359356419508014E-6-3.43504182536845E-11i,0.007179678161721084-1.7175209011937992E-7i
52.70358920101515,89.96209489280143,6.576443176574715,1.4359356303051506E-6-3.4350417975097507E-11i,0.007179678161721084-1.7175209011937992E-7i
50.162908941619,90.84568287002394,5.850744996105801,1.4359356326061818E-6-3.43504180301427E-11i,0.007179678161721084-1.7175209011937995E-7i
50.250434737703515,92.32011485516944,4.250000000000011,1.4359356460558273E-6-3.435041835188481E-11i,0.007179678161721085-1.7175209011937992E-7i
58.63886026148538,92.60600131192408,4.588655295342436,1.4359356410557942E-6-3.435041823227418E-11i,0.007179678161721084-1.7175209011937995E-7i
57.08663330632992,93.83273462613312,4.29832812650956,1.4359356439590108E-6-3.435041830172479E-11i,0.0071796781617210845-1.7175209011937992E-7i
58.63555243046895,88.12711887353339,5.467443650945595,1.4359356321743257E-6-3.435041801981181E-11i,0.007179678161721082-1.7175209011937997E-7i
56.877982489968865,86.24287258533677,5.331527216156584,1.4359356352556046E-6-3.435041809352212E-11i,0.007179678161721085-1.7175209011937992E-7i
59.25171814279781,90.17240440261028,4.412291015813704,1.4359356472479163E-6-3.4350418380401964E-11i,0.007179678161721084-1.7175209011937995E-7i
54.72758501641151,91.76933456612377,5.498795224750845,1.4359356314127978E-6-3.435041800159462E-11i,0.007179678161721082-1.7175209011937997E-7i
54.86281944446703,93.29463437686518,4.250000000000026,1.4359356432070078E-6-3.435041828373545E-11i,0.007179678161721086-1.7175209011937992E-7i
56.58417328516944,91.04114609674642,4.606941861886759,1.4359356405353657E-6-3.435041821982448E-11i,0.007179678161721083-1.7175209011937997E-7i
51.00043473770351,90.15505134570827,4.249999999999996,1.4359356466870494E-6-3.4350418366984894E-11i,0.0071796781617210845-1.7175209011937992E-7i
51.306913984925544,88.87116413742706,5.500000000000005,1.4359356349659815E-6-3.435041808659381E-11i,0.007179678161721084-1.7175209011937992E-7i
56.78316858584455,88.86689249947571,4.2500000000000275,1.4359356446442454E-6-3.435041831811701E-11i,0.007179678161721083-1.7175209011937997E-7i
53.39201903062583,89.78465001815282,4.875000000000012,1.435935645507085E-6-3.4350418338757853E-11i,0.007179678161721083-1.7175209011937997E-7i
52.612958494444,87.03992073802425,5.5000000000000036,1.4359356348603174E-6-3.4350418084066086E-11i,0.007179678161721084-1.7175209011937995E-7i
54.28316858584455,88.00086709569133,4.250000000000009,1.4359356478633787E-6-3.4350418395125055E-11i,0.007179678161721086-1.7175209011937992E-7i
40.97006011159766,100,4.330479130320223,1.4359356473669155E-6-3.4350418383248654E-11i,0.007179678161721085-1.7175209011937997E-7i
40.21699429327158,97.78337220572395,5.26238706086456,1.4359356291988794E-6-3.435041794863333E-11i,0.007179678161721084-1.7175209011937992E-7i
39.24799593989769,100,5.0324882658845835,1.435935639302603E-6-3.4350418190334374E-11i,0.007179678161721085-1.7175209011938E-7i
38.10383027243231,98.32461540481508,5.26238706086456,1.4359356369060722E-6-3.435041813300457E-11i,0.007179678161721084-1.7175209011937992E-7i
37.6421135800408,100,7.969143423378241,1.435935626789121E-6-3.435041789098713E-11i,0.007179678161721086-1.7175209011937995E-7i
37.31408428441809,100,4.636709439093977,1.4359356411164021E-6-3.4350418233724055E-11i,0.007179678161721084-1.7175209011937997E-7i
39.03641431290313,97.18796840148508,4.246142927922277,1.4359356492458241E-6-3.435041842819586E-11i,0.007179678161721085-1.7175209011937992E-7i
47.87691184853103,93.99122242309679,4.586188173481615,1.4359356429399222E-6-3.4350418277346226E-11i,0.007179678161721084-1.7175209011937992E-7i
44.7070494718483,97.29879521901677,5.709255367939585,1.4359356337960423E-6-3.4350418058606514E-11i,0.007179678161721083-1.7175209011937997E-7i
43.85352473592415,97.78337220572394,4.35462768396979,1.4359356481832213E-6-3.435041840277626E-11i,0.007179678161721085-1.7175209011937992E-7i
45.904887364990586,94.99966048833244,4.302313841984918,1.4359356431217795E-6-3.435041828169658E-11i,0.007179678161721084-1.7175209011937992E-7i
41.10849714663579,97.1596352952931,4.131193530432273,1.435935646203147E-6-3.4350418355409025E-11i,0.0071796781617210845-1.7175209011937992E-7i
42.73101094127998,96.17246564483185,4.242910607201022,1.4359356404583155E-6-3.435041821798131E-11i,0.0071796781617210845-1.7175209011937992E-7i
35.106461902970324,100,5.200855194986694,1.4359356396260282E-6-3.4350418198071337E-11i,0.007179678161721086-1.7175209011937995E-7i
35.97983230248346,97.45859000103064,4.246142927922277,1.4359356482462103E-6-3.435041840428316E-11i,0.007179678161721084-1.7175209011937992E-7i
49.88136462063955,88.53782755105429,4.250000000000026,1.435935643382439E-6-3.4350418287932077E-11i,0.007179678161721085-1.7175209011937992E-7i
49.00043473770354,90.1550513457083,4.250000000000008,1.4359356420202168E-6-3.4350418255345006E-11i,0.007179678161721086-1.7175209011937992E-7i
48.452878420198815,91.98500860879669,4.901156920992439,1.4359356376571797E-6-3.435041815097259E-11i,0.007179678161721084-1.7175209011937992E-7i
46.4048873649906,92.40158427697911,4.302313841984907,1.4359356433626359E-6-3.43504182874584E-11i,0.0071796781617210845-1.7175209011937992E-7i
90.15340036058895,57.33509338906242,4.800491488833422,1.4359356340459593E-6-3.435041806458502E-11i,0.007179678161721082-1.7175209011937997E-7i
87.92538110820117,55.778307454973415,5.420600906152934,1.435935634510644E-6-3.4350418075701197E-11i,0.007179678161721083-1.7175209011937997E-7i
85.42448896513444,54.36496861256534,6.040141956202321,1.4359356334947831E-6-3.4350418051399793E-11i,0.007179678161721083-1.7175209011937997E-7i
85.04146063735662,56.89883763163161,5.8124999999999885,1.435935630538929E-6-3.43504179806899E-11i,0.007179678161721084-1.7175209011937995E-7i
91.79807012229871,56.008624082638505,4.397289679573563,1.4359356374397264E-6-3.435041814577063E-11i,0.007179678161721082-1.7175209011937997E-7i
93.80676348405449,55.972952871661455,4.355931091690421,1.4359356397960544E-6-3.435041820213869E-11i,0.007179678161721085-1.7175209011937992E-7i
91.982496461072,53.8377032540646,5.390398908607303,1.4359356336559297E-6-3.4350418055254746E-11i,0.007179678161721084-1.7175209011937995E-7i
93.53643991935168,53.04592120261827,4.355931091690442,1.4359356513047692E-6-3.4350418477449824E-11i,0.007179678161721084-1.7175209011937992E-7i
90.69611019848637,53.87440449277672,4.250000000000035,1.4359356458868483E-6-3.4350418347842494E-11i,0.007179678161721085-1.7175209011937992E-7i
90.73847936474515,51.711103522132234,4.0937500000000355,1.4359356515601617E-6-3.435041848355936E-11i,0.0071796781617210845-1.7175209011937992E-7i
90.13721276733463,50.42220704426449,5.187500000000021,1.4359356347790924E-6-3.4350418082123026E-11i,0.007179678161721082-1.7175209011938E-7i
88.90108735617348,54.83347096760671,4.250000000000035,1.435935645795565E-6-3.4350418345658834E-11i,0.0071796781617210845-1.7175209011937992E-7i
88.90464774871762,52.916609875908684,4.875000000000002,1.4359356372706542E-6-3.435041814172612E-11i,0.007179678161721083-1.7175209011937997E-7i
87.37485258093835,53.9973552377158,4.40625000000001,1.4359356392337829E-6-3.435041818868799E-11i,0.007179678161721086-1.7175209011937992E-7i
86.97938492365314,51.62962133048545,5.499999999999977,1.435935636497905E-6-3.4350418123240404E-11i,0.007179678161721083-1.7175209011937997E-7i
86.45855249218722,56.94941881581582,4.406250000000001,1.4359356452057186E-6-3.435041833154855E-11i,0.007179678161721085-1.7175209011937992E-7i
85.84861780570323,55.161239507824874,4.5625000000000195,1.4359356395079278E-6-3.435041819524608E-11i,0.007179678161721085-1.7175209011937992E-7i
84.72650168461834,55.94941881581579,4.406249999999999,1.435935643718725E-6-3.4350418295976705E-11i,0.0071796781617210845-1.7175209011937992E-7i
84.5980853942423,59.51916348268608,5.454285982615195,1.435935630520425E-6-3.435041798024727E-11i,0.007179678161721082-1.7175209011938E-7i
84.72650168461836,57.94941881581572,4.406250000000002,1.435935640800716E-6-3.4350418226172155E-11i,0.0071796781617210845-1.7175209011937992E-7i
82.73836015974912,56.987598123806656,4.249999999999987,1.4359356419936403E-6-3.435041825470926E-11i,0.007179678161721086-1.7175209011937992E-7i
80.72104131593227,62.08567163685054,4.144041124687722,1.4359356475080592E-6-3.4350418386625063E-11i,0.0071796781617210845-1.7175209011937992E-7i
80.20457409635841,60.348752562866665,5.478578909015368,1.435935631599337E-6-3.4350418006057016E-11i,0.007179678161721084-1.7175209011937995E-7i
82.18249046963327,60.46468835521547,5.11758051529942,1.4359356377315843E-6-3.435041815275245E-11i,0.007179678161721084-1.7175209011937992E-7i
83.36142662214097,61.73072160875853,4.249999999999968,1.4359356509934405E-6-3.4350418470002284E-11i,0.0071796781617210845-1.7175209011937992E-7i
83.34641429924287,59.32040859261651,4.2499999999999964,1.4359356465729011E-6-3.43504183642542E-11i,0.007179678161721086-1.7175209011937995E-7i
79.4294562668447,60.980305795666375,4.14395571192505,1.4359356474174294E-6-3.435041838445701E-11i,0.007179678161721085-1.7175209011937992E-7i
81.90433486342397,58.2660833857977,4.846285075955469,1.435935641959258E-6-3.4350418253886777E-11i,0.007179678161721082-1.7175209011937997E-7i
95.55973048848992,41.14481075579741,5.730612560291052,1.435935635106218E-6-3.4350418089948555E-11i,0.007179678161721084-1.7175209011937992E-7i
94.60768002122367,47.330187022740375,5.523784198805107,1.435935633032284E-6-3.4350418040335917E-11i,0.007179678161721082-1.7175209011937997E-7i
93.3013071949279,49.54068230938069,5.4999999999999964,1.4359356332405513E-6-3.435041804531811E-11i,0.007179678161721084-1.7175209011937992E-7i
92.32052657854179,50.27034115469033,4.250000000000008,1.4359356480988596E-6-3.4350418400758194E-11i,0.007179678161721086-1.7175209011937992E-7i
91.36763800807552,48.16968693068661,4.625292340740518,1.4359356414938745E-6-3.435041824275392E-11i,0.0071796781617210845-1.7175209011937992E-7i
87.42751463533548,50.31481066524275,4.250000000000002,1.4359356419857415E-6-3.4350418254520365E-11i,0.007179678161721084-1.7175209011937995E-7i
89.15054460032037,49.68277591438648,4.126213166951575,1.4359356354166734E-6-3.4350418097375274E-11i,0.0071796781617210845-1.7175209011937992E-7i
89.6377269783827,46.927804212620345,5.500000000000002,1.4359356346947184E-6-3.435041808010467E-11i,0.007179678161721082-1.7175209011938003E-7i
96.02022174992149,39.26683994311401,5.202339132096222,1.4359356405924784E-6-3.4350418221190705E-11i,0.007179678161721086-1.7175209011937992E-7i
98.08962471525741,38.271822362811754,5.036767648276133,1.4359356395784169E-6-3.43504181969323E-11i,0.007179678161721084-1.7175209011937992E-7i
96.3998521842866,37.159961821437534,5.051100867657262,1.43593563723794E-6-3.4350418140943516E-11i,0.0071796781617210845-1.7175209011937992E-7i
91.01631879978092,45.796487668800104,4.249999999999981,1.4359356481169499E-6-3.435041840119098E-11i,0.007179678161721085-1.7175209011937992E-7i
92.54820824574641,46.647044564525274,4.886892099402543,1.435935644824353E-6-3.435041832242552E-11i,0.007179678161721084-1.7175209011937992E-7i
90.69289163740623,44.59297533760014,5.500000000000005,1.4359356356303353E-6-3.4350418102486436E-11i,0.007179678161721085-1.7175209011937992E-7i
91.88234420356537,44.2964876688001,4.250000000000024,1.4359356427519808E-6-3.43504182728503E-11i,0.007179678161721084-1.7175209011937995E-7i
97.78829521704007,44.32402254979186,5.138130265414521,1.4359356368228855E-6-3.435041813101459E-11i,0.007179678161721084-1.7175209011937995E-7i
100,43.4727598796507,5.68849786338324,1.4359356380519703E-6-3.435041816041671E-11i,0.007179678161721085-1.7175209011938E-7i
100,38.89001080923444,5.146963227917378,1.4359356405219635E-6-3.435041821950382E-11i,0.007179678161721086-1.7175209011937992E-7i
100,37.169198250064284,4.659253120325756,1.4359356441853393E-6-3.435041830713902E-11i,0.007179678161721084-1.7175209011937997E-7i
100,41.05799776274628,5.792419697330356,1.4359356355634028E-6-3.43504181008853E-11i,0.007179678161721085-1.7175209011938E-7i
97.95818420007251,41.379394716900705,5.777774981372463,1.4359356405169976E-6-3.435041821938507E-11i,0.007179678161721084-1.7175209011937992E-7i
88.50704853472755,47.91229516907684,4.250000000000016,1.435935637877884E-6-3.435041815625225E-11i,0.0071796781617210845-1.7175209011937992E-7i
97.223599311473,40.18722323777962,4.207141088113253,1.4359356511240343E-6-3.435041847312636E-11i,0.0071796781617210845-1.7175209011937992E-7i
95.02965785190459,44.31219519193162,5.852299506083502,1.4359356306310499E-6-3.4350417982893626E-11i,0.007179678161721083-1.7175209011937997E-7i
92.60547965707683,42.342444087722264,6.749999999999991,1.4359356231926073E-6-3.435041780495144E-11i,0.007179678161721083-1.7175209011937997E-7i
95.57659043408013,45.294452922597834,4.249999999999985,1.4359356452160585E-6-3.43504183317959E-11i,0.0071796781617210845-1.7175209011937992E-7i
93.84453962651128,45.29445292259784,4.249999999999971,1.4359356451566307E-6-3.43504183303743E-11i,0.0071796781617210845-1.7175209011937992E-7i
96.22613339250361,42.85039583552757,4.381565132707263,1.4359356447405876E-6-3.435041832042166E-11i,0.007179678161721084-1.7175209011937992E-7i
95.49435820601873,40.23203101670971,4.1513283551874665,1.4359356495364924E-6-3.435041843514923E-11i,0.007179678161721085-1.7175209011937992E-7i
97.3081558646691,35.54810128006333,5.065434087038392,1.4359356413536692E-6-3.435041823939985E-11i,0.007179678161721082-1.7175209011937997E-7i
97.10664449526779,34.182069409403724,6.4114186067119805,1.4359356331398664E-6-3.435041804290949E-11i,0.007179678161721086-1.7175209011937995E-7i
100,34.99760306831675,5.593834896929039,1.4359356405236148E-6-3.435041821954335E-11i,0.007179678161721085-1.7175209011937997E-7i
91.02298723115261,42.39409648201174,5.8124999999999964,1.4359356321369269E-6-3.4350418018917225E-11i,0.007179678161721085-1.7175209011937992E-7i
93.4710196838813,38.09609244518773,7.565434087038377,1.4359356269166094E-6-3.435041789403691E-11i,0.007179678161721084-1.7175209011937995E-7i
93.27140822680292,39.04804622259388,5.282717043519175,1.4359356315340639E-6-3.435041800449555E-11i,0.007179678161721084-1.7175209011937992E-7i
91.35308282489898,40.19521762642334,6.124999999999987,1.4359356273330286E-6-3.4350417903998477E-11i,0.007179678161721086-1.7175209011937992E-7i
98.3036323894495,33.381970070027286,5.5302766344172545,1.4359356392643076E-6-3.435041818941825E-11i,0.007179678161721084-1.7175209011937992E-7i
100,32.12944210061512,7.2364973686689105,1.4359356291341148E-6-3.435041794708396E-11i,0.007179678161721086-1.7175209011937995E-7i
100,32.94679404920828,4.6215378084651455,1.4359356479693493E-6-3.4350418397660054E-11i,0.007179678161721084-1.7175209011937997E-7i
100,31.25694120765894,4.642297098978071,1.4359356428777893E-6-3.435041827585979E-11i,0.0071796781617210845-1.7175209011938E-7i
100,29.338543250665467,5.630720808910448,1.4359356335930167E-6-3.435041805374969E-11i,0.007179678161721085-1.7175209011937997E-7i
97.0073024091367,31.1416715746689,5.943039533857032,1.4359356336387533E-6-3.435041805484385E-11i,0.007179678161721082-1.7175209011937997E-7i
94.50894717894091,35.43323522025534,5.194244658925231,1.435935635773536E-6-3.4350418105912094E-11i,0.007179678161721082-1.7175209011937997E-7i
96.05600172098123,35.27405064003165,4.032717043519212,1.435935649858255E-6-3.43504184428464E-11i,0.007179678161721085-1.7175209011937997E-7i
94.03762790204813,38.024023111296934,4.1413585217595825,1.4359356470668452E-6-3.435041837607034E-11i,0.007179678161721084-1.7175209011937995E-7i
95.83047292259808,33.41476565333164,4.669521386409969,1.4359356387573669E-6-3.435041817729126E-11i,0.007179678161721084-1.7175209011937995E-7i
98.28579079094034,32.190985035013654,4.265138317208642,1.4359356474408992E-6-3.4350418385018465E-11i,0.007179678161721085-1.7175209011937992E-7i
98.02454660603881,29.775697563305336,4.347810675911198,1.435935647309845E-6-3.4350418381883373E-11i,0.0071796781617210845-1.7175209011937992E-7i
97.78114401964648,28.551395126610654,5.695621351822368,1.435935626918687E-6-3.435041789408657E-11i,0.007179678161721084-1.7175209011937992E-7i
95.49818388037255,29.45437070031974,4.369298048078055,1.4359356461240141E-6-3.435041835351601E-11i,0.007179678161721084-1.7175209011937995E-7i
95.74893339073985,28.26007540357609,6.068006803925634,1.4359356316883755E-6-3.4350418008187025E-11i,0.007179678161721084-1.7175209011937992E-7i
100,26.850288130669213,5.224067432943193,1.435935638394982E-6-3.435041816862224E-11i,0.007179678161721085-1.7175209011937997E-7i
100,27.89631012979352,9.042087578937217,1.4359356263710323E-6-3.4350417880985633E-11i,0.007179678161721085-1.7175209011937997E-7i
97.78114401964646,26.162222313306085,6.148522937585917,1.4359356292859501E-6-3.4350417950716184E-11i,0.007179678161721085-1.7175209011937992E-7i
100,24.560197624056343,6.536523980437479,1.435935631720813E-6-3.4350418008962934E-11i,0.007179678161721085-1.7175209011937997E-7i
97.15852120225438,27.081111156653066,4.574261468792969,1.4359356400016625E-6-3.43504182070572E-11i,0.0071796781617210845-1.7175209011937992E-7i
97.97819812142686,25.6555977141546,4.5610517060102955,1.4359356388742955E-6-3.435041818008839E-11i,0.0071796781617210845-1.7175209011937992E-7i
97.47580877697573,23.526212196166576,4.977080322359227,1.435935639231716E-6-3.435041818863857E-11i,0.007179678161721082-1.7175209011938E-7i
100,24.79519336929495,4.367162444324805,1.4359356469331023E-6-3.435041837287096E-11i,0.0071796781617210845-1.7175209011938E-7i
100,23.064231845266335,4.761663595483748,1.4359356410740676E-6-3.4350418232711244E-11i,0.0071796781617210845-1.7175209011937997E-7i
100,21.788042603463495,6.7913243412790765,1.4359356303481987E-6-3.4350417976127314E-11i,0.007179678161721085-1.7175209011937997E-7i
100,18.557843405951516,6.728175372426296,1.4359356317651512E-6-3.435041801002362E-11i,0.007179678161721085-1.7175209011937997E-7i
100,19.490686126202462,8.67685308728121,1.4359356248915093E-6-3.435041784559252E-11i,0.0071796781617210845-1.7175209011938E-7i
97.13411949030133,20.38918611297838,6.113838173472947,1.435935632016961E-6-3.435041801604742E-11i,0.007179678161721082-1.7175209011938E-7i
100,20.924740414797043,4.850456735299904,1.4359356395227702E-6-3.4350418195601175E-11i,0.007179678161721085-1.7175209011938E-7i
95.9415082702928,25.619303622251284,6.578092032686917,1.4359356264557352E-6-3.4350417883011935E-11i,0.0071796781617210845-1.7175209011937992E-7i
96.91511861586204,24.618590060486675,4.098915542659867,1.4359356450401882E-6-3.435041832758876E-11i,0.007179678161721086-1.7175209011937992E-7i
97.19643565691948,29.093030298950996,8.521043789468642,1.4359356269449916E-6-3.435041789471584E-11i,0.0071796781617210845-1.7175209011937992E-7i
97.19643565691948,33.076179243131854,8.494325493323862,1.435935625988976E-6-3.4350417871846044E-11i,0.007179678161721085-1.7175209011937992E-7i
100,32.985843939444194,13,1.435935619719496E-6-3.4350417721867736E-11i,0.007179678161721084-1.7175209011937997E-7i
94.61685292820555,32.9153733735657,7.469804632542788,1.4359356254925702E-6-3.4350417859971045E-11i,0.007179678161721083-1.7175209011937997E-7i
94.48863933202237,29.92553885819268,7.472192210107231,1.4359356272131487E-6-3.4350417901130725E-11i,0.0071796781617210845-1.7175209011937992E-7i
93.90243557814834,29.195054109252926,5.645968935176232,1.4359356343523866E-6-3.4350418071915436E-11i,0.007179678161721086-1.7175209011937995E-7i
94.14701930139903,27.52854614367526,6.926223605673196,1.4359356247128057E-6-3.4350417841317586E-11i,0.007179678161721085-1.7175209011937992E-7i
96.32072850129263,23.47436024194671,7.395662170639521,1.4359356242751133E-6-3.435041783084708E-11i,0.007179678161721084-1.7175209011937992E-7i
96.3207285012926,26.5284940051117,8.521043789468607,1.435935625309771E-6-3.435041785559817E-11i,0.007179678161721084-1.7175209011937992E-7i
97.6832445049024,20.72389562128801,8.920051136669619,1.4359356234190793E-6-3.435041781036907E-11i,0.007179678161721086-1.7175209011937995E-7i
100,23.25186868369282,9.256893045531955,1.4359356228786194E-6-3.4350417797440185E-11i,0.007179678161721085-1.7175209011938E-7i
100,26.173157932989895,13.000000000000002,1.4359356161997186E-6-3.4350417637667716E-11i,0.007179678161721084-1.7175209011937997E-7i
91.7987668125624,50.08136461876136,7.999999999999994,1.435935627151394E-6-3.435041789965338E-11i,0.007179678161721082-1.7175209011937997E-7i
92.77416530592664,45.107909915387296,7.814777041201662,1.4359356256289135E-6-3.435041786323272E-11i,0.007179678161721084-1.7175209011937992E-7i
88.93467957251359,49.84441408852902,7.375000000000025,1.4359356293296513E-6-3.4350417951761623E-11i,0.007179678161721084-1.7175209011937992E-7i
94.38757344866185,47.261398654367014,8.630618133285541,1.435935624798088E-6-3.435041784335764E-11i,0.007179678161721084-1.7175209011937992E-7i
91.85644975921764,47.27231521353224,6.809861467617358,1.4359356323849525E-6-3.4350418024850456E-11i,0.0071796781617210845-1.7175209011937992E-7i
93.98983847053816,50.162729237522726,13,1.4359356203564513E-6-3.435041773710492E-11i,0.007179678161721086-1.7175209011937992E-7i
87.9612815942626,46.73063328504792,7.5377494977357555,1.4359356353754572E-6-3.4350418096389294E-11i,0.0071796781617210845-1.7175209011937992E-7i
87.40640191486833,47.824590338153634,5.49999999999999,1.4359356404364515E-6-3.435041821745824E-11i,0.007179678161721085-1.7175209011937992E-7i
87.39110079523577,46.12381650910917,5.695553956512823,1.435935645588762E-6-3.435041834071168E-11i,0.007179678161721084-1.7175209011937992E-7i
90.04603731265686,44.18595067520023,7.999999999999991,1.4359356250097255E-6-3.435041784842043E-11i,0.007179678161721084-1.7175209011937992E-7i
88.50055159908328,43.59704483000456,5.500000000000025,1.4359356334290796E-6-3.4350418049828034E-11i,0.007179678161721084-1.7175209011937995E-7i
90.59367683085557,40.095982330248845,8.000000000000004,1.4359356223332733E-6-3.435041778439445E-11i,0.007179678161721084-1.7175209011937992E-7i
87.3934080435798,43.1940896600091,8.000000000000027,1.4359356282047712E-6-3.43504179248523E-11i,0.007179678161721084-1.7175209011937992E-7i
94.05758720131217,43.355623380782646,13,1.4359356203667417E-6-3.4350417737351135E-11i,0.007179678161721085-1.7175209011937992E-7i
94.05370418547258,36.74031280666738,13,1.435935622773639E-6-3.435041779492889E-11i,0.007179678161721084-1.7175209011937995E-7i
92.06359842358474,34.67567732227676,8.176141892034414,1.4359356233810535E-6-3.435041780945947E-11i,0.0071796781617210845-1.7175209011937992E-7i
82.83953473798671,56.165187480776595,6.060212618976227,1.4359356343878633E-6-3.4350418072764085E-11i,0.0071796781617210845-1.7175209011937992E-7i
80.72766294988413,56.54498147826904,5.1874999999999725,1.435935640583538E-6-3.435041822097678E-11i,0.007179678161721083-1.7175209011937997E-7i
82.73836015974912,54.98759812380665,4.2500000000000195,1.4359356484899222E-6-3.4350418410113154E-11i,0.0071796781617210845-1.7175209011937992E-7i
81.36037891803831,54.787461525741,5.03124999999999,1.4359356409949954E-6-3.435041823081973E-11i,0.007179678161721086-1.7175209011937992E-7i
81.0654506614809,58.20468788288608,6.680133048803807,1.4359356309147265E-6-3.435041798967973E-11i,0.007179678161721086-1.7175209011937995E-7i
79.16726712667122,57.306438122852946,5.499999999999971,1.43593563933058E-6-3.435041819100357E-11i,0.007179678161721082-1.7175209011938E-7i
78.75831601603002,59.40321906142624,4.249999999999982,1.4359356500091764E-6-3.435041844645671E-11i,0.0071796781617210845-1.7175209011937992E-7i
77.71931764561401,60.54669467818891,5.562463197412823,1.4359356370464941E-6-3.435041813636374E-11i,0.007179678161721084-1.7175209011937995E-7i
83.18780997798407,59.4100359677119,7.939805216533052,1.4359356207488133E-6-3.435041774649099E-11i,0.007179678161721082-1.7175209011938E-7i
87.80765874780558,60.16211375704588,13,1.4359356202495193E-6-3.435041773454693E-11i,0.007179678161721085-1.7175209011937992E-7i
87.75470826869679,53.51848532194173,13,1.4359356225875458E-6-3.4350417790477133E-11i,0.007179678161721084-1.7175209011937995E-7i
86.76075806246271,49.60861225851847,7.956439060852241,1.435935629126943E-6-3.4350417946912465E-11i,0.007179678161721084-1.7175209011937992E-7i
85.90072870776496,52.55521910696047,8.006108348506858,1.4359356299429673E-6-3.435041796643334E-11i,0.0071796781617210845-1.7175209011937992E-7i
84.14334253379091,51.20548798626583,5.909764127809495,1.4359356280646258E-6-3.4350417921499725E-11i,0.007179678161721083-1.7175209011937997E-7i
83.33588421751688,53.332350362262495,7.374999999999989,1.43593563071275E-6-3.435041798484805E-11i,0.0071796781617210845-1.7175209011937992E-7i
83.77640785197033,55.654233238553765,9.004556070990112,1.4359356229606914E-6-3.435041779940352E-11i,0.0071796781617210845-1.7175209011937992E-7i
83.12567603513811,49.90554195782598,7.448905077457831,1.4359356265825056E-6-3.4350417886044476E-11i,0.007179678161721085-1.7175209011937992E-7i
77.68521128498583,62.36949360758049,7.873654519288947,1.4359356239481522E-6-3.435041782302556E-11i,0.007179678161721082-1.7175209011937997E-7i
74.7128409065936,64.47309953719191,6.785649723853031,1.435935629183127E-6-3.4350417948256446E-11i,0.0071796781617210845-1.7175209011937992E-7i
79.39563052801354,58.8434129649001,8.303683635230675,1.4359356238051584E-6-3.435041781960484E-11i,0.007179678161721084-1.7175209011937995E-7i
81.53407703581941,63.52943198309041,13,1.4359356179951335E-6-3.435041768061759E-11i,0.0071796781617210845-1.7175209011937992E-7i
36.95966460496698,96.64923080963014,5.492285855844551,1.4359356361542057E-6-3.435041811501847E-11i,0.007179678161721084-1.7175209011937992E-7i
39.072828625806245,96.10798761053901,5.492285855844551,1.4359356375788376E-6-3.43504181490985E-11i,0.007179678161721085-1.7175209011937992E-7i
48.03625198563013,89.16665316398559,5.55231384198492,1.4359356344526838E-6-3.4350418074314706E-11i,0.007179678161721082-1.7175209011938003E-7i
49.76272924127906,87.46795994752188,5.500000000000028,1.435935629110005E-6-3.435041794650727E-11i,0.007179678161721085-1.7175209011937992E-7i
47.833155129119994,92.69799444686178,6.82395094629302,1.4359356252553608E-6-3.4350417854296586E-11i,0.007179678161721084-1.7175209011937995E-7i
46.3097747299812,90.86534638044928,5.604627683969811,1.4359356335407254E-6-3.435041805249881E-11i,0.007179678161721084-1.7175209011937992E-7i
45.80977472998117,93.46342259180261,5.60462768396982,1.4359356356900914E-6-3.4350418103915946E-11i,0.007179678161721084-1.7175209011937992E-7i
43.95138552665197,94.3243592930866,4.92538530594605,1.43593563569435E-6-3.4350418104017767E-11i,0.007179678161721085-1.7175209011937992E-7i
44.90488736499059,93.26760968076353,4.302313841984895,1.4359356440199193E-6-3.435041830318186E-11i,0.007179678161721086-1.7175209011937995E-7i
44.490552675418826,96.37586178169003,8.358926871614495,1.4359356225863964E-6-3.435041779044965E-11i,0.007179678161721082-1.7175209011937997E-7i
48.22083666511081,96.13357130740451,8.094180192991276,1.4359356224647944E-6-3.435041778754073E-11i,0.007179678161721082-1.7175209011937997E-7i
47.72634088085193,100,8.837021471758433,1.4359356228395688E-6-3.435041779650608E-11i,0.007179678161721084-1.7175209011937997E-7i
41.000848834067014,100,8.570275067267715,1.435935623676053E-6-3.435041781651637E-11i,0.0071796781617210845-1.7175209011937995E-7i
41.682347157460484,98.44790354450934,8.899674928031825,1.4359356235837504E-6-3.435041781430831E-11i,0.007179678161721086-1.7175209011937995E-7i
44.17523975361189,100,9.715025751401388,1.4359356194535548E-6-3.4350417715505916E-11i,0.007179678161721085-1.7175209011938E-7i
46.605482321626525,100,13,1.435935618998047E-6-3.4350417704609246E-11i,0.007179678161721084-1.7175209011937997E-7i
41.18599264664552,95.56674441144789,5.49228585584455,1.435935630707852E-6-3.4350417984730884E-11i,0.007179678161721083-1.7175209011937997E-7i
42.902771053303965,93.84487100887985,6.850770611892083,1.435935624575031E-6-3.4350417838021704E-11i,0.007179678161721084-1.7175209011937995E-7i
39.99267741354202,96.58596057959471,8.007551272915961,1.4359356258461965E-6-3.43504178684305E-11i,0.007179678161721082-1.7175209011937997E-7i
35.919329209933956,96.7625632343981,7.984571711689123,1.435935624799416E-6-3.4350417843389486E-11i,0.007179678161721084-1.7175209011937992E-7i
33.41954594300526,100,7.213032773104503,1.4359356258841438E-6-3.435041786933831E-11i,0.007179678161721085-1.7175209011937997E-7i
35.88910776029026,94.0854336404579,5.7036949470152125,1.4359356321648364E-6-3.4350418019584857E-11i,0.007179678161721084-1.7175209011937992E-7i
33.75232709181351,96.27288432012192,6.908081129652051,1.4359356272582248E-6-3.435041790220908E-11i,0.007179678161721086-1.7175209011937992E-7i
39.801945704538255,99.99999999999999,13.000000000000002,1.4359356182070459E-6-3.4350417685686947E-11i,0.0071796781617210845-1.7175209011938E-7i
34.19654483982708,93.52512646879624,7.99999999999999,1.435935623306196E-6-3.43504178076687E-11i,0.007179678161721082-1.7175209011938E-7i
33.59179869680329,94.97384621444525,5.665795273807492,1.4359356378459569E-6-3.435041815548854E-11i,0.007179678161721086-1.7175209011937992E-7i
31.585324973693083,95.78320540584572,5.831590547614979,1.4359356332578593E-6-3.4350418045732146E-11i,0.007179678161721084-1.7175209011937995E-7i
30.85015545941336,93.20701993448068,6.087958411768429,1.4359356314057149E-6-3.435041800142522E-11i,0.007179678161721084-1.7175209011937992E-7i
32.170649947386124,96.76256323439812,8.663181095229913,1.4359356236282344E-6-3.4350417815372536E-11i,0.0071796781617210845-1.7175209011937992E-7i
30.417364254696775,98.38128161719906,7.167441713155863,1.4359356265280492E-6-3.4350417884741796E-11i,0.007179678161721084-1.7175209011937992E-7i
30.144755054945193,100,9.326362190459793,1.4359356238132258E-6-3.435041781979784E-11i,0.007179678161721085-1.7175209011938E-7i
29.988720276951895,94.45164489917563,8.039105774120824,1.4359356246389484E-6-3.435041783955076E-11i,0.007179678161721086-1.7175209011937995E-7i
32.984233654769994,100,13,1.4359356198280095E-6-3.435041772446359E-11i,0.007179678161721084-1.7175209011937997E-7i
51.145742366867346,91.69738414430088,8.783769129873743,1.435935622055141E-6-3.435041777774102E-11i,0.007179678161721084-1.7175209011937995E-7i
50.00347790162832,93.98654468355932,13,1.4359356189167399E-6-3.435041770266425E-11i,0.007179678161721086-1.7175209011937992E-7i
51.113827969851094,89.0006585240518,7.9999999999999964,1.43593562333608E-6-3.435041780838353E-11i,0.007179678161721085-1.7175209011937992E-7i
47.41336946352121,89.8567369430471,8.000000000000007,1.4359356218829537E-6-3.43504177736219E-11i,0.007179678161721086-1.7175209011937992E-7i
60.078863395736896,88.02595033906124,13,1.4359356215568852E-6-3.435041776582167E-11i,0.007179678161721084-1.7175209011937995E-7i
59.173037357515575,83.30450055981262,8.485419075701039,1.4359356229430722E-6-3.435041779898202E-11i,0.0071796781617210845-1.7175209011937992E-7i
54.12196767584996,84.69029908145217,7.687500000000001,1.4359356274342755E-6-3.4350417906420545E-11i,0.007179678161721082-1.7175209011937997E-7i
55.502986445240694,82.9069562853866,8.788202272901236,1.435935624127463E-6-3.435041782731503E-11i,0.007179678161721084-1.7175209011937995E-7i
52.16429332160157,86.34252897895877,7.8828125000000036,1.4359356249949358E-6-3.4350417848066675E-11i,0.007179678161721084-1.7175209011937992E-7i
52.44822562326907,84.83928612505952,5.492253839799968,1.4359356337418442E-6-3.435041805731001E-11i,0.007179678161721085-1.7175209011937992E-7i
53.45183397777603,87.99685152618113,13,1.4359356182008073E-6-3.435041768553768E-11i,0.007179678161721085-1.7175209011937992E-7i
48.52545848255813,87.0602755480259,8.000000000000009,1.4359356224296989E-6-3.4350417786701144E-11i,0.007179678161721084-1.7175209011937992E-7i
26.776822626830697,97.19726790550796,8.521033133608169,1.4359356248596814E-6-3.4350417844831146E-11i,0.007179678161721083-1.7175209011937997E-7i
27.169944013992847,100,8.112731836284919,1.4359356263108117E-6-3.4350417879545034E-11i,0.0071796781617210845-1.7175209011938E-7i
26.1721508967525,100,13,1.4359356210587462E-6-3.435041775390523E-11i,0.007179678161721084-1.7175209011937997E-7i
24.264549115780724,100,9.04206626721632,1.435935623668231E-6-3.435041781632932E-11i,0.007179678161721085-1.7175209011938E-7i
25.127721008364592,97.47781939467411,6.770255937705924,1.435935629562334E-6-3.435041795732792E-11i,0.007179678161721085-1.7175209011937992E-7i
23.62605404989739,100,6.25865587733011,1.4359356311940094E-6-3.435041799636077E-11i,0.007179678161721085-1.7175209011937997E-7i
20.99304869775311,100,7.424532950312318,1.4359356234188142E-6-3.435041781036271E-11i,0.007179678161721085-1.7175209011937997E-7i
21.97603003129098,97.24879257524945,7.712266475156162,1.4359356229614634E-6-3.4350417799421974E-11i,0.007179678161721085-1.7175209011937992E-7i
22.959011364828868,94.49758515049888,8.000000000000005,1.4359356227546106E-6-3.4350417794473657E-11i,0.007179678161721085-1.7175209011937992E-7i
33.34589343833172,97.89160270292285,5.516222871300858,1.4359356354636397E-6-3.435041809849879E-11i,0.007179678161721082-1.7175209011937997E-7i
33.18856378907256,100,4.778144965641591,1.435935644035066E-6-3.435041830354422E-11i,0.0071796781617210845-1.7175209011938E-7i
34.795899348401605,95.75487229965373,4.332897636903738,1.4359356450715274E-6-3.4350418328338415E-11i,0.007179678161721083-1.7175209011937997E-7i
32.79589934840164,95.75487229965375,4.332897636903725,1.4359356447051662E-6-3.435041831957432E-11i,0.0071796781617210845-1.7175209011937992E-7i
28.799052968964176,95.76906438943789,5.830395084282272,1.4359356317641604E-6-3.435041800999992E-11i,0.007179678161721082-1.7175209011938003E-7i
26.415199064483176,93.9686511646744,8.167048606866512,1.435935622643153E-6-3.435041779180737E-11i,0.007179678161721085-1.7175209011937992E-7i
28.61743498015112,93.0276612254052,7.534778875415015,1.4359356240203471E-6-3.4350417824752583E-11i,0.007179678161721086-1.7175209011937995E-7i
29.20491049284759,92.93041206307053,5.2360313762094,1.4359356356460258E-6-3.4350418102861814E-11i,0.007179678161721086-1.7175209011937992E-7i
32.17294671916588,98.07977594767699,4.258111435650428,1.4359356470105866E-6-3.4350418374724526E-11i,0.007179678161721085-1.7175209011937992E-7i
31.312310573017953,100,5.521351057904055,1.4359356351536862E-6-3.435041809108406E-11i,0.007179678161721085-1.7175209011937997E-7i
30.792662486846552,96.159551895354,4.415795273807514,1.435935642892043E-6-3.4350418276200885E-11i,0.007179678161721085-1.7175209011937992E-7i
30.2086821273484,97.45859000103067,5.083720856577956,1.4359356388706287E-6-3.4350418180000684E-11i,0.007179678161721085-1.7175209011937992E-7i
29.104341063674184,96.99724419294647,4.041860428288969,1.4359356537362037E-6-3.4350418535614645E-11i,0.007179678161721085-1.7175209011937992E-7i
27.514542896287477,97.9459407868116,5.78787876066615,1.4359356334074509E-6-3.435041804931066E-11i,0.007179678161721084-1.7175209011937995E-7i
26.292217649020756,100,5.779703964122767,1.435935635458073E-6-3.4350418098365635E-11i,0.007179678161721085-1.7175209011937997E-7i
24.47773309738254,100,4.538957483607334,1.435935642554991E-6-3.43504182681379E-11i,0.0071796781617210845-1.7175209011938E-7i
25.063860504182287,97.87288429355263,4.885127968852954,1.4359356451385861E-6-3.4350418329942615E-11i,0.007179678161721084-1.7175209011937992E-7i
28.66407856200746,100,5.671702331081777,1.4359356346129463E-6-3.435041807814851E-11i,0.007179678161721085-1.7175209011937997E-7i
69.76035702547102,76.51088923823467,8.474625725816226,1.4359356224840926E-6-3.435041778800233E-11i,0.007179678161721085-1.7175209011937992E-7i
70.0770304374323,73.83679643435855,8.520833333333337,1.4359356212430913E-6-3.4350417758315175E-11i,0.007179678161721085-1.7175209011937992E-7i
75.0462233896003,63.23372066444894,5.4260579224033165,1.4359356346499298E-6-3.43504180790332E-11i,0.007179678161721082-1.7175209011937997E-7i
72.35845382138046,62.90742187164915,5.5000000000000036,1.4359356370738628E-6-3.4350418137018473E-11i,0.0071796781617210845-1.7175209011937992E-7i
73.98865163997496,62.35018246316079,7.849472980914796,1.4359356265827235E-6-3.435041788604971E-11i,0.007179678161721085-1.7175209011937992E-7i
75.31913936373515,66.03943313694118,5.370994617240868,1.4359356336244895E-6-3.435041805450271E-11i,0.0071796781617210845-1.7175209011937992E-7i
76.39789648537763,63.116004598309104,4.013856009053567,1.4359356456514953E-6-3.43504183422124E-11i,0.007179678161721086-1.7175209011937992E-7i
76.40282568555988,65.6759095786139,4.250000000000007,1.43593564406103E-6-3.435041830416531E-11i,0.007179678161721085-1.7175209011937992E-7i
75.85605814220214,67.23573598431295,4.100841415758851,1.4359356481641461E-6-3.4350418402319956E-11i,0.0071796781617210845-1.7175209011937992E-7i
74.82347773775885,68.2316596995722,5.422671135280194,1.4359356337326389E-6-3.435041805708976E-11i,0.007179678161721084-1.7175209011937992E-7i
73.94813577311928,66.42715398207383,4.799464667615728,1.4359356412123235E-6-3.4350418236018706E-11i,0.0071796781617210845-1.7175209011937992E-7i
76.2327662587207,69.1402203776822,4.250000000000002,1.435935649005117E-6-3.435041842243763E-11i,0.0071796781617210845-1.7175209011937992E-7i
76.39995459597384,73.28939188580397,4.285363500478311,1.4359356467452368E-6-3.4350418368376826E-11i,0.007179678161721084-1.7175209011937992E-7i
75.12806798619063,72.29103010153412,5.500000000000016,1.4359356318584106E-6-3.4350418012254576E-11i,0.007179678161721085-1.7175209011937992E-7i
74.67957934072753,74.25192697186351,4.249999999999987,1.4359356487249366E-6-3.435041841573519E-11i,0.007179678161721084-1.7175209011937995E-7i
73.4445454534553,74.55018367385966,5.50000000000002,1.435935634734162E-6-3.43504180810482E-11i,0.007179678161721085-1.7175209011937992E-7i
75.43967834011313,71.14551505076722,4.250000000000004,1.4359356466183076E-6-3.4350418365340433E-11i,0.0071796781617210845-1.7175209011937992E-7i
73.93226625410458,70.42187729404199,5.500000000000011,1.4359356382726313E-6-3.435041816569538E-11i,0.007179678161721084-1.7175209011937995E-7i
72.62991720624187,68.47489049428924,5.43448570447091,1.4359356354740344E-6-3.435041809874748E-11i,0.007179678161721083-1.7175209011937997E-7i
73.37785120424259,67.77636224327455,4.2500000000000275,1.4359356505179806E-6-3.4350418458628363E-11i,0.007179678161721085-1.7175209011937992E-7i
73.63408637859061,72.27608816317962,4.250000000000029,1.4359356478203367E-6-3.43504183940954E-11i,0.007179678161721084-1.7175209011937992E-7i
72.25622428543959,70.8635719864677,5.50000000000001,1.4359356347437764E-6-3.4350418081278184E-11i,0.0071796781617210845-1.7175209011937992E-7i
71.00628324826413,78.91932746809184,4.249999999999999,1.4359356475084912E-6-3.43504183866354E-11i,0.007179678161721084-1.7175209011937995E-7i
72.65613953005952,76.06198065809781,4.249999999999991,1.4359356485857578E-6-3.4350418412405724E-11i,0.007179678161721084-1.7175209011937992E-7i
70.2402353295701,77.63309124688304,5.5000000000000036,1.4359356315349778E-6-3.4350418004517426E-11i,0.007179678161721084-1.7175209011937992E-7i
67.45356915685636,78.92857098356187,5.499999999999995,1.43593563638387E-6-3.4350418120512504E-11i,0.007179678161721084-1.7175209011937995E-7i
68.72678457842814,79.07198064636776,4.249999999999996,1.435935651064044E-6-3.4350418471691206E-11i,0.007179678161721085-1.7175209011937992E-7i
71.48223916836808,76.08931555751933,5.500000000000009,1.43593563296777E-6-3.435041803879259E-11i,0.007179678161721082-1.7175209011938E-7i
71.77598404886061,73.17441948638555,5.500000000000013,1.4359356347376647E-6-3.435041808113204E-11i,0.007179678161721083-1.7175209011937997E-7i
69.5791161331008,71.09897793358968,6.751375590983473,1.4359356251204193E-6-3.435041785106853E-11i,0.007179678161721084-1.7175209011937992E-7i
70.84620750411602,72.71618679718156,4.250000000000003,1.435935647462447E-6-3.435041838553393E-11i,0.0071796781617210845-1.7175209011937992E-7i
68.46790416261186,76.64291786675605,5.500000000000007,1.4359356353756092E-6-3.435041809639291E-11i,0.007179678161721083-1.7175209011937997E-7i
77.47914847330239,61.6931135783429,4.226358177185778,1.4359356434804E-6-3.435041829027548E-11i,0.007179678161721084-1.7175209011937992E-7i
73.16885013133393,64.04449118766075,4.287233105754984,1.4359356486289775E-6-3.435041841343966E-11i,0.007179678161721084-1.7175209011937995E-7i
72.67669462402908,65.5083062110466,5.499999999999999,1.435935639162662E-6-3.435041818698668E-11i,0.007179678161721086-1.7175209011937992E-7i
73.0662021691592,67.01661242209222,8.000000000000002,1.4359356274965562E-6-3.43504179079104E-11i,0.007179678161721084-1.7175209011937995E-7i
70.42753375094483,68.61283607029861,7.868699761741182,1.435935626415491E-6-3.43504178820492E-11i,0.007179678161721084-1.7175209011937995E-7i
75.4830402353542,67.01983725910625,13,1.4359356192027348E-6-3.435041770950584E-11i,0.0071796781617210845-1.7175209011937992E-7i
70.9142576809101,71.38151491281855,13,1.4359356221323872E-6-3.435041777958892E-11i,0.007179678161721084-1.7175209011937992E-7i
67.66779163171029,70.28811271977688,8,1.4359356254492682E-6-3.435041785893522E-11i,0.007179678161721083-1.7175209011937997E-7i
67.34022914907256,74.02538909768813,8.116812101523527,1.4359356237745126E-6-3.435041781887176E-11i,0.007179678161721084-1.7175209011937995E-7i
63.43629382482786,82.0561663856609,13,1.4359356217177184E-6-3.435041776966917E-11i,0.007179678161721083-1.7175209011937997E-7i
61.310864386470946,79.37971016092713,7.999999999999986,1.435935623534922E-6-3.435041781314024E-11i,0.007179678161721084-1.7175209011937995E-7i
64.29891988119974,77.00723499481215,8.000000000000007,1.4359356264233864E-6-3.4350417882238056E-11i,0.007179678161721084-1.7175209011937992E-7i
62.15543219323516,78.43152483126596,5.499999999999984,1.4359356371054644E-6-3.4350418137774484E-11i,0.007179678161721084-1.7175209011937992E-7i
66.814276627424,76.33606219915782,13,1.435935623644827E-6-3.4350417815769486E-11i,0.007179678161721086-1.7175209011937992E-7i
64.73630510254844,72.81007186031279,8.000000000000012,1.4359356245687961E-6-3.435041783787255E-11i,0.007179678161721085-1.7175209011937992E-7i
64.62606023933863,69.88462861872443,6.750000000000013,1.4359356261242243E-6-3.4350417875081477E-11i,0.007179678161721084-1.7175209011937992E-7i
65.87758141097721,69.73684385207275,5.500000000000024,1.4359356339977875E-6-3.4350418063432673E-11i,0.007179678161721086-1.7175209011937992E-7i
65.30892620038927,67.68087684129941,7.855769230769231,1.4359356269648403E-6-3.4350417895190774E-11i,0.0071796781617210845-1.7175209011937992E-7i
65.4988075881759,67.70579703035202,5.500000000000005,1.4359356353227336E-6-3.4350418095128044E-11i,0.007179678161721086-1.7175209011937992E-7i
62.40975449783083,75.33253290590743,7.911180652816679,1.4359356261225197E-6-3.435041787504074E-11i,0.007179678161721084-1.7175209011937995E-7i
62.44603734806522,81.03446354825367,5.499999999999983,1.4359356335459634E-6-3.435041805262418E-11i,0.007179678161721082-1.7175209011938003E-7i
63.07771609661736,78.82345757021965,4.249999999999975,1.4359356456410387E-6-3.435041834196226E-11i,0.007179678161721086-1.7175209011937992E-7i
59.76213449321159,79.37836759599635,5.499999999999987,1.4359356356256743E-6-3.4350418102374915E-11i,0.007179678161721084-1.7175209011937992E-7i
59.72075157638808,81.90271172956804,5.647547924751497,1.43593563372951E-6-3.43504180570149E-11i,0.007179678161721083-1.7175209011937997E-7i
60.25985792446715,87.67792624507712,4.250000000000011,1.4359356433596628E-6-3.435041828738724E-11i,0.0071796781617210845-1.7175209011937992E-7i
55.78316858584445,87.13484169190691,4.249999999999981,1.4359356442769055E-6-3.4350418309329475E-11i,0.007179678161721085-1.7175209011937992E-7i
58.01622150168935,86.972060403288,4.018916256965527,1.435935646162532E-6-3.4350418354437366E-11i,0.007179678161721086-1.7175209011937992E-7i
62.73664250289527,83.63740226524136,5.499999999999983,1.4359356385639164E-6-3.435041817266349E-11i,0.007179678161721084-1.7175209011937995E-7i
61.064089587957476,85.85119937181892,4.249999999999989,1.4359356466629196E-6-3.435041836640765E-11i,0.007179678161721084-1.7175209011937992E-7i
58.72502355142337,85.40432796518321,4.24999999999998,1.435935641480938E-6-3.43504182424444E-11i,0.0071796781617210845-1.7175209011937992E-7i
60.4750235514236,83.23926445572228,4.249999999999971,1.4359356483086872E-6-3.4350418405777674E-11i,0.0071796781617210845-1.7175209011937992E-7i
58.562857719886594,83.53827862772809,4.243649196473517,1.4359356443324753E-6-3.4350418310658845E-11i,0.007179678161721085-1.7175209011937992E-7i
56.86866827976094,83.88801347483191,5.462814145097255,1.4359356305549704E-6-3.43504179810737E-11i,0.007179678161721083-1.7175209011937997E-7i
54.50215030322201,82.47815759384045,5.760224102277512,1.435935632890859E-6-3.435041803695276E-11i,0.007179678161721086-1.7175209011937992E-7i
50.881364620639474,86.80577674348541,4.250000000000015,1.4359356502533025E-6-3.435041845229677E-11i,0.007179678161721084-1.7175209011937995E-7i
54.78315273638298,83.45904969153246,4.562500000000012,1.4359356460504216E-6-3.4350418351755484E-11i,0.007179678161721083-1.7175209011937997E-7i
54.38955054869839,85.4604940679296,4.778055368423657,1.4359356393187166E-6-3.4350418190719756E-11i,0.007179678161721083-1.7175209011937997E-7i
57.31173177006541,85.08387095186497,4.212454681841349,1.435935649809857E-6-3.4350418441688616E-11i,0.007179678161721084-1.7175209011937992E-7i
57.13498582044019,81.74727522049827,5.313428287833464,1.4359356351953445E-6-3.4350418092080613E-11i,0.007179678161721082-1.7175209011937997E-7i
58.98191415806958,81.743053049897,3.9049659462780375,1.4359356520915296E-6-3.4350418496270755E-11i,0.007179678161721086-1.7175209011937992E-7i
54.45004710284676,80.33493537199546,5.500000000000016,1.435935633474359E-6-3.435041805091122E-11i,0.007179678161721084-1.7175209011937992E-7i
55.725023551423085,80.64118824436882,4.249999999999996,1.4359356476564147E-6-3.435041839017407E-11i,0.0071796781617210845-1.7175209011937992E-7i
52.30239292147965,83.98704254328737,4.107573796229107,1.4359356501736784E-6-3.435041845039192E-11i,0.007179678161721084-1.7175209011937992E-7i
54.225023551423405,81.50721364815334,4.250000000000008,1.4359356459094804E-6-3.43504183483839E-11i,0.0071796781617210845-1.7175209011937992E-7i
56.470684047802784,78.90501277849582,5.920016009799436,1.4359356312109426E-6-3.4350417996765845E-11i,0.007179678161721083-1.7175209011937997E-7i
66.60179791506344,75.57351369419045,5.500000000000013,1.4359356359620277E-6-3.435041811042117E-11i,0.007179678161721084-1.7175209011937995E-7i
65.45356915685561,77.19652017599276,5.500000000000005,1.435935633363234E-6-3.4350418048252895E-11i,0.0071796781617210845-1.7175209011937992E-7i
63.89945994059931,75.94624914253181,5.499999999999996,1.4359356389779315E-6-3.435041818256757E-11i,0.0071796781617210845-1.7175209011937992E-7i
62.0777160966176,77.09140676265119,4.249999999999984,1.4359356467112136E-6-3.4350418367562964E-11i,0.007179678161721084-1.7175209011937992E-7i
62.13068187512518,74.41511955791744,5.45820266014902,1.4359356337327846E-6-3.435041805709327E-11i,0.007179678161721082-1.7175209011937997E-7i
64.2267845784275,77.33992983879878,4.249999999999995,1.4359356459360293E-6-3.435041834901898E-11i,0.007179678161721085-1.7175209011937992E-7i
65.72678457842801,78.20595524258295,4.250000000000013,1.4359356466031292E-6-3.435041836497743E-11i,0.007179678161721086-1.7175209011937995E-7i
61.077716096618005,78.82345757021967,4.249999999999991,1.4359356450510758E-6-3.435041832784913E-11i,0.007179678161721086-1.7175209011937992E-7i
60.38106724660599,80.16290435636941,4.249999999999975,1.4359356469703277E-6-3.435041837376148E-11i,0.007179678161721086-1.7175209011937992E-7i
57.52636982402034,80.3818419601323,4.250000000000021,1.4359356457104547E-6-3.435041834362283E-11i,0.0071796781617210845-1.7175209011937992E-7i
59.574221883576236,76.68974901242834,5.499999999999994,1.435935635451603E-6-3.4350418098210836E-11i,0.007179678161721082-1.7175209011938003E-7i
57.669064479369595,78.18426276566903,4.285001334149945,1.4359356469659782E-6-3.435041837365744E-11i,0.007179678161721085-1.7175209011937992E-7i
59.381067246606094,78.43085354880014,4.24999999999998,1.4359356463114134E-6-3.4350418357998934E-11i,0.007179678161721086-1.7175209011937992E-7i
51.96966931021775,81.00763550850333,6.883206161576586,1.4359356262385289E-6-3.4350417877815897E-11i,0.007179678161721084-1.7175209011937992E-7i
52.29409359261932,82.23769603450332,5.173223938983816,1.435935635016386E-6-3.435041808779955E-11i,0.007179678161721082-1.7175209011938E-7i
52.2357430798221,79.14166936196743,5.797539221954686,1.43593562933146E-6-3.435041795180492E-11i,0.007179678161721085-1.7175209011937992E-7i
50.06390903779103,84.76532590394297,5.500000000000007,1.4359356322328938E-6-3.435041802121296E-11i,0.007179678161721083-1.7175209011937997E-7i
50.23834659459913,83.51115555727453,7.086076649258493,1.435935625834602E-6-3.4350417868153115E-11i,0.0071796781617210845-1.7175209011937992E-7i
38.03641431290307,95.45591759391617,4.246142927922286,1.4359356444269669E-6-3.435041831291924E-11i,0.007179678161721083-1.7175209011937997E-7i
41.989047895071494,93.85030468205659,4.105382058467058,1.4359356463264615E-6-3.435041835835896E-11i,0.007179678161721085-1.7175209011937992E-7i
40.002403026817014,94.00253133270769,4.248071463961126,1.4359356465481195E-6-3.435041836366142E-11i,0.007179678161721086-1.7175209011937992E-7i
39.02884328667011,93.22958330081445,5.2838884044657215,1.4359356367443738E-6-3.4350418129136457E-11i,0.007179678161721084-1.7175209011937995E-7i
42.95138552665197,92.5923084855177,4.9253853059460155,1.435935636827433E-6-3.435041813112342E-11i,0.007179678161721084-1.7175209011937992E-7i
40.97809579014299,92.89676178681985,5.210764116934146,1.4359356332619338E-6-3.435041804582956E-11i,0.007179678161721084-1.7175209011937992E-7i
47.1548873649906,90.236520767518,4.302313841984909,1.4359356482804878E-6-3.435041840510306E-11i,0.007179678161721084-1.7175209011937992E-7i
44.26147354467944,90.66720701799738,4.901156920992445,1.4359356385598907E-6-3.4350418172567174E-11i,0.007179678161721082-1.7175209011937997E-7i
44.96351977226637,88.36210605253194,5.258565977998797,1.4359356372565973E-6-3.43504181413898E-11i,0.007179678161721085-1.7175209011937992E-7i
42.94791697593832,90.25965223108301,6.1566148285421765,1.4359356323600262E-6-3.435041802425418E-11i,0.0071796781617210845-1.7175209011937992E-7i
43.181590849117576,88.89294077615283,4.888078460496227,1.4359356399528522E-6-3.435041820588951E-11i,0.007179678161721084-1.7175209011937995E-7i
44.456249994057096,88.75184715580312,4.2500000000000275,1.4359356466283257E-6-3.435041836558006E-11i,0.007179678161721085-1.7175209011937992E-7i
43.45624999405703,87.01979634823421,4.250000000000003,1.4359356443715156E-6-3.435041831159273E-11i,0.007179678161721085-1.7175209011937992E-7i
44.1202741685428,86.11345477984665,5.584707575457846,1.4359356391456078E-6-3.435041818657876E-11i,0.007179678161721084-1.7175209011937995E-7i
41.93402986218414,90.78580691342393,4.249999999999971,1.4359356477729427E-6-3.4350418392961597E-11i,0.0071796781617210845-1.7175209011937992E-7i
40.8680597243683,90.23186786469226,5.49999999999999,1.435935633476502E-6-3.43504180509625E-11i,0.007179678161721082-1.7175209011938003E-7i
41.329097611795994,88.85509652684361,4.090241052798786,1.4359356462268399E-6-3.435041835597578E-11i,0.007179678161721086-1.7175209011937995E-7i
42.009275292457446,87.22690774234367,4.826832067491672,1.4359356401524725E-6-3.4350418210664916E-11i,0.007179678161721084-1.7175209011937992E-7i
40.17443723330506,87.60112632923747,5.187500000000013,1.4359356345039638E-6-3.435041807554138E-11i,0.007179678161721085-1.7175209011937992E-7i
36.585124800131105,93.34841330208003,4.1283932564671115,1.4359356471250599E-6-3.435041837746297E-11i,0.0071796781617210845-1.7175209011937992E-7i
36.77649881869134,91.94708292532475,5.6879681353524605,1.4359356323799548E-6-3.4350418024730915E-11i,0.007179678161721085-1.7175209011937992E-7i
39.989047895071536,92.1182538744877,4.1053820584670815,1.43593565007899E-6-3.435041844812685E-11i,0.007179678161721086-1.7175209011937995E-7i
34.823619460622474,90.83568576479617,5.500000000000033,1.4359356319548906E-6-3.4350418014562546E-11i,0.007179678161721084-1.7175209011937995E-7i
28.36034092935151,91.00399295274774,6.27011085570335,1.4359356287494399E-6-3.435041793788185E-11i,0.0071796781617210845-1.7175209011937992E-7i
30.971596889206165,93.98010078214526,4.875000000000022,1.435935644264348E-6-3.43504183090291E-11i,0.007179678161721084-1.7175209011937992E-7i
32.795899348401676,94.0228214920849,4.332897636903734,1.4359356437263383E-6-3.435041829615889E-11i,0.0071796781617210845-1.7175209011937992E-7i
34.10385453935644,92.9882813796726,4.291448818451869,1.4359356436032879E-6-3.4350418293215266E-11i,0.007179678161721083-1.7175209011937997E-7i
35.411809730311205,91.95374126726031,4.250000000000003,1.4359356447629423E-6-3.4350418320956435E-11i,0.007179678161721085-1.7175209011937992E-7i
38.56419460508063,91.02342586374934,4.873071463961157,1.4359356393556601E-6-3.435041819160357E-11i,0.007179678161721084-1.7175209011937992E-7i
37.064194605080516,90.15740045996492,4.873071463961153,1.435935641558095E-6-3.435041824429015E-11i,0.007179678161721084-1.7175209011937992E-7i
37.97606879610122,90.01547085589222,6.210916507242065,1.4359356327585347E-6-3.4350418033787315E-11i,0.007179678161721085-1.7175209011937992E-7i
36.2038356680546,88.71955766433628,6.436535731980589,1.4359356281429433E-6-3.435041792337324E-11i,0.007179678161721085-1.7175209011937992E-7i
39.12358315652727,88.84563663937666,4.249999999999991,1.435935644192216E-6-3.435041830730353E-11i,0.0071796781617210845-1.7175209011937992E-7i
38.24716631305441,88.08357812416668,5.500000000000018,1.435935635219081E-6-3.43504180926484E-11i,0.0071796781617210845-1.7175209011937992E-7i
34.4502817717496,89.53026733222988,4.484133932995135,1.4359356432370677E-6-3.4350418284454506E-11i,0.0071796781617210845-1.7175209011937992E-7i
35.60191783402722,88.29760100567712,4.718267865990286,1.4359356411637633E-6-3.4350418234856996E-11i,0.007179678161721086-1.7175209011937995E-7i
28.072274034470137,93.83549423193958,4.250000000000009,1.435935647762247E-6-3.435041839270577E-11i,0.007179678161721086-1.7175209011937992E-7i
32.597291418943946,91.91817216297845,5.499999999999996,1.4359356336934155E-6-3.4350418056151507E-11i,0.007179678161721083-1.7175209011937997E-7i
33.298645709471984,90.76293365878264,4.249999999999984,1.4359356476661325E-6-3.435041839040651E-11i,0.0071796781617210845-1.7175209011937992E-7i
30.620429243457302,90.83648639285668,5.499999999999993,1.4359356317546747E-6-3.435041800977296E-11i,0.007179678161721084-1.7175209011937992E-7i
30.310214621728647,91.95414158129056,4.249999999999986,1.435935651339328E-6-3.43504184782766E-11i,0.007179678161721085-1.7175209011937992E-7i
47.17880627580264,86.53025103618508,5.443317461697658,1.4359356328836446E-6-3.43504180367802E-11i,0.007179678161721082-1.7175209011937997E-7i
48.13136462063954,87.23878944537766,4.250000000000006,1.4359356500195949E-6-3.435041844670597E-11i,0.0071796781617210845-1.7175209011937992E-7i
45.9562499940571,87.88582175201869,4.249999999999993,1.4359356444554441E-6-3.4350418313600506E-11i,0.007179678161721085-1.7175209011937992E-7i
47.763794411208586,84.32982645585345,5.499999999999998,1.4359356309395986E-6-3.435041799027474E-11i,0.007179678161721084-1.7175209011937992E-7i
49.03195451889551,85.454459721696,4.249999999999981,1.4359356449248922E-6-3.4350418324830626E-11i,0.0071796781617210845-1.7175209011937992E-7i
45.97164990104648,84.87694504387477,4.309399747551913,1.4359356486921462E-6-3.43504184149508E-11i,0.007179678161721084-1.7175209011937992E-7i
45.463679784626144,83.89432700776393,5.499999999999989,1.4359356363899274E-6-3.435041812065742E-11i,0.007179678161721086-1.7175209011937992E-7i
44.963270841157254,86.6168618222463,4.132999230225519,1.435935644736997E-6-3.435041832033576E-11i,0.007179678161721085-1.7175209011937992E-7i
43.45624999405705,85.28774554066536,4.249999999999969,1.4359356446197393E-6-3.435041831753078E-11i,0.007179678161721086-1.7175209011937995E-7i
43.49700870414295,83.56090955085548,4.874999999999985,1.4359356395554254E-6-3.435041819638239E-11i,0.007179678161721083-1.7175209011937997E-7i
39.08721861665253,86.87235993434315,4.093750000000013,1.4359356492522474E-6-3.4350418428349495E-11i,0.0071796781617210845-1.7175209011937992E-7i
73.1888458539232,61.95371093582471,4.249999999999977,1.4359356456343234E-6-3.4350418341801665E-11i,0.007179678161721085-1.7175209011937992E-7i
74.79503699052934,60.4526103330975,5.108313605432137,1.4359356357006378E-6-3.4350418104168204E-11i,0.007179678161721082-1.7175209011938003E-7i
72.04021301873183,60.306537532251674,5.500000000000008,1.435935628098254E-6-3.4350417922304184E-11i,0.007179678161721084-1.7175209011937992E-7i
75.53730585815546,57.13767999809249,5.500000000000011,1.4359356246343327E-6-3.4350417839440326E-11i,0.007179678161721084-1.7175209011937992E-7i
73.02972545259927,59.65326876612533,4.250000000000022,1.4359356532414844E-6-3.435041852377994E-11i,0.007179678161721086-1.7175209011937995E-7i
72.90623842251671,57.806537532250786,5.500000000000012,1.4359356274646353E-6-3.435041790714681E-11i,0.007179678161721083-1.7175209011937997E-7i
76.70873630926553,59.255009498465924,4.250000000000007,1.4359356437267036E-6-3.435041829616759E-11i,0.0071796781617210845-1.7175209011937992E-7i
74.77827187231108,58.068839999045736,4.250000000000024,1.4359356489321344E-6-3.4350418420691767E-11i,0.0071796781617210845-1.7175209011937992E-7i
85.17507685135395,48.72137646368692,5.49999999999998,1.435935630461101E-6-3.435041797882811E-11i,0.007179678161721084-1.7175209011937995E-7i
83.29303810604645,47.655834421162226,5.428263697290837,1.4359356235382293E-6-3.4350417813219404E-11i,0.007179678161721082-1.7175209011937997E-7i
85.84861780570321,53.16123950782488,4.562499999999985,1.435935643772312E-6-3.43504182972586E-11i,0.007179678161721084-1.7175209011937992E-7i
85.12525314647365,50.44531490252833,4.562499999999969,1.4359356385052604E-6-3.4350418171260306E-11i,0.007179678161721085-1.7175209011937992E-7i
82.11385501642023,49.57228502261951,5.499999999999999,1.435935621364748E-6-3.435041776122541E-11i,0.007179678161721084-1.7175209011937995E-7i
83.26269887415015,49.28614251130983,4.249999999999991,1.4359356402770028E-6-3.4350418213643916E-11i,0.007179678161721085-1.7175209011937992E-7i
83.75497879649092,53.0959315019225,4.829599265651693,1.4359356397211627E-6-3.435041820034711E-11i,0.0071796781617210845-1.7175209011937992E-7i
83.17836198705977,51.284233233397586,4.190310072094158,1.4359356447932559E-6-3.4350418321681556E-11i,0.0071796781617210845-1.7175209011937992E-7i
81.88845187926862,52.644575218659966,4.984667543762979,1.4359356338288047E-6-3.435041805939027E-11i,0.007179678161721083-1.7175209011937997E-7i
80.05199735035399,50.28405538303732,4.874999999999982,1.4359356267091971E-6-3.43504178890752E-11i,0.007179678161721082-1.7175209011937997E-7i
80.28788461360588,54.39373076287041,4.0156249999999964,1.4359356510747017E-6-3.4350418471946185E-11i,0.007179678161721085-1.7175209011937992E-7i
79.59502193942919,55.02575530201813,5.49999999999998,1.435935632263241E-6-3.4350418021938896E-11i,0.007179678161721086-1.7175209011937995E-7i
80.02277675218717,52.745072481183314,5.499999999999989,1.435935621842212E-6-3.4350417772647346E-11i,0.007179678161721084-1.7175209011937995E-7i
78.75305812689592,52.87253624059153,4.250000000000005,1.435935635888708E-6-3.435041810866727E-11i,0.0071796781617210845-1.7175209011937992E-7i
77.8356948360231,51.10632410264219,5.5000000000000036,1.4359356236099167E-6-3.435041781493425E-11i,0.007179678161721082-1.7175209011937997E-7i
78.53918072051684,55.012877651009056,4.250000000000013,1.4359356507349684E-6-3.43504184638191E-11i,0.007179678161721085-1.7175209011937992E-7i
77.63545557756272,54.20638111274737,5.500000000000015,1.4359356352537241E-6-3.435041809347713E-11i,0.007179678161721084-1.7175209011937995E-7i
76.51032267987998,56.06883999904623,4.250000000000028,1.4359356482932926E-6-3.435041840540943E-11i,0.007179678161721084-1.7175209011937992E-7i
74.2213403715778,55.79412915482245,4.249999999999999,1.4359356496087432E-6-3.4350418436877585E-11i,0.007179678161721085-1.7175209011937992E-7i
72.80734377347251,55.93229359217764,5.187500000000002,1.4359356272310393E-6-3.435041790155869E-11i,0.007179678161721086-1.7175209011937995E-7i
79.59162511139564,49.76717763679196,7.169611394438155,1.4359356263706552E-6-3.435041788097657E-11i,0.007179678161721086-1.7175209011937992E-7i
77.29450500637391,48.540639724228505,5.4999999999999964,1.4359356365369956E-6-3.435041812417554E-11i,0.007179678161721084-1.7175209011937992E-7i
78.75637314323973,48.94964354442962,4.079545454545456,1.4359356464406712E-6-3.435041836109102E-11i,0.007179678161721086-1.7175209011937992E-7i
81.2666439290338,47.71694569721169,4.250000000000018,1.4359356277655937E-6-3.435041791434628E-11i,0.007179678161721084-1.7175209011937995E-7i
81.66229261726939,46.817524538806666,5.357089589855701,1.4359356219036586E-6-3.435041777411719E-11i,0.007179678161721086-1.7175209011937995E-7i
92.40538282301846,37.04804622259387,5.282717043519187,1.4359356222186604E-6-3.4350417781652745E-11i,0.007179678161721083-1.7175209011937997E-7i
85.65933519540148,47.360688231843454,4.250000000000005,1.4359356448802902E-6-3.435041832376361E-11i,0.007179678161721085-1.7175209011937992E-7i
89.05412337683498,44.79852241500229,4.250000000000005,1.4359356467164527E-6-3.4350418367688314E-11i,0.007179678161721084-1.7175209011937995E-7i
93.70466361718509,42.67122204386113,4.8749999999999964,1.4359356427397069E-6-3.435041827255667E-11i,0.007179678161721084-1.7175209011937992E-7i
94.0460809775564,40.252937314622514,4.2686654419539405,1.4359356405205615E-6-3.435041821947037E-11i,0.007179678161721085-1.7175209011937992E-7i
85.12566761913614,45.18452284196892,5.647393734339058,1.4359356237771123E-6-3.435041781893393E-11i,0.007179678161721082-1.7175209011938E-7i
86.74556425673991,44.94515957167836,4.25000000000003,1.4359356450231218E-6-3.435041832718044E-11i,0.007179678161721084-1.7175209011937992E-7i
83.89600226410987,46.28881696452754,4.25,1.4359356308399439E-6-3.435041798789081E-11i,0.007179678161721084-1.7175209011937992E-7i
90.31534119286968,43.19704824100589,4.40625000000001,1.4359356463809048E-6-3.435041835966134E-11i,0.007179678161721083-1.7175209011937997E-7i
92.21243979731172,41.09760881321164,4.562500000000012,1.4359356473034634E-6-3.435041838173073E-11i,0.007179678161721084-1.7175209011937995E-7i
88.44859627226427,41.7768877314663,4.250000000000031,1.4359356516508624E-6-3.435041848572909E-11i,0.007179678161721085-1.7175209011937992E-7i
86.6099892689824,42.779779880370434,4.250000000000028,1.435935649732915E-6-3.4350418439848E-11i,0.007179678161721084-1.7175209011937992E-7i
84.73444285077949,43.92641703704655,4.250000000000028,1.4359356306347768E-6-3.4350417982982845E-11i,0.007179678161721086-1.7175209011937995E-7i
87.28949738994181,41.55377546293266,5.500000000000021,1.4359356325549366E-6-3.4350418028916843E-11i,0.007179678161721085-1.7175209011937997E-7i
78.98037591675615,47.51494871475333,5.499999999999992,1.4359356315186726E-6-3.435041800412734E-11i,0.007179678161721082-1.7175209011937997E-7i
85.34433419094694,42.55955976074091,5.500000000000029,1.4359356295017536E-6-3.435041795587862E-11i,0.007179678161721083-1.7175209011937997E-7i
83.46451058159872,43.67471022174307,4.35448090569336,1.4359356345135565E-6-3.4350418075770887E-11i,0.007179678161721084-1.7175209011937992E-7i
86.91757993967822,40.19904657193814,7.029593738190103,1.4359356282040394E-6-3.4350417924834827E-11i,0.007179678161721084-1.7175209011937995E-7i
89.23466058893669,40.54799116512442,5.500000000000015,1.4359356309625697E-6-3.4350417990824284E-11i,0.007179678161721084-1.7175209011937992E-7i
89.29889431381291,37.21397037942374,7.99999999999999,1.435935621276258E-6-3.435041775910857E-11i,0.0071796781617210845-1.7175209011937992E-7i
90.28720327554618,39.773995582562186,4.250000000000028,1.4359356559725915E-6-3.435041858911347E-11i,0.007179678161721084-1.7175209011937995E-7i
90.10068599272114,38.047991165124415,5.499999999999983,1.4359356258887053E-6-3.435041786944744E-11i,0.007179678161721084-1.7175209011937995E-7i
91.87256439258705,38.024023111296906,4.141358521759615,1.4359356445351321E-6-3.4350418315506834E-11i,0.0071796781617210845-1.7175209011937992E-7i
88.98816516986948,38.52399558256221,4.249999999999994,1.435935648199739E-6-3.435041840317141E-11i,0.007179678161721086-1.7175209011937995E-7i
94.69626263550856,23.737180120973324,5.19783108531976,1.4359356375934663E-6-3.435041814944841E-11i,0.0071796781617210845-1.7175209011937992E-7i
97.90130329558424,22.038653411755668,4.177797714113206,1.4359356469907514E-6-3.435041837425002E-11i,0.0071796781617210845-1.7175209011937992E-7i
95.6160805101854,22.86859006048664,4.098915542659885,1.4359356452547883E-6-3.4350418332722375E-11i,0.0071796781617210845-1.7175209011937992E-7i
94.37363637364756,28.109551884034204,4.315130473683582,1.4359356468863048E-6-3.4350418371751497E-11i,0.007179678161721084-1.7175209011937995E-7i
95.3726779237931,26.309651811125658,4.789046016343463,1.43593563949962E-6-3.435041819504736E-11i,0.007179678161721084-1.7175209011937992E-7i
93.3434320589395,25.408759530594146,5.348915542659884,1.4359356385840163E-6-3.435041817314432E-11i,0.007179678161721084-1.7175209011937992E-7i
91.99060148237042,27.08033894021496,5.500000000000008,1.4359356352897675E-6-3.435041809433944E-11i,0.007179678161721083-1.7175209011937997E-7i
93.81870563838535,33.07551561131248,4.522265382083257,1.4359356388348568E-6-3.43504181791449E-11i,0.0071796781617210845-1.7175209011937992E-7i
95.61629615884452,31.703565931285098,4.340378972014552,1.4359356461191003E-6-3.4350418353398427E-11i,0.0071796781617210845-1.7175209011937992E-7i
94.4670682070172,30.887885871375634,5.294122032303622,1.435935638316331E-6-3.435041816674078E-11i,0.0071796781617210845-1.7175209011937992E-7i
91.99101960306395,33.876508727002836,5.3927328030112855,1.4359356262175023E-6-3.4350417877312874E-11i,0.007179678161721083-1.7175209011937997E-7i
92.5450161438547,34.967539100833456,4.250000000000019,1.4359356373204127E-6-3.435041814291641E-11i,0.007179678161721086-1.7175209011937992E-7i
89.67192887946291,34.66597921429931,5.499999999999996,1.4359356255200145E-6-3.435041786062762E-11i,0.007179678161721082-1.7175209011938E-7i
87.83509002493415,34.203956251527465,7.561212720053401,1.4359356302335456E-6-3.435041797338455E-11i,0.007179678161721084-1.7175209011937995E-7i
90.50583742080926,35.83298960714964,4.2499999999999885,1.4359356283496376E-6-3.435041792831778E-11i,0.007179678161721085-1.7175209011937992E-7i
92.34275223727158,30.752244913339673,5.45440717425002,1.4359356280412655E-6-3.435041792094089E-11i,0.007179678161721083-1.7175209011937997E-7i
92.66312825125516,29.30168611538819,4.505261777566111,1.4359356414191459E-6-3.4350418240966274E-11i,0.007179678161721084-1.7175209011937995E-7i
91.62333089001865,28.074635596081606,3.9950356592045213,1.435935645626402E-6-3.4350418341612105E-11i,0.007179678161721086-1.7175209011937992E-7i
91.83215413143306,31.83698026679047,4.2499999999999964,1.4359356359624167E-6-3.435041811043054E-11i,0.007179678161721086-1.7175209011937992E-7i
90.22692925540021,31.42923652864216,5.49999999999999,1.4359356330113709E-6-3.435041803983568E-11i,0.007179678161721084-1.7175209011937995E-7i
89.88862562260591,29.43850318334426,5.500000000000008,1.4359356339548372E-6-3.435041806240528E-11i,0.007179678161721082-1.7175209011937997E-7i
90.6141857923808,30.219251591672116,4.250000000000008,1.4359356374768902E-6-3.4350418146659664E-11i,0.007179678161721086-1.7175209011937992E-7i
89.63981201702481,33.332989607149656,4.249999999999976,1.4359356473893278E-6-3.435041838378482E-11i,0.007179678161721084-1.7175209011937992E-7i
88.04842925750533,32.30630744492825,5.311532235912299,1.4359356406738145E-6-3.4350418223136454E-11i,0.0071796781617210845-1.7175209011937992E-7i
87.55957143207614,34.24571375713433,5.4999999999999964,1.4359356435938081E-6-3.4350418292988425E-11i,0.007179678161721086-1.7175209011937992E-7i
89.05128680120905,31.2146182643211,4.249999999999984,1.4359356452227747E-6-3.4350418331956555E-11i,0.007179678161721085-1.7175209011937992E-7i
93.52685326045108,21.79799857849299,7.697831085319746,1.4359356247111228E-6-3.435041784127731E-11i,0.0071796781617210845-1.7175209011937992E-7i
94.45770276263659,21.417570700207463,5.494717849611691,1.4359356365353832E-6-3.4350418124136964E-11i,0.0071796781617210845-1.7175209011937992E-7i
93.88402970261653,22.868590060486696,4.0989155426598956,1.4359356459644467E-6-3.435041834969882E-11i,0.0071796781617210845-1.7175209011937992E-7i
97.68324450490239,17.606196869147144,6.553867470973117,1.4359356293674595E-6-3.4350417952666126E-11i,0.007179678161721084-1.7175209011937995E-7i
95.4968005737494,20.708785350103742,4.247358924805824,1.4359356482361846E-6-3.435041840404328E-11i,0.007179678161721084-1.7175209011937992E-7i
96.70424650848969,21.35738628787196,4.25221692339813,1.4359356454201496E-6-3.435041833667817E-11i,0.007179678161721086-1.7175209011937995E-7i
100,17.01647117941104,4.524525714138978,1.4359356473670153E-6-3.435041838325104E-11i,0.007179678161721085-1.7175209011938E-7i
100,15.423316125796163,6.169397728975443,1.4359356366630025E-6-3.435041812718989E-11i,0.0071796781617210845-1.7175209011937997E-7i
100,15.272704266377673,4.256073633774292,1.435935650212839E-6-3.4350418451328785E-11i,0.0071796781617210845-1.7175209011938E-7i
97.41922506113687,14.632441785134159,5.980501171439534,1.4359356331883533E-6-3.435041804406943E-11i,0.007179678161721084-1.7175209011937995E-7i
100,13.403637081311786,4.827650612164165,1.4359356466783118E-6-3.435041836677589E-11i,0.007179678161721085-1.7175209011937997E-7i
97.92253291935992,19.83396047348335,4.270592115451358,1.4359356486468359E-6-3.435041841386688E-11i,0.007179678161721084-1.7175209011937992E-7i
100,18.79169908754615,4.208329173305113,1.4359356468415296E-6-3.435041837068038E-11i,0.007179678161721084-1.7175209011937997E-7i
96.0973698692157,18.700529857007602,5.284269174695093,1.4359356346184698E-6-3.4350418078280585E-11i,0.0071796781617210845-1.7175209011937992E-7i
97.97559684866677,18.303098434573595,4.776933735486562,1.4359356470124227E-6-3.435041837476852E-11i,0.007179678161721085-1.7175209011937992E-7i
97.10957144488235,16.803098434573577,4.776933735486569,1.4359356423119326E-6-3.435041826232348E-11i,0.007179678161721084-1.7175209011937995E-7i
100,12.218674811396227,7.63352259216939,1.4359356286867529E-6-3.435041793638227E-11i,0.007179678161721086-1.7175209011937995E-7i
100,5.095354205540261,6.722105855946494,1.43593563149331E-6-3.435041800352067E-11i,0.007179678161721084-1.7175209011937997E-7i
97.35382390687431,5.19082289139542,7.361052927973232,1.4359356248089952E-6-3.43504178436187E-11i,0.0071796781617210845-1.7175209011937992E-7i
100,3.8098359283663115,9.528351737607862,1.4359356232742378E-6-3.435041780690424E-11i,0.007179678161721086-1.7175209011937995E-7i
100,8.024195543052713,8.808778670894274,1.435935628083815E-6-3.435041792195883E-11i,0.007179678161721086-1.7175209011937995E-7i
98.08884732691004,3.671903962104024,6.048341103746203,1.4359356296137987E-6-3.435041795855906E-11i,0.007179678161721086-1.7175209011937992E-7i
100,2.46462042029556,6.344933808925985,1.4359356284776372E-6-3.435041793137981E-11i,0.007179678161721085-1.7175209011937997E-7i
98.28525046492132,12.091850680432623,5.264922639943858,1.4359356371084038E-6-3.4350418137844775E-11i,0.0071796781617210845-1.7175209011937992E-7i
100,11.459404898228883,4.703104449335267,1.4359356430123325E-6-3.43504182790784E-11i,0.007179678161721085-1.7175209011937997E-7i
96.17769465382005,2.643145788625324,7.095431332697375,1.4359356244128688E-6-3.435041783414255E-11i,0.007179678161721083-1.7175209011937997E-7i
100,0,8.246740216113672,1.4359356240654872E-6-3.435041782583251E-11i,0.007179678161721084-1.7175209011937995E-7i
100,16.270208202727176,9.166418455614581,1.4359356240808005E-6-3.4350417826198767E-11i,0.007179678161721085-1.7175209011937997E-7i
100,19.371290876337667,13,1.4359356193061218E-6-3.4350417711978986E-11i,0.007179678161721084-1.7175209011937997E-7i
95.36648900980477,18.195922558883222,8.583209227807282,1.4359356233274935E-6-3.4350417808178165E-11i,0.007179678161721083-1.7175209011937997E-7i
94.52879650601916,16.469764361956866,5.7916046139036474,1.4359356320466857E-6-3.435041801675848E-11i,0.007179678161721084-1.7175209011937995E-7i
94.21914288976463,19.097961279441606,5.791604613903624,1.4359356325621385E-6-3.4350418029089065E-11i,0.007179678161721084-1.7175209011937995E-7i
96.60510347482297,13.683134888944208,8.583209227807297,1.4359356263398793E-6-3.435041788024038E-11i,0.007179678161721083-1.7175209011937997E-7i
100,12.579755200053064,13,1.435935618650593E-6-3.435041769629748E-11i,0.0071796781617210845-1.7175209011938E-7i
96.60510347482294,9.560128559106976,8.404389335447146,1.435935626042569E-6-3.435041787312811E-11i,0.007179678161721084-1.7175209011937992E-7i
92.64145700258521,25.16067788042993,7.999999999999966,1.435935624866496E-6-3.4350417844994126E-11i,0.007179678161721082-1.7175209011937997E-7i
93.98189505038462,29.579500936217045,13,1.4359356235025557E-6-3.4350417812366E-11i,0.007179678161721084-1.7175209011937992E-7i
87.60848255054293,30.45721570473866,7.334028951817405,1.4359356301089208E-6-3.435041797040329E-11i,0.007179678161721084-1.7175209011937995E-7i
90.62074396139009,31.246997859962658,8.035318609367174,1.4359356308317581E-6-3.4350417987694996E-11i,0.007179678161721084-1.7175209011937995E-7i
89.09292716635399,27.74683485283925,7.123520710059169,1.435935628675707E-6-3.4350417936117997E-11i,0.0071796781617210845-1.7175209011937992E-7i
90.18366814460994,25.34331968448795,6.749999999999987,1.4359356258234933E-6-3.4350417867887455E-11i,0.007179678161721085-1.7175209011937992E-7i
91.65828665257186,29.165606743102533,7.87628746402681,1.4359356291647232E-6-3.435041794781626E-11i,0.007179678161721085-1.7175209011937992E-7i
91.05655101723187,19.70563302511038,8.021292377847846,1.435935625262456E-6-3.4350417854466275E-11i,0.007179678161721083-1.7175209011937997E-7i
93.94316804301485,23.32135576085986,13,1.435935623058276E-6-3.4350417801737944E-11i,0.0071796781617210845-1.7175209011937992E-7i
90.6019744332084,22.954459508396177,7.666342962090498,1.435935624980351E-6-3.435041784771781E-11i,0.007179678161721084-1.7175209011937995E-7i
80.67032176017213,44.99265421573487,4.874999999999999,1.4359356381685585E-6-3.435041816320575E-11i,0.007179678161721084-1.7175209011937992E-7i
82.59048800630117,44.48821592967315,5.565338945367901,1.4359356318281878E-6-3.4350418011531536E-11i,0.007179678161721084-1.7175209011937992E-7i
82.7839030562848,41.66099676669967,6.750000000000006,1.4359356308432913E-6-3.435041798797086E-11i,0.007179678161721084-1.7175209011937992E-7i
81.86567208651354,42.33049838334986,4.8749999999999805,1.4359356467296048E-6-3.435041836800287E-11i,0.0071796781617210845-1.7175209011937992E-7i
81.70335393753395,43.676417037046555,4.24999999999998,1.4359356440972388E-6-3.435041830503149E-11i,0.007179678161721086-1.7175209011937992E-7i
81.6918839176234,40.16121672705135,5.187500000000012,1.4359356422575624E-6-3.435041826102286E-11i,0.007179678161721084-1.7175209011937995E-7i
79.80325661243795,41.165328013290505,5.747593073063445,1.4359356334417847E-6-3.435041805013201E-11i,0.0071796781617210845-1.7175209011937992E-7i
80.18780948091116,42.30141703704654,4.249999999999996,1.4359356501855869E-6-3.4350418450676844E-11i,0.007179678161721086-1.7175209011937992E-7i
79.75479677901896,43.551417037046534,4.2499999999999885,1.4359356491712272E-6-3.435041842641133E-11i,0.0071796781617210845-1.7175209011937992E-7i
78.95808119368405,45.1510021103475,4.234009322982042,1.435935649195669E-6-3.435041842699603E-11i,0.007179678161721085-1.7175209011937992E-7i
78.37084806810721,43.7436836290374,5.1856981996357705,1.4359356381996313E-6-3.4350418163949077E-11i,0.007179678161721084-1.7175209011937995E-7i
87.99577164220184,46.71121685048125,13,1.4359356224989443E-6-3.43504177883576E-11i,0.007179678161721084-1.7175209011937995E-7i
84.31994645615062,43.34316994559056,8.408649924067413,1.435935631302589E-6-3.4350417998958203E-11i,0.007179678161721084-1.7175209011937995E-7i
84.41311710890838,47.225778293043106,8.090361656840305,1.4359356303222238E-6-3.435041797550593E-11i,0.007179678161721084-1.7175209011937992E-7i
83.34390428013019,39.42501490907811,8.03525614878399,1.4359356255195582E-6-3.435041786061667E-11i,0.007179678161721084-1.7175209011937995E-7i
88.11555689198664,40.191964660497696,13,1.4359356246890714E-6-3.4350417840749785E-11i,0.007179678161721085-1.7175209011937992E-7i
85.65756374464333,37.480226430888365,8.086620200540576,1.4359356279224952E-6-3.4350417918099696E-11i,0.0071796781617210845-1.7175209011937992E-7i
81.24929948746971,40.49176658594046,8.015905010894395,1.435935622493187E-6-3.435041778821991E-11i,0.007179678161721086-1.7175209011937992E-7i
85.67055478303385,28.80740641578806,6.256866096766887,1.4359356339232872E-6-3.435041806165051E-11i,0.0071796781617210845-1.7175209011937992E-7i
85.76635947485742,26.700884257646138,7.999999999999993,1.4359356239104895E-6-3.4350417822124624E-11i,0.007179678161721083-1.7175209011937997E-7i
88.13257924652262,33.66391685719728,13,1.4359356246254364E-6-3.435041783922752E-11i,0.007179678161721085-1.7175209011937992E-7i
80.95837319666074,55.03976041266489,7.860541572398177,1.435935627654843E-6-3.435041791169685E-11i,0.007179678161721082-1.7175209011937997E-7i
77.54331766811497,55.56206686747924,7.7758890754768055,1.4359356276664236E-6-3.435041791197394E-11i,0.007179678161721083-1.7175209011937997E-7i
80.83016319520091,51.49014496236683,7.999999999999976,1.4359356283369217E-6-3.435041792801358E-11i,0.007179678161721084-1.7175209011937992E-7i
76.45599936287265,52.21264820528411,8.000000000000027,1.4359356275235935E-6-3.4350417908557243E-11i,0.007179678161721084-1.7175209011937992E-7i
75.39863021587232,58.569523877623304,7.9561230844796915,1.43593562696919E-6-3.435041789529475E-11i,0.007179678161721085-1.7175209011937992E-7i
81.4183870002454,56.90078499045383,13,1.4359356170281033E-6-3.4350417657484314E-11i,0.007179678161721085-1.7175209011937997E-7i
81.73943435464241,50.059794859013735,13,1.4359356298051997E-6-3.4350417963137645E-11i,0.007179678161721082-1.7175209011937997E-7i
80.45653250044302,45.81313556041984,7.660472994536353,1.435935633649724E-6-3.4350418055106273E-11i,0.007179678161721082-1.7175209011938E-7i
76.4039984024706,48.6201622109755,8.000000000000021,1.4359356227314745E-6-3.435041779392019E-11i,0.007179678161721082-1.7175209011937997E-7i
75.60863409599168,49.56633073370367,5.500000000000002,1.435935639943481E-6-3.435041820566541E-11i,0.007179678161721086-1.7175209011937992E-7i
80.6761767490998,48.13240886196456,7.541820261361921,1.4359356387829504E-6-3.435041817790316E-11i,0.007179678161721085-1.7175209011937992E-7i
73.09559701934144,55.17651661929009,8,1.4359356243660096E-6-3.4350417833021514E-11i,0.007179678161721082-1.7175209011938E-7i
70.66467853200841,62.98370127745519,7.999999999999993,1.435935624329089E-6-3.435041783213831E-11i,0.007179678161721082-1.7175209011938E-7i
70.03686694387765,64.2780228324622,5.500000000000009,1.4359356338911768E-6-3.435041806088236E-11i,0.0071796781617210845-1.7175209011937992E-7i
71.79323895856642,58.61307506450152,8.000000000000004,1.4359356248530163E-6-3.435041784467172E-11i,0.007179678161721084-1.7175209011937992E-7i
69.6252260794805,58.73874450860263,5.471633184523813,1.435935634543906E-6-3.4350418076496944E-11i,0.007179678161721084-1.7175209011937995E-7i
74.89535735051473,60.550719992369714,13,1.4359356215409652E-6-3.435041776544086E-11i,0.007179678161721085-1.7175209011937992E-7i
19.542239450033843,96.72252926729793,8.004671569193986,1.435935622301279E-6-3.4350417783629086E-11i,0.007179678161721083-1.7175209011937997E-7i
19.371412591730007,99.99999999999999,12.999999999999998,1.4359356232991399E-6-3.435041780749984E-11i,0.007179678161721084-1.7175209011937997E-7i
17.121399259380212,100,9.366244921681462,1.435935625221246E-6-3.4350417853480456E-11i,0.0071796781617210845-1.7175209011937997E-7i
17.90803179573878,100,6.47691990266415,1.4359356304074323E-6-3.435041797754432E-11i,0.007179678161721086-1.7175209011937995E-7i
7.750860940266637,97.84959692865296,7.786565781233599,1.4359356275090948E-6-3.435041790821036E-11i,0.007179678161721085-1.7175209011937992E-7i
6.050852249135019,100,6.610086262278678,1.4359356244998116E-6-3.435041783622237E-11i,0.007179678161721085-1.7175209011938E-7i
3.8457030287726184,100,9.851647043784926,1.4359356230676648E-6-3.4350417801962594E-11i,0.007179678161721086-1.7175209011937995E-7i
9.269262903891772,100,9.33406799707951,1.435935622436822E-6-3.43504177868716E-11i,0.007179678161721086-1.7175209011937995E-7i
13.476518826107991,100,7.835831247263832,1.4359356290645666E-6-3.4350417945420354E-11i,0.007179678161721086-1.7175209011937995E-7i
11.852635909412898,97.59660536437832,6.699087860611097,1.4359356251562512E-6-3.435041785192571E-11i,0.0071796781617210845-1.7175209011937992E-7i
12.579901787203223,99.99999999999999,12.999999999999996,1.435935621731977E-6-3.4350417770010294E-11i,0.0071796781617210845-1.7175209011938E-7i
38.275805726841924,93.25748170388854,7.7463948406671195,1.4359356250914976E-6-3.435041785037665E-11i,0.007179678161721082-1.7175209011938003E-7i
44.82499997622824,87.91635396702121,8.00000000000002,1.4359356242348394E-6-3.435041782988369E-11i,0.007179678161721082-1.7175209011937997E-7i
44.70658054068012,91.77173949605218,8.353895378518255,1.4359356239175775E-6-3.435041782229414E-11i,0.007179678161721082-1.7175209011937997E-7i
43.203714013082404,93.97881902025426,13,1.4359356190114076E-6-3.435041770492886E-11i,0.0071796781617210845-1.7175209011937992E-7i
41.355622652977644,92.4140486587391,7.518446549167891,1.43593562303194E-6-3.435041780110794E-11i,0.0071796781617210845-1.7175209011937992E-7i
40.73611944873657,89.12398976722895,8.000000000000021,1.4359356245089494E-6-3.435041783644089E-11i,0.0071796781617210845-1.7175209011937992E-7i
36.68671960739746,86.57642055201175,5.500000000000018,1.4359356312945196E-6-3.4350417998765134E-11i,0.007179678161721084-1.7175209011937992E-7i
41.95129766798356,85.02739268928799,4.971884289181375,1.4359356392717596E-6-3.435041818959652E-11i,0.007179678161721083-1.7175209011937997E-7i
41.55645369977224,87.07587490049924,6.902084904191363,1.435935630766397E-6-3.435041798613142E-11i,0.007179678161721084-1.7175209011937995E-7i
39.76840086346915,85.72093377154688,5.367042660439774,1.4359356384229193E-6-3.435041816929057E-11i,0.007179678161721084-1.7175209011937995E-7i
38.33938265288373,87.19815727447046,7.172832701897832,1.4359356254323502E-6-3.435041785853044E-11i,0.007179678161721084-1.7175209011937992E-7i
34.049023573511946,87.52298737244313,5.615367000061061,1.4359356298734954E-6-3.435041796477144E-11i,0.007179678161721083-1.7175209011937997E-7i
35.08586918275704,86.86113657365587,4.249999999999998,1.4359356513065676E-6-3.435041847749291E-11i,0.007179678161721085-1.7175209011937992E-7i
34.78754720518942,85.32551898121099,5.588087461651847,1.4359356334170274E-6-3.435041804953975E-11i,0.0071796781617210845-1.7175209011937992E-7i
33.554122039737464,90.21020814534444,8.257396784577937,1.435935621614864E-6-3.435041776720872E-11i,0.0071796781617210845-1.7175209011937992E-7i
36.60353337692689,90.27307274984238,8.556020420475729,1.435935622154756E-6-3.4350417780123966E-11i,0.0071796781617210845-1.7175209011937992E-7i
36.39308967965412,93.97845616786793,13,1.4359356199074184E-6-3.43504177263632E-11i,0.007179678161721086-1.7175209011937992E-7i
35.34347673102869,87.28171486870762,8.000000000000025,1.4359356197894193E-6-3.435041772354036E-11i,0.007179678161721085-1.7175209011937992E-7i
30.24389194312741,90.68933729675759,8.058690108143757,1.43593562245776E-6-3.43504177873724E-11i,0.007179678161721083-1.7175209011937997E-7i
29.32934341563042,88.86978762065078,5.4018537051590725,1.4359356330178045E-6-3.435041803998955E-11i,0.0071796781617210845-1.7175209011937992E-7i
29.578192275761253,93.98522404473857,13,1.4359356219901466E-6-3.4350417776186167E-11i,0.007179678161721084-1.7175209011937992E-7i
22.91802272965775,94.19132272370442,13,1.4359356243012362E-6-3.4350417831472E-11i,0.007179678161721084-1.7175209011937992E-7i
26.295365818885603,90.6866573527179,7.99999999999999,1.4359356232007953E-6-3.435041780514727E-11i,0.007179678161721084-1.7175209011937995E-7i
27.052508563376517,87.27018869860703,7.049506306534674,1.4359356284818855E-6-3.435041793148134E-11i,0.007179678161721084-1.7175209011937995E-7i
26.339365800418044,88.3465770667821,6.124999999999979,1.435935633004907E-6-3.435041803968101E-11i,0.007179678161721086-1.7175209011937992E-7i
46.42735956925222,84.2431366874322,8.00000000000001,1.4359356236738226E-6-3.4350417816463083E-11i,0.007179678161721084-1.7175209011937995E-7i
42.9731752354335,85.52789788115334,7.999999999999994,1.4359356245753767E-6-3.435041783803E-11i,0.007179678161721084-1.7175209011937992E-7i
43.975494912771396,81.81048778730748,7.9999999999999885,1.4359356246078642E-6-3.4350417838807125E-11i,0.007179678161721084-1.7175209011937992E-7i
42.00385386230628,82.36195620396072,5.7810210622710505,1.4359356319458735E-6-3.4350418014346845E-11i,0.0071796781617210845-1.7175209011937992E-7i
46.649999952456575,87.9570635870246,13,1.4359356205595584E-6-3.4350417741963675E-11i,0.007179678161721085-1.7175209011937992E-7i
58.14844376715161,75.8961585232517,7.999999999999968,1.4359356255816406E-6-3.435041786210184E-11i,0.007179678161721084-1.7175209011937995E-7i
57.88041060036376,79.6067278375971,8.849105287392298,1.435935623498082E-6-3.4350417812258964E-11i,0.007179678161721084-1.7175209011937992E-7i
53.84860077768018,79.16024386710238,8.380534300162646,1.4359356252618355E-6-3.4350417854451456E-11i,0.0071796781617210845-1.7175209011937992E-7i
56.800188411386785,81.96151975289241,13,1.4359356199483305E-6-3.435041772734193E-11i,0.007179678161721085-1.7175209011938E-7i
54.95751074368556,75.84678077572087,7.999999999999972,1.4359356232933896E-6-3.435041780736236E-11i,0.0071796781617210845-1.7175209011937992E-7i
49.74308277195504,78.08450271610634,7.47823282523331,1.4359356239860432E-6-3.435041782393196E-11i,0.007179678161721082-1.7175209011938E-7i
50.05943832455209,81.92444850651287,13,1.4359356223190264E-6-3.435041778405363E-11i,0.007179678161721084-1.7175209011937992E-7i
48.02971916227618,80.5699194078432,8.000000000000002,1.435935623929637E-6-3.43504178225826E-11i,0.007179678161721083-1.7175209011937997E-7i
95.87129113416748,0,9.352483484001539,1.4359356213300085E-6-3.4350417760394474E-11i,0.007179678161721085-1.7175209011938E-7i
100,0,13,1.435935619173123E-6-3.4350417708797494E-11i,0.007179678161721084-1.7175209011937995E-7i
0,100,8.246740216113672,1.4359356332409962E-6-3.435041804532878E-11i,0.007179678161721084-1.7175209011937995E-7i
2.788827015987067,100,7.084590677162173,1.4359356279117575E-6-3.435041791784287E-11i,0.007179678161721086-1.7175209011937992E-7i
0,95.92473585384622,9.810527613638236,1.4359356204688356E-6-3.435041773979349E-11i,0.007179678161721086-1.7175209011937992E-7i
0,100,13,1.435935620276559E-6-3.435041773519382E-11i,0.007179678161721084-1.7175209011937995E-7i
11.126276070375084,100,5.5575222074960315,1.4359356363435978E-6-3.435041811954913E-11i,0.007179678161721086-1.7175209011937995E-7i
8.536095975817602,100,5.301983893176626,1.4359356383923408E-6-3.4350418168559096E-11i,0.007179678161721085-1.7175209011937997E-7i
9.649360202800208,97.04039232508089,6.046185375613948,1.4359356273805508E-6-3.4350417905135326E-11i,0.007179678161721084-1.7175209011937992E-7i
0,97.44084249035967,6.823825875673668,1.4359356344841983E-6-3.4350418075068636E-11i,0.007179678161721085-1.7175209011938E-7i
4.6726026464879125,96.0943460906223,7.542295338581066,1.4359356278094228E-6-3.435041791539481E-11i,0.007179678161721083-1.7175209011937997E-7i
1.9964335019445119,96.93607021678429,6.267880039090614,1.43593562997393E-6-3.435041796717404E-11i,0.007179678161721086-1.7175209011937992E-7i
1.7534180738138287,94.76208943646631,7.0409758853450874,1.4359356277709637E-6-3.4350417914474797E-11i,0.007179678161721086-1.7175209011937992E-7i
0,94.02876322988703,6.720746462582564,1.4359356282477541E-6-3.4350417925880544E-11i,0.0071796781617210845-1.7175209011937997E-7i
1.1749190353193832,98.84357362521948,5.367543425533207,1.4359356360167789E-6-3.435041811173101E-11i,0.007179678161721086-1.7175209011937992E-7i
0,100.00000000000001,5.220798736980665,1.4359356346042735E-6-3.4350418077941047E-11i,0.007179678161721084-1.7175209011937997E-7i
0,98.8183559683392,3.9343531254587027,1.43593564392602E-6-3.435041830093564E-11i,0.007179678161721084-1.7175209011937997E-7i
1.231825329859987,100,3.906195900540901,1.4359356443105496E-6-3.435041831013434E-11i,0.0071796781617210845-1.7175209011937997E-7i
2.7508527211319915,100,5.061127694912123,1.4359356383786214E-6-3.435041816823091E-11i,0.0071796781617210845-1.7175209011937997E-7i
2.7080515212501552,97.72058283639494,4.60795215070276,1.4359356428506386E-6-3.4350418275210336E-11i,0.007179678161721083-1.7175209011937997E-7i
4.896648030860021,100,5.055539249008264,1.4359356439317124E-6-3.435041830107185E-11i,0.007179678161721085-1.7175209011937997E-7i
0,97.64145650803451,4.889513264229965,1.4359356459533916E-6-3.435041834943439E-11i,0.007179678161721085-1.7175209011937997E-7i
4.8464982133968615,97.21221561827073,5.271147669290538,1.4359356395237532E-6-3.4350418195624704E-11i,0.007179678161721084-1.7175209011937992E-7i
12.156179073677833,98.41869824602254,5.04851681280139,1.4359356398695294E-6-3.435041820389641E-11i,0.007179678161721085-1.7175209011937992E-7i
12.982144861364446,100,4.73114172268243,1.4359356434052971E-6-3.4350418288478946E-11i,0.007179678161721084-1.7175209011937997E-7i
6.730496078588089,100,4.411861460479633,1.4359356414504353E-6-3.4350418241714795E-11i,0.007179678161721084-1.7175209011937997E-7i
7.0882902873878235,98.24208964289174,4.90257217554822,1.435935639840766E-6-3.4350418203208283E-11i,0.007179678161721084-1.7175209011937995E-7i
14.0622029499251,98.41869824602254,4.74943121660359,1.4359356429060773E-6-3.435041827653662E-11i,0.0071796781617210845-1.7175209011937992E-7i
14.938323822869563,100,4.959351015100491,1.4359356427288695E-6-3.4350418272297426E-11i,0.0071796781617210845-1.7175209011937997E-7i
16.11365779970663,100,6.610499462837656,1.4359356327199424E-6-3.435041803286415E-11i,0.0071796781617210845-1.7175209011938E-7i
10.713843604505637,95.19226167366367,8.587391840683264,1.4359356220519048E-6-3.435041777766361E-11i,0.007179678161721082-1.7175209011937997E-7i
7.001231386588127,94.33643573351402,6.696641445308388,1.4359356275164852E-6-3.435041790838715E-11i,0.007179678161721084-1.7175209011937992E-7i
15.783384797018927,96.82646928329324,7.917915623631889,1.4359356257556686E-6-3.435041786626496E-11i,0.007179678161721084-1.7175209011937995E-7i
14.372164153961185,97.13889459922802,6.07902283621351,1.4359356319791354E-6-3.435041801514258E-11i,0.007179678161721084-1.7175209011937992E-7i
13.186082076980592,96.8373964920451,4.539511418106739,1.4359356450602354E-6-3.435041832806833E-11i,0.007179678161721085-1.7175209011937992E-7i
14.009062227028238,94.07002697999008,7.2531540806448325,1.4359356239094864E-6-3.435041782210056E-11i,0.0071796781617210845-1.7175209011937992E-7i
23.366516007415672,91.31636559180727,8.036092430886686,1.435935623996393E-6-3.4350417824179573E-11i,0.007179678161721084-1.7175209011937992E-7i
20.321314228155803,93.33313381308726,7.336821506751474,1.4359356276661358E-6-3.435041791196701E-11i,0.007179678161721083-1.7175209011937997E-7i
17.99148340878202,93.63976492271375,8.11121226559781,1.4359356243852102E-6-3.4350417833480825E-11i,0.007179678161721084-1.7175209011937992E-7i
22.21548091465998,92.9455953080948,5.70723940399745,1.435935632049059E-6-3.435041801681517E-11i,0.007179678161721085-1.7175209011937992E-7i
19.41519986887123,92.09857579502734,5.518188422668756,1.4359356336268483E-6-3.435041805455906E-11i,0.0071796781617210845-1.7175209011937992E-7i
19.071645952170897,90.25640944587653,7.080679427922724,1.4359356267787828E-6-3.4350417890739767E-11i,0.0071796781617210845-1.7175209011937992E-7i
15.992814041083857,98.29972700174254,4.843097496510285,1.4359356444857067E-6-3.43504183143245E-11i,0.007179678161721084-1.7175209011937992E-7i
17.064203661715055,100,4.925115649800146,1.4359356425640507E-6-3.4350418268354657E-11i,0.0071796781617210845-1.7175209011937997E-7i
19.047787608574296,100,4.99042681990114,1.4359356386400564E-6-3.4350418174484915E-11i,0.0071796781617210845-1.7175209011937997E-7i
18.079653118748766,98.0877642037889,4.086640014369785,1.4359356465277024E-6-3.4350418363173013E-11i,0.0071796781617210845-1.7175209011937992E-7i
20.82339139829287,100,4.522813024884384,1.4359356449581738E-6-3.435041832562678E-11i,0.0071796781617210845-1.7175209011938E-7i
19.159306237497525,97.90757921514664,5.173280028739609,1.4359356382027172E-6-3.435041816402288E-11i,0.007179678161721085-1.7175209011937992E-7i
22.59535518697254,100,4.8270612684311835,1.4359356417103082E-6-3.435041824793141E-11i,0.007179678161721085-1.7175209011938E-7i
23.478619389898487,97.75837088384026,5.01947874180368,1.4359356414913489E-6-3.435041824269348E-11i,0.007179678161721084-1.7175209011937992E-7i
21.488015015645505,97.75837088384031,5.356133237578101,1.435935636773796E-6-3.435041812984027E-11i,0.007179678161721084-1.7175209011937992E-7i
26.442811602801303,93.45254679353403,5.435601911134344,1.4359356351040771E-6-3.435041808989728E-11i,0.007179678161721082-1.7175209011938E-7i
25.88841131341532,96.00055774140068,5.760516566804094,1.4359356358180677E-6-3.4350418106977425E-11i,0.007179678161721084-1.7175209011937995E-7i
26.944205656707645,96.26822806313147,4.380258283402038,1.4359356518964642E-6-3.4350418491604403E-11i,0.0071796781617210845-1.7175209011937992E-7i
23.739752841207203,95.16029467248697,4.250000000000022,1.435935648551248E-6-3.435041841158027E-11i,0.007179678161721084-1.7175209011937992E-7i
24.138234224416983,93.19102849483191,5.5651291417010285,1.435935631631704E-6-3.435041800683129E-11i,0.007179678161721084-1.7175209011937992E-7i
28.209704691779745,92.09622764021385,4.5625,1.4359356428699227E-6-3.4350418275671696E-11i,0.007179678161721084-1.7175209011937992E-7i
25.196479283464953,92.58695592292943,4.266282285425257,1.43593565027185E-6-3.435041845274043E-11i,0.007179678161721085-1.7175209011937992E-7i
19.282842615818325,95.7457947823604,5.331551222864814,1.435935636360472E-6-3.435041811995276E-11i,0.007179678161721084-1.7175209011937992E-7i
16.891692398509473,96.68118383407774,5.458957811815924,1.435935633819038E-6-3.4350418059156634E-11i,0.007179678161721082-1.7175209011937997E-7i
14.686082076980604,95.97137108826071,4.53951141810677,1.4359356462084125E-6-3.4350418355534957E-11i,0.0071796781617210845-1.7175209011937992E-7i
13.490093952012453,94.20514647384829,5.479478905907979,1.4359356332209022E-6-3.4350418044848064E-11i,0.007179678161721084-1.7175209011937992E-7i
22.330334492874467,95.496390729346,5.408909160310139,1.4359356388219483E-6-3.4350418178836124E-11i,0.007179678161721082-1.7175209011938E-7i
20.59048430357337,94.20422994457141,4.649436414207495,1.4359356453633535E-6-3.435041833531946E-11i,0.007179678161721086-1.7175209011937992E-7i
22.504210668702434,93.8395124337692,4.250000000000024,1.4359356431338173E-6-3.435041828198455E-11i,0.007179678161721086-1.7175209011937992E-7i
23.5691171122085,92.26538722849374,4.282564570850507,1.435935646237468E-6-3.4350418356230066E-11i,0.007179678161721086-1.7175209011937992E-7i
18.135412433210384,95.30950300379334,4.178066618789004,1.435935647924016E-6-3.435041839657553E-11i,0.007179678161721086-1.7175209011937992E-7i
7.446084496187512,96.48417928578345,5.3932828906168,1.4359356407086665E-6-3.435041822397013E-11i,0.0071796781617210845-1.7175209011937992E-7i
11.56972707740633,95.62276939946459,5.762832140760964,1.435935630055755E-6-3.4350417969131563E-11i,0.007179678161721084-1.7175209011937995E-7i
9.373606139449567,95.98894768124083,4.5230926878069555,1.43593564705386E-6-3.435041837575972E-11i,0.007179678161721084-1.7175209011937992E-7i
10.7648926065637,97.20382296363168,4.785804750304172,1.4359356432063945E-6-3.4350418283720784E-11i,0.0071796781617210845-1.7175209011937992E-7i
23.843582484663024,88.18640277820629,6.749999999999987,1.4359356241767262E-6-3.4350417828493514E-11i,0.007179678161721084-1.7175209011937992E-7i
71.47719090855864,69.92985887260693,4.250000000000002,1.435935650324731E-6-3.435041845400543E-11i,0.007179678161721084-1.7175209011937992E-7i
68.65925132678237,73.25618566309086,5.499999999999998,1.4359356343061378E-6-3.435041807080898E-11i,0.007179678161721082-1.7175209011938E-7i
69.32962566339107,74.50373717856347,4.250000000000018,1.435935646097768E-6-3.4350418352888114E-11i,0.007179678161721086-1.7175209011937992E-7i
69.71477753649,71.60611411249513,4.874999999999996,1.435935640865996E-6-3.435041822773381E-11i,0.007179678161721085-1.7175209011937992E-7i
68.21699238753469,70.74069611966604,4.874999999999985,1.435935643308031E-6-3.4350418286152074E-11i,0.007179678161721084-1.7175209011937992E-7i
66.33853275247839,72.5339422651739,5.500000000000015,1.435935634008925E-6-3.4350418063699135E-11i,0.007179678161721082-1.7175209011937997E-7i
64.01781417817443,71.81169886725694,5.500000000000032,1.4359356350853215E-6-3.435041808944871E-11i,0.007179678161721084-1.7175209011937995E-7i
61.1726753621723,75.22363340155316,4.250000000000015,1.4359356467485129E-6-3.4350418368455214E-11i,0.0071796781617210845-1.7175209011937992E-7i
59.12102156495302,74.05567469154988,5.486682255597671,1.4359356319179326E-6-3.4350418013678483E-11i,0.007179678161721084-1.7175209011937992E-7i
64.73569166751503,74.50410952162486,5.500000000000019,1.435935633160751E-6-3.43504180434091E-11i,0.007179678161721083-1.7175209011937997E-7i
65.88092705963722,74.05819439140372,4.125,1.4359356406767266E-6-3.4350418223206105E-11i,0.007179678161721086-1.7175209011937995E-7i
64.50890708908696,72.91546837686144,4.249999999999999,1.4359356438157606E-6-3.4350418298297994E-11i,0.007179678161721085-1.7175209011937992E-7i
62.55302572358152,73.11858169301364,4.2465168883457585,1.4359356448524809E-6-3.4350418323098407E-11i,0.007179678161721085-1.7175209011937992E-7i
71.62907619336201,58.39692841858017,4.246153816344245,1.4359356464251671E-6-3.4350418360720164E-11i,0.007179678161721085-1.7175209011937992E-7i
69.33902948670864,68.78343870256649,5.187499999999995,1.4359356371636145E-6-3.435041813916557E-11i,0.007179678161721084-1.7175209011937995E-7i
71.45679504635393,61.953710935824816,4.2499999999999964,1.435935642562749E-6-3.435041826832347E-11i,0.007179678161721084-1.7175209011937992E-7i
69.6126673018727,61.72986437945745,5.5000000000000115,1.4359356315195968E-6-3.4350418004149466E-11i,0.007179678161721083-1.7175209011937997E-7i
71.16202701138832,64.1390114162316,4.250000000000002,1.435935644909108E-6-3.435041832445303E-11i,0.007179678161721084-1.7175209011937992E-7i
70.46106658588262,66.82618128546696,5.500000000000005,1.4359356342032635E-6-3.4350418068348104E-11i,0.007179678161721083-1.7175209011937997E-7i
67.93351156922729,66.32180822134961,7.999999999999996,1.4359356273408813E-6-3.4350417904186434E-11i,0.007179678161721084-1.7175209011937995E-7i
72.09798526845361,66.28483630423047,4.034830729166667,1.4359356470912766E-6-3.4350418376654836E-11i,0.007179678161721084-1.7175209011937995E-7i
70.57961205878014,67.91116352210655,4.249999999999999,1.43593564326318E-6-3.4350418285079215E-11i,0.007179678161721085-1.7175209011937992E-7i
69.46398643351374,65.14018439523866,4.25000000000002,1.435935643864634E-6-3.4350418299467117E-11i,0.007179678161721085-1.7175209011937992E-7i
64.51845524714552,65.29098119254007,5.864868250095365,1.4359356334710518E-6-3.435041805083214E-11i,0.007179678161721083-1.7175209011937997E-7i
67.73734864377998,67.66198883688857,5.500000000000015,1.4359356375340258E-6-3.435041814802655E-11i,0.007179678161721082-1.7175209011937997E-7i
67.3946806721656,65.39263059783725,5.229750799806736,1.4359356346016625E-6-3.4350418077878556E-11i,0.007179678161721083-1.7175209011937997E-7i
65.92133562821122,70.99725754208261,4.250000000000034,1.4359356451597181E-6-3.4350418330448126E-11i,0.007179678161721084-1.7175209011937992E-7i
66.8222630040932,68.25591643311857,4.2500000000000195,1.43593565149096E-6-3.4350418481903933E-11i,0.0071796781617210845-1.7175209011937992E-7i
63.26026653257181,67.74960522381548,5.4999999999999964,1.4359356356676323E-6-3.4350418103378686E-11i,0.007179678161721082-1.7175209011937997E-7i
64.90554683448714,69.28756234793191,4.249999999999987,1.4359356458940243E-6-3.4350418348014205E-11i,0.0071796781617210845-1.7175209011937992E-7i
63.60277877294463,70.21160414869559,4.250000000000021,1.4359356471282113E-6-3.4350418377538355E-11i,0.007179678161721084-1.7175209011937995E-7i
62.24302067303126,69.88053054389438,5.500000000000011,1.4359356351061136E-6-3.4350418089946074E-11i,0.007179678161721085-1.7175209011937992E-7i
67.5723276169746,62.00938072808501,6.75,1.4359356272172382E-6-3.435041790122858E-11i,0.007179678161721086-1.7175209011937992E-7i
70.95934124155083,55.58825830964545,5.500000000000021,1.4359356285489163E-6-3.4350417933084906E-11i,0.007179678161721082-1.7175209011938E-7i
71.68124002240108,56.46614679608889,4.093750000000023,1.435935656169224E-6-3.435041859381725E-11i,0.007179678161721085-1.7175209011937992E-7i
69.98214092721145,57.98769753320411,4.250000000000013,1.4359356466844636E-6-3.435041836692299E-11i,0.007179678161721086-1.7175209011937992E-7i
65.62650570155263,66.65807640860909,4.249999999999989,1.4359356462067963E-6-3.4350418355496305E-11i,0.007179678161721084-1.7175209011937995E-7i
68.70392953338462,57.02114520929168,4.874999999999985,1.4359356396120299E-6-3.435041819773644E-11i,0.007179678161721085-1.7175209011937992E-7i
69.98214092721034,59.98769753320429,4.249999999999986,1.4359356447077098E-6-3.435041831963519E-11i,0.007179678161721084-1.7175209011937992E-7i
67.21420330788759,63.14570924430301,5.452461002508917,1.4359356336200627E-6-3.4350418054396843E-11i,0.007179678161721082-1.7175209011937997E-7i
69.22546126991169,62.87367487803565,4.250000000000026,1.4359356431391096E-6-3.435041828211113E-11i,0.007179678161721085-1.7175209011937992E-7i
66.36183752522244,64.63296288053638,4.084662731839894,1.4359356450131287E-6-3.435041832694139E-11i,0.0071796781617210845-1.7175209011937992E-7i
65.02295480445991,63.67808765062994,5.485747263823207,1.4359356351769806E-6-3.4350418091641374E-11i,0.007179678161721086-1.7175209011937992E-7i
64.96975506073491,64.67689387900036,4.143527824575845,1.435935647895657E-6-3.435041839589722E-11i,0.007179678161721086-1.7175209011937995E-7i
67.86290103832971,59.76410444841421,8.179966517857144,1.4359356256361394E-6-3.4350417863405506E-11i,0.007179678161721084-1.7175209011937992E-7i
66.99809547837684,60.31429314653663,5.500000000000009,1.4359356337312764E-6-3.435041805705725E-11i,0.007179678161721084-1.7175209011937992E-7i
65.38604228911969,62.64154953213401,7.964286345547828,1.435935627379259E-6-3.435041790510443E-11i,0.007179678161721082-1.7175209011937997E-7i
64.958870198891,58.931494035452296,7.178687738617078,1.4359356266337409E-6-3.435041788727012E-11i,0.007179678161721085-1.7175209011937992E-7i
68.19765363241534,64.43054236979373,13,1.4359356221677563E-6-3.4350417780434973E-11i,0.007179678161721084-1.7175209011937992E-7i
63.102790052062026,65.72866300500168,8.253771118796758,1.43593562095325E-6-3.435041775138158E-11i,0.0071796781617210845-1.7175209011937992E-7i
64.14107702180402,70.44426592594527,13,1.4359356243909393E-6-3.435041783361793E-11i,0.007179678161721084-1.7175209011937992E-7i
62.0705385109036,71.36572650242141,8.000000000000021,1.4359356228253615E-6-3.435041779616624E-11i,0.007179678161721084-1.7175209011937995E-7i
60.2968875343044,76.04102835246755,13,1.4359356222525962E-6-3.435041778246447E-11i,0.007179678161721085-1.7175209011937992E-7i
61.537650771644735,68.36345282005858,8.122393522686195,1.4359356233043148E-6-3.435041780762376E-11i,0.007179678161721084-1.7175209011937992E-7i
60.468227167888095,67.9493622205318,5.499999999999989,1.4359356338749891E-6-3.435041806049513E-11i,0.007179678161721085-1.7175209011937992E-7i
59.587769585538794,70.01157945002245,6.124999999999995,1.4359356305657157E-6-3.435041798133076E-11i,0.0071796781617210845-1.7175209011937992E-7i
59.54113212976939,73.3487176897427,7.9177097922502195,1.4359356261923766E-6-3.435041787671184E-11i,0.007179678161721085-1.7175209011937992E-7i
56.63310310629496,72.53088635959443,8.262517507002777,1.4359356244377775E-6-3.435041783473832E-11i,0.007179678161721084-1.7175209011937992E-7i
58.707312003189486,72.07379667951308,6.75,1.4359356295926716E-6-3.435041795805361E-11i,0.007179678161721086-1.7175209011937992E-7i
59.672469468434656,66.71015569992448,7.7289689680408,1.4359356235261032E-6-3.43504178129294E-11i,0.0071796781617210845-1.7175209011937992E-7i
57.77336003524028,69.64292760296138,7.999999999999974,1.435935625533554E-6-3.4350417860951493E-11i,0.007179678161721084-1.7175209011937992E-7i
51.832503703615124,75.68641534530384,7.530273437499979,1.435935625072863E-6-3.435041784993092E-11i,0.007179678161721083-1.7175209011937997E-7i
50.81428640752368,77.52693674579713,5.386808530106153,1.4359356349866513E-6-3.435041808708826E-11i,0.007179678161721085-1.7175209011937992E-7i
46.88189720560437,83.50465919008236,4.249999999999991,1.4359356484749358E-6-3.4350418409754675E-11i,0.007179678161721085-1.7175209011937992E-7i
51.11622667099616,82.69568162545819,4.250000000000021,1.435935642751217E-6-3.4350418272832E-11i,0.007179678161721086-1.7175209011937992E-7i
49.468936240234136,83.77944438546798,4.123415799657185,1.4359356511708386E-6-3.4350418474246E-11i,0.007179678161721086-1.7175209011937992E-7i
51.61622667099622,80.9636308178893,4.24999999999998,1.4359356439584609E-6-3.4350418301711594E-11i,0.007179678161721085-1.7175209011937992E-7i
51.08574212215876,79.24843833446036,4.932519017397034,1.4359356377082837E-6-3.435041815219507E-11i,0.007179678161721085-1.7175209011937992E-7i
53.47091413633996,77.48696162345445,5.491623918738012,1.4359356388981749E-6-3.435041818065959E-11i,0.007179678161721084-1.7175209011937995E-7i
55.08333399073875,78.6350154628639,4.249999999999968,1.4359356505996549E-6-3.4350418460582145E-11i,0.0071796781617210845-1.7175209011937992E-7i
53.00757865554912,79.57535915155572,4.300252475256571,1.4359356437299466E-6-3.435041829624514E-11i,0.0071796781617210845-1.7175209011937992E-7i
51.70585347368626,75.84670271405324,4.941916230731396,1.4359356427142756E-6-3.435041827194828E-11i,0.007179678161721085-1.7175209011937992E-7i
53.62671043861458,74.73390838704536,5.320743336397037,1.4359356389506958E-6-3.435041818191603E-11i,0.007179678161721082-1.7175209011937997E-7i
53.30931117439662,76.20668385335158,4.164056968963942,1.4359356522690173E-6-3.435041850051657E-11i,0.007179678161721085-1.7175209011937992E-7i
56.074221883575916,75.82372360864385,5.499999999999974,1.435935636547496E-6-3.435041812442671E-11i,0.0071796781617210845-1.7175209011938005E-7i
58.23182739853889,76.51105906569678,3.9418751667687446,1.4359356497472354E-6-3.4350418440190643E-11i,0.007179678161721085-1.7175209011938E-7i
61.03526925545338,71.82645679065949,5.500000000000012,1.4359356321412654E-6-3.4350418019021023E-11i,0.007179678161721084-1.7175209011937992E-7i
62.01763462772531,71.19079653099487,4.250000000000019,1.4359356438284733E-6-3.4350418298602164E-11i,0.007179678161721084-1.7175209011937992E-7i
61.010136302534455,72.93238412216847,4.253293861070993,1.4359356450523177E-6-3.435041832787893E-11i,0.007179678161721086-1.7175209011937992E-7i
58.632566197285804,74.97436027854447,4.170608720755565,1.435935644770702E-6-3.43504183211421E-11i,0.007179678161721086-1.7175209011937992E-7i
59.888295827997865,73.86620462550273,4.0748344342561555,1.4359356372025841E-6-3.4350418140097744E-11i,0.007179678161721086-1.7175209011937992E-7i
56.891944119597696,73.15784279053483,5.499999999999975,1.4359356345269455E-6-3.435041807609119E-11i,0.007179678161721084-1.7175209011937995E-7i
55.83163017645341,73.57420921563391,4.241945441750887,1.4359356489790399E-6-3.435041842181387E-11i,0.007179678161721086-1.7175209011937995E-7i
54.709666355618005,72.22401277999504,5.499999999999964,1.435935632060401E-6-3.435041801708657E-11i,0.007179678161721083-1.7175209011937997E-7i
57.94597205979947,73.58854033850025,4.24999999999998,1.4359356413320461E-6-3.4350418238882625E-11i,0.007179678161721085-1.7175209011937992E-7i
58.85365600159599,71.31446647541993,4.875000000000024,1.4359356447421394E-6-3.435041832045878E-11i,0.007179678161721083-1.7175209011937997E-7i
55.68642755168463,71.15151030822075,4.249999999999964,1.4359356458691751E-6-3.435041834741977E-11i,0.0071796781617210845-1.7175209011937992E-7i
55.372855103371535,70.01583353754314,5.499999999999971,1.435935628134986E-6-3.4350417923182856E-11i,0.007179678161721084-1.7175209011937992E-7i
57.305132867351375,70.51665084618962,5.500000000000006,1.4359356337009726E-6-3.435041805633226E-11i,0.007179678161721083-1.7175209011937997E-7i
51.871633097599194,77.6831917650466,4.267050602541659,1.4359356436806595E-6-3.4350418295066115E-11i,0.0071796781617210845-1.7175209011937992E-7i
50.10828382154216,80.9744668378703,5.265336206014025,1.4359356347237733E-6-3.435041808079972E-11i,0.007179678161721083-1.7175209011937997E-7i
48.99812387660047,82.6548234874449,5.4999999999999885,1.4359356366571252E-6-3.435041812704927E-11i,0.007179678161721084-1.7175209011937992E-7i
47.01485958113817,81.62470566607723,5.499999999999993,1.4359356390809064E-6-3.435041818503093E-11i,0.007179678161721082-1.7175209011938E-7i
45.7293344359776,79.83427732638486,6.405265356714853,1.435935632592896E-6-3.4350418029824894E-11i,0.007179678161721085-1.7175209011938E-7i
45.2531835577134,82.33755384419057,4.428571428571421,1.4359356429869346E-6-3.435041827847086E-11i,0.007179678161721084-1.7175209011937992E-7i
47.14543654686491,78.40495144013961,5.867122853718879,1.4359356310544107E-6-3.43504179930213E-11i,0.007179678161721084-1.7175209011937995E-7i
50.19115433667263,78.30708055030465,4.09374999999998,1.435935642458169E-6-3.435041826582173E-11i,0.007179678161721086-1.7175209011937992E-7i
49.382308673345534,79.13082159900476,5.187499999999981,1.4359356316912158E-6-3.435041800825498E-11i,0.007179678161721086-1.7175209011937992E-7i
48.257429790569006,79.98703528573321,4.249999999999969,1.4359356415520341E-6-3.4350418244145155E-11i,0.007179678161721086-1.7175209011937992E-7i
45.99816854281199,79.53714099447149,4.874999999999977,1.435935644101325E-6-3.435041830512925E-11i,0.007179678161721084-1.7175209011937992E-7i
44.705434695463126,78.12099657353784,5.499999999999987,1.4359356396131615E-6-3.435041819776352E-11i,0.007179678161721086-1.7175209011937992E-7i
48.11321027420404,77.38340042557981,4.874999999999983,1.4359356390279679E-6-3.435041818376459E-11i,0.007179678161721084-1.7175209011937995E-7i
45.85271734773159,77.80216803757132,4.249999999999977,1.4359356438810368E-6-3.4350418299859523E-11i,0.007179678161721084-1.7175209011937992E-7i
45.41451003594323,75.75414057380428,5.725592805783384,1.4359356312346727E-6-3.4350417997333595E-11i,0.007179678161721084-1.7175209011937992E-7i
47.423121934540376,75.72905409883549,5.499999999999984,1.435935634598137E-6-3.435041807779426E-11i,0.007179678161721084-1.7175209011937995E-7i
49.69764679083093,75.6952138329255,5.796297107177832,1.435935635024442E-6-3.4350418087992286E-11i,0.0071796781617210845-1.7175209011937992E-7i
50.88328886010937,74.04229505354394,5.499999999999984,1.4359356386248884E-6-3.435041817412206E-11i,0.007179678161721085-1.7175209011937992E-7i
43.98774745638575,80.51293904824041,5.500000000000012,1.435935639153931E-6-3.43504181867778E-11i,0.007179678161721082-1.7175209011937997E-7i
43.75116786126512,81.56822560010974,4.1532738095238075,1.4359356468200753E-6-3.435041837016717E-11i,0.007179678161721085-1.7175209011937992E-7i
41.60358016729234,82.80006829117498,4.065098263414672,1.4359356472418395E-6-3.435041838025659E-11i,0.007179678161721085-1.7175209011937992E-7i
39.84347407452999,83.12333951604309,5.4999999999999964,1.4359356345188549E-6-3.435041807589764E-11i,0.007179678161721084-1.7175209011937992E-7i
32.09631041797428,88.8058318991276,5.499999999999997,1.4359356276242413E-6-3.435041791096488E-11i,0.007179678161721082-1.7175209011938003E-7i
31.048155208987147,89.20676352685715,4.249999999999973,1.4359356453988404E-6-3.435041833616836E-11i,0.007179678161721085-1.7175209011937992E-7i
36.84335980369857,85.49398164194587,4.250000000000029,1.4359356473886877E-6-3.435041838376943E-11i,0.0071796781617210845-1.7175209011937992E-7i
28.347135349089346,90.35696104848812,4.874999999999992,1.4359356452984037E-6-3.435041833376574E-11i,0.007179678161721083-1.7175209011937997E-7i
26.647682909442775,91.01320165743678,5.500000000000007,1.4359356348762702E-6-3.435041808444774E-11i,0.007179678161721085-1.7175209011937992E-7i
24.64768290944281,91.01320165743674,5.499999999999988,1.4359356365485402E-6-3.435041812445172E-11i,0.007179678161721083-1.7175209011937997E-7i
25.16968290020903,88.97713611068441,4.562499999999988,1.4359356476456158E-6-3.4350418389915704E-11i,0.007179678161721084-1.7175209011937992E-7i
23.353509946302182,89.60537446174702,5.031249999999994,1.435935640619126E-6-3.43504182218282E-11i,0.0071796781617210845-1.7175209011937992E-7i
21.955681832426283,89.07251420705786,7.961184475141344,1.435935622707913E-6-3.435041779335657E-11i,0.007179678161721085-1.7175209011937992E-7i
25.326981861403926,86.52516126460227,5.039791400865662,1.4359356410764552E-6-3.4350418232768403E-11i,0.007179678161721084-1.7175209011937992E-7i
27.25236838256496,87.38059905096098,4.539335911769449,1.4359356434630548E-6-3.435041828986062E-11i,0.007179678161721083-1.7175209011937997E-7i
30.23767300761613,86.89271894865085,4.419501980310845,1.4359356452525618E-6-3.435041833266909E-11i,0.007179678161721084-1.7175209011937992E-7i
32.66222205616093,85.62268142706239,4.250000000000011,1.4359356501273544E-6-3.435041844928385E-11i,0.007179678161721084-1.7175209011937995E-7i
31.590609531792715,85.39138914533945,5.727542786958414,1.435935636365069E-6-3.435041812006272E-11i,0.0071796781617210845-1.7175209011937992E-7i
25.651457932798383,84.53181603183207,5.499999999999976,1.4359356260569165E-6-3.4350417873471344E-11i,0.007179678161721083-1.7175209011937997E-7i
28.440163497230838,85.2827409677615,5.119597563266123,1.4359356389460494E-6-3.435041818180481E-11i,0.007179678161721082-1.7175209011937997E-7i
34.592416255545224,84.93974355000329,3.9170988601501664,1.4359356425167028E-6-3.435041826722198E-11i,0.007179678161721086-1.7175209011937992E-7i
37.69661687949104,84.11320039462187,5.0856472134016855,1.4359356436770397E-6-3.435041829497952E-11i,0.007179678161721082-1.7175209011938E-7i
35.56313645086998,83.87437745208403,4.249999999999984,1.4359356400416327E-6-3.43504182080134E-11i,0.007179678161721086-1.7175209011937992E-7i
41.774422800014285,80.79409518832502,4.250000000000015,1.4359356362624625E-6-3.4350418117608144E-11i,0.0071796781617210845-1.7175209011937992E-7i
40.548845600028635,80.64074925990768,5.499999999999991,1.435935632582937E-6-3.435041802958669E-11i,0.007179678161721083-1.7175209011937997E-7i
42.26181512814519,78.43058919439366,5.499999999999966,1.435935636947065E-6-3.435041813398517E-11i,0.007179678161721082-1.7175209011938E-7i
39.421737037265196,82.03539031639255,4.249999999999983,1.4359356457226459E-6-3.435041834391451E-11i,0.0071796781617210845-1.7175209011937992E-7i
37.671439961812126,81.57970661615968,5.187500000000006,1.4359356360948814E-6-3.4350418113599284E-11i,0.0071796781617210845-1.7175209011937992E-7i
37.83571998090601,80.39754846266626,4.093749999999989,1.435935639503752E-6-3.435041819514621E-11i,0.007179678161721084-1.7175209011937995E-7i
39.03701595273792,79.23805706380148,5.499999999999979,1.4359356292549178E-6-3.4350417949973854E-11i,0.007179678161721085-1.7175209011937992E-7i
44.352717347731584,76.93614263378667,4.249999999999971,1.4359356404108768E-6-3.435041821684645E-11i,0.0071796781617210845-1.7175209011937992E-7i
43.193038471756196,75.70640821769658,5.499999999999963,1.435935632847064E-6-3.4350418035905137E-11i,0.007179678161721084-1.7175209011937992E-7i
42.13090756407251,77.09093894421487,4.250000000000008,1.435935647049508E-6-3.435041837565562E-11i,0.007179678161721085-1.7175209011937992E-7i
40.96295500897189,75.68376233655788,5.4999999999999645,1.4359356314867789E-6-3.435041800336438E-11i,0.007179678161721083-1.7175209011937997E-7i
40.018507976369214,78.36069828270315,4.249999999999989,1.4359356416617224E-6-3.435041824676916E-11i,0.007179678161721084-1.7175209011937992E-7i
62.49031404568045,62.72447514688614,7.514065306412041,1.4359356262805546E-6-3.435041787882123E-11i,0.0071796781617210845-1.7175209011937992E-7i
100.00000000000001,6.0741802511083804,13,1.435935617365733E-6-3.435041766556115E-11i,0.007179678161721084-1.7175209011937995E-7i
96.26065176471094,6.835431458641696,10.702194667723578,1.4359356190287532E-6-3.435041770534381E-11i,0.0071796781617210845-1.7175209011937992E-7i
95.91620005459896,4.110734358176444,13,1.4359356184044435E-6-3.435041769040915E-11i,0.007179678161721086-1.7175209011937995E-7i
67.91059047106783,61.15714657327005,4.250000000000006,1.4359356382393454E-6-3.4350418164899106E-11i,0.007179678161721083-1.7175209011937997E-7i
68.25009011964215,58.987697533202095,4.249999999999989,1.435935646506605E-6-3.4350418362668317E-11i,0.007179678161721085-1.7175209011937992E-7i
66.81106937174007,57.475395066410044,5.500000000000003,1.4359356382018727E-6-3.4350418164002714E-11i,0.007179678161721082-1.7175209011937997E-7i
64.95382541931367,59.368531524505336,5.499999999999998,1.435935633985966E-6-3.435041806314988E-11i,0.007179678161721085-1.7175209011937992E-7i
68.83504703508306,55.93844900127511,6.769531249999993,1.4359356263191126E-6-3.435041787974357E-11i,0.007179678161721083-1.7175209011937997E-7i
66.95105201396534,56.23769753320509,4.249999999999999,1.43593564812196E-6-3.435041840131082E-11i,0.0071796781617210845-1.7175209011937992E-7i
74.42344285668855,54.58825830964487,5.4999999999999805,1.4359356298881967E-6-3.435041796512311E-11i,0.007179678161721084-1.7175209011937995E-7i
76.31148207266745,52.41129018095976,4.250000000000009,1.4359356457630409E-6-3.4350418344880773E-11i,0.007179678161721086-1.7175209011937992E-7i
75.13962464373023,51.82258036191978,5.499999999999996,1.4359356406142293E-6-3.435041822171098E-11i,0.007179678161721083-1.7175209011937997E-7i
76.54598679879822,50.283165366851925,4.250000000000004,1.435935645051513E-6-3.435041832785957E-11i,0.007179678161721084-1.7175209011937992E-7i
69.11988257516349,55.08943679459673,4.791178385416669,1.4359356417067904E-6-3.435041824784724E-11i,0.007179678161721085-1.7175209011937992E-7i
69.87848144537057,56.01920679960521,4.093750000000021,1.4359356478682381E-6-3.435041839524127E-11i,0.007179678161721086-1.7175209011937995E-7i
69.69972370543837,53.05568198912885,5.50000000000001,1.4359356369389561E-6-3.435041813379121E-11i,0.007179678161721084-1.7175209011937995E-7i
72.64126241459172,54.34352837126996,4.589543269230766,1.4359356403421047E-6-3.435041821520129E-11i,0.007179678161721084-1.7175209011937992E-7i
72.40012590841513,52.73265548986336,5.475961538461529,1.435935634772807E-6-3.4350418081972686E-11i,0.0071796781617210845-1.7175209011937992E-7i
70.99345539216807,53.52784099456413,4.250000000000003,1.4359356488481896E-6-3.435041841868365E-11i,0.007179678161721085-1.7175209011937992E-7i
70.44183031038163,51.530971144904804,5.499999999999993,1.4359356334313537E-6-3.435041804988246E-11i,0.007179678161721086-1.7175209011937992E-7i
72.36537076516775,51.269418310599264,4.249999999999973,1.4359356509029225E-6-3.435041846783693E-11i,0.007179678161721084-1.7175209011937995E-7i
74.81393599122946,50.28316536685206,4.249999999999992,1.4359356506045361E-6-3.435041846069889E-11i,0.007179678161721086-1.7175209011937992E-7i
73.54113369480886,48.92484214257405,5.499999999999996,1.4359356409969578E-6-3.4350418230866644E-11i,0.007179678161721083-1.7175209011937997E-7i
69.63245788707107,50.76548557245353,4.2499999999999964,1.435935643570822E-6-3.4350418292438576E-11i,0.0071796781617210845-1.7175209011937992E-7i
71.54315868187389,49.492763369950346,4.874999999999973,1.4359356436192015E-6-3.435041829359589E-11i,0.007179678161721085-1.7175209011937992E-7i
74.64621119442212,48.4624210712871,4.249999999999983,1.4359356510853326E-6-3.4350418472200504E-11i,0.0071796781617210845-1.7175209011937992E-7i
76.07764354825314,47.31008110548757,5.500000000000008,1.4359356380550548E-6-3.4350418160490505E-11i,0.007179678161721084-1.7175209011937992E-7i
73.10101249187342,46.67535348720518,5.211906181076703,1.4359356378893527E-6-3.43504181565266E-11i,0.007179678161721084-1.7175209011937992E-7i
77.43585905980835,46.19618616717836,5.3369406816124005,1.4359356395453786E-6-3.435041819614198E-11i,0.007179678161721085-1.7175209011937992E-7i
74.42438308369171,46.38276041903743,4.249999999999994,1.435935645208275E-6-3.435041833160968E-11i,0.007179678161721085-1.7175209011937992E-7i
75.62098708669163,44.75263830241198,5.500000000000011,1.4359356362975919E-6-3.435041811844854E-11i,0.007179678161721082-1.7175209011937997E-7i
76.52377146457043,42.94950739335738,4.250000000000015,1.4359356525966875E-6-3.4350418508355134E-11i,0.0071796781617210845-1.7175209011937992E-7i
77.29625423510507,41.89901478671471,5.500000000000025,1.4359356385007258E-6-3.435041817115184E-11i,0.007179678161721085-1.7175209011937992E-7i
87.5825708684798,40.27688773146634,4.250000000000013,1.435935645559784E-6-3.4350418340018477E-11i,0.007179678161721083-1.7175209011937997E-7i
85.63132541221495,40.266285447388775,5.500000000000023,1.4359356309596152E-6-3.4350417990753606E-11i,0.007179678161721082-1.7175209011937997E-7i
83.59772289408245,41.33049838334983,4.875000000000023,1.4359356440083691E-6-3.4350418302905584E-11i,0.0071796781617210845-1.7175209011937992E-7i
78.45575867334229,41.301417037046484,4.25000000000004,1.4359356460479688E-6-3.435041835169683E-11i,0.007179678161721084-1.7175209011937995E-7i
83.60719284985842,39.05299576824166,5.146393186452259,1.435935635297333E-6-3.4350418094520396E-11i,0.0071796781617210845-1.7175209011937992E-7i
84.9518172912555,38.49228986482653,4.250000000000005,1.4359356401106477E-6-3.435041820966444E-11i,0.0071796781617210845-1.7175209011937992E-7i
84.50697339462437,31.325200071888897,7.996919455033973,1.4359356240458994E-6-3.43504178253638E-11i,0.007179678161721083-1.7175209011937997E-7i
83.62605246884489,35.09031755306125,8.000000000000004,1.4359356249725515E-6-3.435041784753126E-11i,0.007179678161721084-1.7175209011937995E-7i
77.18796872981099,39.4919350707529,5.499999999999995,1.4359356338265848E-6-3.435041805933719E-11i,0.007179678161721084-1.7175209011937995E-7i
76.52377146457033,40.94950739335736,4.249999999999993,1.435935646353966E-6-3.43504183590169E-11i,0.007179678161721085-1.7175209011937992E-7i
80.67105045679453,37.17983502223597,7.1826923076923155,1.4359356231926191E-6-3.435041780495173E-11i,0.0071796781617210845-1.7175209011937992E-7i
79.78604494116433,38.99193507075287,5.500000000000003,1.4359356287634284E-6-3.435041793821652E-11i,0.007179678161721084-1.7175209011937995E-7i
80.45363711339841,40.08060836352564,4.09375000000003,1.4359356533221803E-6-3.43504185257104E-11i,0.007179678161721085-1.7175209011937992E-7i
78.63469222138444,38.995967535376366,4.24999999999999,1.4359356436200577E-6-3.435041829361643E-11i,0.007179678161721084-1.7175209011937992E-7i
77.99028578328438,38.02412362045772,5.499999999999995,1.435935631712019E-6-3.435041800875261E-11i,0.0071796781617210845-1.7175209011937992E-7i
87.49275449843404,37.2965749708275,5.499999999999996,1.4359356324353798E-6-3.435041802605674E-11i,0.007179678161721082-1.7175209011938003E-7i
84.93485194306952,36.53665859414059,5.468735074554694,1.4359356370316662E-6-3.4350418136008983E-11i,0.007179678161721083-1.7175209011937997E-7i
88.55022482651037,36.648287485413746,4.249999999999979,1.435935645618805E-6-3.4350418341430383E-11i,0.007179678161721085-1.7175209011937992E-7i
86.85158248576258,33.122856878567184,4.250000000000015,1.4359356510325489E-6-3.435041847093783E-11i,0.007179678161721085-1.7175209011937992E-7i
82.70419157998771,37.22383857581239,5.500000000000002,1.4359356332273414E-6-3.4350418045002055E-11i,0.007179678161721083-1.7175209011937997E-7i
81.64834211691341,35.46309742197164,5.5000000000000036,1.4359356330013596E-6-3.435041803959619E-11i,0.007179678161721085-1.7175209011937992E-7i
81.825816348365,38.11191928790616,4.249999999999989,1.4359356495471277E-6-3.435041843540368E-11i,0.007179678161721086-1.7175209011937992E-7i
83.7821574642291,36.27257938826526,4.249999999999999,1.4359356500184584E-6-3.435041844667879E-11i,0.007179678161721086-1.7175209011937995E-7i
85.79540376206918,34.91272414998466,4.250000000000008,1.4359356476008283E-6-3.435041838884427E-11i,0.007179678161721084-1.7175209011937995E-7i
85.51839566511303,33.521158098229286,5.6002566224060155,1.4359356331786522E-6-3.435041804383728E-11i,0.007179678161721084-1.7175209011937992E-7i
83.5477780508014,34.644272860970496,5.500000000000001,1.4359356341146982E-6-3.435041806622939E-11i,0.007179678161721084-1.7175209011937992E-7i
87.29856388279963,27.98903105014862,5.421915131613515,1.4359356343712253E-6-3.4350418072366095E-11i,0.007179678161721084-1.7175209011937992E-7i
85.9744024931095,26.438201808684543,5.500000000000005,1.4359356342568896E-6-3.435041806963094E-11i,0.007179678161721085-1.7175209011937997E-7i
87.75912482413796,30.112266742678315,5.19239608394564,1.435935640013982E-6-3.435041820735196E-11i,0.0071796781617210845-1.7175209011937992E-7i
88.53019204954407,28.101522916553826,4.250000000000003,1.4359356421519338E-6-3.4350418258496014E-11i,0.0071796781617210845-1.7175209011937992E-7i
85.93579556243346,31.13133753563144,5.2231564755510735,1.4359356371735756E-6-3.4350418139403836E-11i,0.007179678161721084-1.7175209011937995E-7i
83.99772210927932,30.016262973690726,5.499999999999999,1.435935629112058E-6-3.4350417946556396E-11i,0.007179678161721083-1.7175209011937997E-7i
86.01578787974681,29.451655520263596,4.875000000000017,1.4359356467945176E-6-3.435041836955577E-11i,0.007179678161721085-1.7175209011937992E-7i
85.1030730028045,32.151517412196405,4.131117758163101,1.435935646445537E-6-3.435041836120746E-11i,0.007179678161721085-1.7175209011937992E-7i
84.22292569958434,27.350442128823122,5.5000000000000036,1.435935631618354E-6-3.435041800651191E-11i,0.007179678161721083-1.7175209011937997E-7i
84.79302982337327,24.31147987106104,6.31720464621597,1.4359356294706535E-6-3.435041795513467E-11i,0.007179678161721084-1.7175209011937995E-7i
83.3386070167953,29.008131486845414,4.250000000000006,1.435935646200331E-6-3.4350418355341616E-11i,0.007179678161721085-1.7175209011937992E-7i
81.7217769169009,29.093947315451278,5.429372973526704,1.4359356322254772E-6-3.435041802103552E-11i,0.0071796781617210845-1.7175209011937992E-7i
89.89568164959834,26.67165984224399,4.874999999999987,1.4359356371697798E-6-3.435041813931295E-11i,0.007179678161721084-1.7175209011937995E-7i
92.07709636485605,23.631570804759612,5.348915542659884,1.4359356366364953E-6-3.4350418126555757E-11i,0.007179678161721083-1.7175209011937997E-7i
90.9863890072272,25.151615323501805,5.111957771329935,1.4359356345289293E-6-3.435041807613867E-11i,0.0071796781617210845-1.7175209011937992E-7i
92.02909288847586,25.5758076617509,4.0559788856649766,1.4359356487734847E-6-3.4350418416896565E-11i,0.007179678161721086-1.7175209011937995E-7i
87.78759192750965,21.95040006053805,6.749999999999976,1.4359356277708905E-6-3.4350417914473026E-11i,0.0071796781617210845-1.7175209011937992E-7i
86.85985388285022,23.025961488545892,5.500000000000014,1.4359356336632644E-6-3.435041805543022E-11i,0.0071796781617210845-1.7175209011937992E-7i
87.63142929998648,23.83799624253788,7.829545454545447,1.4359356256848666E-6-3.4350417864571203E-11i,0.007179678161721086-1.7175209011937992E-7i
89.45793009420356,23.5259614885459,5.50000000000001,1.4359356318560808E-6-3.435041801219885E-11i,0.007179678161721084-1.7175209011937995E-7i
87.72587928663465,25.525961488545963,5.500000000000007,1.4359356294440677E-6-3.4350417954498687E-11i,0.007179678161721082-1.7175209011938E-7i
89.53281262439513,24.76298074427295,4.250000000000018,1.435935650629073E-6-3.435041846128589E-11i,0.007179678161721086-1.7175209011937992E-7i
85.18325961951669,27.675221064411613,4.250000000000023,1.435935650321475E-6-3.435041845392757E-11i,0.0071796781617210845-1.7175209011937992E-7i
86.92502342006368,26.71910090434232,4.250000000000018,1.4359356487883294E-6-3.435041841725165E-11i,0.007179678161721086-1.7175209011937992E-7i
91.44962339937396,18.033766359531462,5.916678417198815,1.435935636543443E-6-3.43504181243298E-11i,0.0071796781617210845-1.7175209011937992E-7i
92.43329961130335,21.398999289246518,5.348915542659859,1.435935636166188E-6-3.435041811530514E-11i,0.007179678161721084-1.7175209011937992E-7i
93.76474976618053,20.708785350103724,4.247358924805828,1.4359356473702192E-6-3.435041838332764E-11i,0.007179678161721085-1.7175209011937992E-7i
90.21618462003562,20.623938216615397,5.424457771329913,1.435935636613971E-6-3.435041812601694E-11i,0.007179678161721084-1.7175209011937992E-7i
88.66678722061069,22.26298074427296,4.250000000000008,1.4359356463395054E-6-3.4350418358671E-11i,0.0071796781617210845-1.7175209011937992E-7i
90.77796529109565,21.811969108307682,4.212228885664974,1.4359356499225022E-6-3.4350418444383286E-11i,0.007179678161721085-1.7175209011937992E-7i
88.32904962689281,19.651314697116334,5.408067876638359,1.4359356262280454E-6-3.4350417877565086E-11i,0.007179678161721084-1.7175209011937995E-7i
94.18549516241352,14.746164878565653,7.329834701009678,1.4359356279609094E-6-3.435041791901861E-11i,0.0071796781617210845-1.7175209011937992E-7i
90.01126242267952,18.604570119263496,5.110434360561907,1.4359356365601645E-6-3.435041812472978E-11i,0.007179678161721085-1.7175209011937992E-7i
96.49063824637634,10.954573445380259,5.885141170240502,1.4359356293717857E-6-3.435041795276957E-11i,0.007179678161721083-1.7175209011937997E-7i
95.76762563469313,4.973198098916738,5.5000000000000115,1.4359356304166453E-6-3.4350417977764705E-11i,0.007179678161721084-1.7175209011937992E-7i
94.51149523352896,18.048980639720817,4.395802306951834,1.4359356497423536E-6-3.435041844007384E-11i,0.007179678161721083-1.7175209011937997E-7i
92.26490584279375,18.85640527856587,4.3229011534759,1.4359356466295553E-6-3.4350418365609525E-11i,0.007179678161721084-1.7175209011937992E-7i
94.83845012227371,13.841567444472128,5.79160461390367,1.4359356334170022E-6-3.4350418049539154E-11i,0.007179678161721084-1.7175209011937992E-7i
93.95774364629779,11.743117588505573,5.645802306951832,1.4359356338170004E-6-3.435041805910786E-11i,0.0071796781617210845-1.7175209011937992E-7i
96.98621235924466,13.506317201334342,4.8303624734478525,1.4359356418794225E-6-3.4350418251977004E-11i,0.0071796781617210845-1.7175209011937992E-7i
95.68717425356802,14.920783722236068,4.395802306951846,1.435935644149444E-6-3.435041830628038E-11i,0.0071796781617210845-1.7175209011937992E-7i
91.84741825595853,15.480526850229541,5.596680104926814,1.4359356333020376E-6-3.435041804678897E-11i,0.007179678161721084-1.7175209011937992E-7i
90.51902366993757,16.874307349244415,4.322901153475904,1.4359356483660392E-6-3.435041840714966E-11i,0.0071796781617210845-1.7175209011937992E-7i
88.99907270708205,16.768571401531478,5.444622080819312,1.4359356368437187E-6-3.4350418131512947E-11i,0.007179678161721082-1.7175209011938E-7i
90.21162980341397,14.027522681722813,5.536450576737965,1.4359356347548999E-6-3.4350418081544303E-11i,0.0071796781617210845-1.7175209011937992E-7i
92.26490584279375,16.856405278565894,4.3229011534758985,1.435935644604454E-6-3.435041831716507E-11i,0.0071796781617210845-1.7175209011937992E-7i
93.9551234459991,14.92078372223609,4.395802306951815,1.4359356427690748E-6-3.4350418273259224E-11i,0.007179678161721084-1.7175209011937992E-7i
95.24682101558003,11.871558794252804,4.322901153475896,1.4359356484329599E-6-3.435041840875051E-11i,0.0071796781617210845-1.7175209011937992E-7i
94.70764781374865,5.286291577250614,7.99999999999999,1.4359356269844055E-6-3.435041789565876E-11i,0.007179678161721083-1.7175209011937997E-7i
94.24176298258791,8.779676562431417,6.850192255758434,1.4359356291480536E-6-3.435041794741749E-11i,0.0071796781617210845-1.7175209011937992E-7i
93.0569406168491,7.229137340011063,8.01307581748176,1.4359356266152927E-6-3.4350417886828876E-11i,0.007179678161721085-1.7175209011937992E-7i
94.4223314025075,7.308932915727874,5.500000000000003,1.435935632859843E-6-3.4350418036210806E-11i,0.007179678161721086-1.7175209011937992E-7i
97.64774149389147,0,6.1908626653947785,1.4359356292521976E-6-3.435041794990886E-11i,0.007179678161721085-1.7175209011937997E-7i
100.00000000000001,0,5.220798736980665,1.4359356332921428E-6-3.435041804655234E-11i,0.007179678161721084-1.7175209011937995E-7i
94.89663681614869,0,6.745877083411294,1.4359356281696928E-6-3.4350417924013184E-11i,0.0071796781617210845-1.7175209011938E-7i
93.81245651832118,3.8309749679915193,6.297715666348678,1.4359356308127484E-6-3.435041798724026E-11i,0.007179678161721084-1.7175209011937995E-7i
100,9.358718064056745,5.713378975828088,1.4359356359402973E-6-3.4350418109901386E-11i,0.007179678161721085-1.7175209011938E-7i
98.68039206170019,8.560328457868208,4.88927962786286,1.4359356431767426E-6-3.43504182830115E-11i,0.007179678161721084-1.7175209011937992E-7i
97.38641777057927,10.166517192478643,4.125899241980773,1.4359356450239277E-6-3.4350418327199756E-11i,0.0071796781617210845-1.7175209011937992E-7i
96.65229941645389,7.868998513880645,5.70219466772359,1.4359356312831937E-6-3.435041799849425E-11i,0.007179678161721082-1.7175209011937997E-7i
97.85643173043138,5.227174193699737,5.180526463986614,1.4359356417442899E-6-3.435041824874431E-11i,0.0071796781617210845-1.7175209011937992E-7i
100,7.047806358150581,5.415754796200387,1.4359356437481953E-6-3.435041829668173E-11i,0.007179678161721086-1.7175209011937995E-7i
100,3.0258089864126987,4.17199201856778,1.4359356488771954E-6-3.435041841937754E-11i,0.0071796781617210845-1.7175209011938E-7i
100,4.700662135582718,5.001250874795028,1.4359356414825738E-6-3.4350418242483575E-11i,0.007179678161721085-1.7175209011937997E-7i
97.0423358846761,3.4716666470819733,4.524170551873105,1.4359356467332843E-6-3.4350418368090964E-11i,0.007179678161721084-1.7175209011937992E-7i
97.59531928848608,1.835951981052009,5.102755306740958,1.435935634042966E-6-3.4350418064513475E-11i,0.007179678161721084-1.7175209011937992E-7i
100,1.563757496030263,4.280017706413933,1.4359356474997445E-6-3.435041838642622E-11i,0.0071796781617210845-1.7175209011938E-7i
98.47267598849024,0,4.2175345795118595,1.4359356469940057E-6-3.435041837432793E-11i,0.007179678161721084-1.7175209011937997E-7i
95.59655427803777,2.1712452565410327,5.047715666348663,1.4359356348196486E-6-3.435041808309327E-11i,0.007179678161721083-1.7175209011937997E-7i
97.10179125006215,0,4.15716950973575,1.4359356488474645E-6-3.435041841866632E-11i,0.0071796781617210845-1.7175209011938E-7i
93.28033978455512,2.6431457886253127,8.348669335838299,1.4359356244313057E-6-3.435041783458356E-11i,0.0071796781617210845-1.7175209011937992E-7i
93.45935718679743,11.195741944807589,8.321368000185211,1.4359356260146932E-6-3.435041787246127E-11i,0.007179678161721083-1.7175209011937997E-7i
90.3408402137284,9.907031193764551,7.537243341630345,1.435935625993716E-6-3.4350417871959464E-11i,0.007179678161721082-1.7175209011938E-7i
94.22227830909046,16.115417995164677,13,1.435935621112151E-6-3.4350417755182804E-11i,0.0071796781617210845-1.7175209011937992E-7i
91.52549523831966,16.260603561425047,8.082931718441014,1.4359356267288572E-6-3.435041788954548E-11i,0.007179678161721084-1.7175209011937992E-7i
90.57514076941942,13.1609361320188,7.862212476310296,1.4359356260471134E-6-3.435041787323678E-11i,0.0071796781617210845-1.7175209011937992E-7i
95.11759598282265,9.170720608680298,13,1.4359356199981943E-6-3.4350417728534754E-11i,0.007179678161721086-1.7175209011937995E-7i
89.18497146366524,17.3464755787755,9.359351730213852,1.4359356261919025E-6-3.4350417876700476E-11i,0.007179678161721084-1.7175209011937992E-7i
86.84678106454315,18.474096658731746,5.760859828802623,1.4359356314134188E-6-3.4350418001609485E-11i,0.007179678161721086-1.7175209011937992E-7i
87.78607872933614,14.65531966964386,7.999999999999991,1.4359356275439898E-6-3.4350417909045086E-11i,0.007179678161721084-1.7175209011937992E-7i
86.39044410294909,19.697754287968532,7.999999999999974,1.4359356298632954E-6-3.43504179645275E-11i,0.0071796781617210845-1.7175209011937992E-7i
86.44258638233491,17.28823465151906,7.926583245936713,1.4359356323207347E-6-3.435041802331428E-11i,0.007179678161721086-1.7175209011937992E-7i
84.83286019767556,17.37607115463658,5.499999999999972,1.4359356330314631E-6-3.435041804031627E-11i,0.007179678161721084-1.7175209011937995E-7i
87.91587354452082,26.81218333243021,13,1.4359356229045873E-6-3.435041779806145E-11i,0.007179678161721083-1.7175209011937997E-7i
84.8147192271415,21.99374061269701,8.27268371567605,1.4359356252202148E-6-3.435041785345584E-11i,0.007179678161721082-1.7175209011937997E-7i
88.39415926949454,20.24327383007855,13,1.4359356197602074E-6-3.435041772284166E-11i,0.007179678161721085-1.7175209011937992E-7i
82.50256588475702,25.131948990341908,8.24009334467337,1.435935622779635E-6-3.43504177950723E-11i,0.007179678161721084-1.7175209011937992E-7i
81.29218658234232,27.853576247946652,7.99999999999999,1.4359356241060595E-6-3.4350417826802996E-11i,0.007179678161721082-1.7175209011937997E-7i
79.68538010748254,43.07848710763585,7.6320968276123775,1.4359356264897339E-6-3.435041788382521E-11i,0.007179678161721082-1.7175209011938003E-7i
78.4278760644799,39.61628760722283,7.978759911682163,1.4359356249636248E-6-3.4350417847317676E-11i,0.007179678161721084-1.7175209011937995E-7i
76.39828404454214,44.38892336014209,7.530844160237478,1.435935624505835E-6-3.435041783636641E-11i,0.007179678161721084-1.7175209011937992E-7i
81.79859126036865,43.411336296372234,13,1.4359356234993836E-6-3.435041781229011E-11i,0.007179678161721086-1.7175209011937992E-7i
77.60833215018616,34.762072134825466,8.000000000000028,1.4359356242529864E-6-3.4350417830317784E-11i,0.007179678161721082-1.7175209011938E-7i
79.98444927613131,31.04669485930261,7.7569695983369735,1.4359356259461786E-6-3.4350417870822324E-11i,0.007179678161721083-1.7175209011937997E-7i
79.45195337191191,29.08075986587435,5.622134094159906,1.4359356342425961E-6-3.4350418069289015E-11i,0.007179678161721086-1.7175209011937995E-7i
81.80553597660793,36.93831891861258,13,1.43593562141014E-6-3.435041776231131E-11i,0.007179678161721085-1.7175209011937992E-7i
80.65680540386624,33.80989301817994,8.129200904825097,1.4359356222963624E-6-3.4350417783511445E-11i,0.0071796781617210845-1.7175209011937992E-7i
82.14353762744256,30.422951293632394,13,1.435935621494779E-6-3.4350417764336055E-11i,0.007179678161721086-1.7175209011937992E-7i
75.29310674839313,37.1685929919923,8.000000000000002,1.4359356246667025E-6-3.43504178402147E-11i,0.007179678161721084-1.7175209011937995E-7i
75.12901965596006,39.583545309498284,6.175524840137131,1.435935629924796E-6-3.4350417965998727E-11i,0.0071796781617210845-1.7175209011937992E-7i
76.00910890522859,40.924663051876,7.6166095399276665,1.4359356257207986E-6-3.4350417865430754E-11i,0.007179678161721086-1.7175209011937992E-7i
73.63593470943914,50.3489177266854,8,1.435935629192106E-6-3.4350417948471306E-11i,0.007179678161721083-1.7175209011937997E-7i
75.42865922414047,53.42529641056802,13,1.435935623610362E-6-3.435041781494495E-11i,0.0071796781617210845-1.7175209011937992E-7i
70.86787101640766,52.0776732423953,7.999999999999978,1.4359356263561642E-6-3.4350417880629965E-11i,0.007179678161721084-1.7175209011937992E-7i
68.4401061693259,50.523105668612246,5.499999999999999,1.4359356337807707E-6-3.43504180582412E-11i,0.007179678161721084-1.7175209011937992E-7i
69.81110787430437,48.492763369950055,4.87500000000001,1.4359356402255596E-6-3.435041821241328E-11i,0.007179678161721084-1.7175209011937995E-7i
70.79913028484965,48.985526739899534,6.749999999999987,1.4359356324993096E-6-3.435041802758617E-11i,0.007179678161721084-1.7175209011937995E-7i
71.44355058528274,47.62912881613497,5.499999999999987,1.4359356358533157E-6-3.435041810782059E-11i,0.007179678161721085-1.7175209011937992E-7i
73.06302950315052,46.84968428514765,8.000000000000007,1.4359356257990456E-6-3.4350417867302586E-11i,0.007179678161721084-1.7175209011937995E-7i
70.77425896446826,45.309029236468135,7.129144398510657,1.4359356227869666E-6-3.4350417795247704E-11i,0.007179678161721083-1.7175209011937997E-7i
73.2445697968703,43.06027243132028,7.811453470172921,1.4359356217293007E-6-3.435041776994628E-11i,0.007179678161721082-1.7175209011937997E-7i
75.57092273497261,46.69936857029591,13,1.4359356228994854E-6-3.435041779793936E-11i,0.007179678161721085-1.7175209011937992E-7i
67.1927456417798,53.59448008616586,7.999999999999974,1.4359356247693583E-6-3.435041784267037E-11i,0.007179678161721083-1.7175209011937997E-7i
69.43527513352706,56.901580265635275,13,1.4359356227959644E-6-3.4350417795462945E-11i,0.007179678161721085-1.7175209011937992E-7i
66.21020596446556,56.49632252752426,7.999999999999988,1.4359356266257104E-6-3.4350417887078E-11i,0.007179678161721086-1.7175209011937992E-7i
6.5563782769887355,92.18869218124459,7.999999999999978,1.43593562503698E-6-3.4350417849072437E-11i,0.007179678161721083-1.7175209011937997E-7i
9.360423588675372,91.25379485285326,6.916758499634935,1.4359356259233924E-6-3.435041787027719E-11i,0.007179678161721082-1.7175209011937997E-7i
3.7351630179278237,93.9079429277577,9.84181044583888,1.435935620948094E-6-3.4350417751258226E-11i,0.007179678161721084-1.7175209011937992E-7i
6.965625904715657,95.69919385730589,10.271147669290539,1.4359356226432037E-6-3.435041779180864E-11i,0.007179678161721085-1.7175209011937992E-7i
6.074228514815459,100,13,1.4359356226188915E-6-3.4350417791227024E-11i,0.007179678161721084-1.7175209011937995E-7i
4.19213689736128,95.94375079207552,13,1.4359356199655926E-6-3.435041772775491E-11i,0.0071796781617210845-1.7175209011938E-7i
14.273519009597816,91.34633446542486,5.494869726476979,1.4359356307773212E-6-3.435041798639278E-11i,0.007179678161721085-1.7175209011937992E-7i
15.917085027360399,90.58737367230621,7.979478905907974,1.4359356262262278E-6-3.435041787752164E-11i,0.007179678161721082-1.7175209011937997E-7i
12.394781017921822,90.58639493463437,8.200234036683428,1.4359356249775136E-6-3.435041784764989E-11i,0.007179678161721084-1.7175209011937995E-7i
16.18050153585969,94.2340803634485,13,1.4359356232557468E-6-3.435041780646184E-11i,0.007179678161721085-1.7175209011937992E-7i
9.258649162943357,95.30404162398949,13,1.4359356225502666E-6-3.435041778958538E-11i,0.007179678161721086-1.7175209011937992E-7i
17.853982150695884,87.5683019742092,8.000000000000014,1.435935626960215E-6-3.435041789508002E-11i,0.007179678161721085-1.7175209011937992E-7i
19.221226631102073,85.97667154596101,7.047674028063938,1.435935626383672E-6-3.4350417881287994E-11i,0.007179678161721082-1.7175209011938E-7i
36.96791361598263,78.9460487544079,5.461400677344277,1.4359356334890703E-6-3.435041805126318E-11i,0.007179678161721083-1.7175209011937997E-7i
35.78220467630518,81.98199718009016,4.874999999999975,1.4359356406427784E-6-3.4350418222393936E-11i,0.007179678161721084-1.7175209011937995E-7i
34.93813645087007,79.7607567841081,4.24999999999999,1.4359356470886578E-6-3.435041837659216E-11i,0.007179678161721084-1.7175209011937992E-7i
33.574444112322,83.36971850710695,5.500000000000015,1.4359356334341845E-6-3.435041804995015E-11i,0.007179678161721082-1.7175209011937997E-7i
39.86916957514131,88.07122112002705,13,1.4359356212435752E-6-3.4350417758326704E-11i,0.007179678161721083-1.7175209011937997E-7i
36.252545803481084,83.99493242026462,8.000000000000002,1.435935623859939E-6-3.4350417820915286E-11i,0.007179678161721082-1.7175209011937997E-7i
41.12135049463877,83.13944179528548,7.999999999999969,1.4359356260597952E-6-3.435041787354023E-11i,0.0071796781617210845-1.7175209011937992E-7i
38.513512963489696,81.87301761262911,7.1864878663718175,1.4359356279244632E-6-3.4350417918146755E-11i,0.007179678161721085-1.7175209011937992E-7i
39.64015623654753,84.46263573719271,8.351174612191867,1.435935625564881E-6-3.4350417861700887E-11i,0.007179678161721085-1.7175209011937992E-7i
35.56440935261089,81.28450243586911,6.749999999999998,1.4359356292855361E-6-3.435041795070626E-11i,0.007179678161721084-1.7175209011937995E-7i
33.72472205616104,81.40080758361341,4.249999999999983,1.4359356448025838E-6-3.435041832190472E-11i,0.007179678161721085-1.7175209011937992E-7i
32.022615322903484,81.67017403435706,5.500000000000012,1.4359356322279967E-6-3.435041802109573E-11i,0.0071796781617210845-1.7175209011937992E-7i
34.92111830720085,78.47180060641674,5.635095325221988,1.4359356319851318E-6-3.435041801528597E-11i,0.007179678161721085-1.7175209011937992E-7i
36.760162137625315,79.67435639951623,7.360003696504636,1.4359356298773246E-6-3.43504179648631E-11i,0.007179678161721085-1.7175209011937992E-7i
33.449444112322084,80.12212324291532,5.500000000000003,1.4359356295152735E-6-3.435041795620205E-11i,0.007179678161721086-1.7175209011937992E-7i
30.683282479516603,87.03444425549112,7.636943681939566,1.4359356232156644E-6-3.435041780550296E-11i,0.007179678161721083-1.7175209011937997E-7i
32.82695348408061,84.3888035446307,7.966580001052758,1.4359356220982208E-6-3.4350417778771494E-11i,0.007179678161721084-1.7175209011937992E-7i
30.053809473988565,83.34087592577922,5.499999999999998,1.4359356321554667E-6-3.43504180193607E-11i,0.0071796781617210845-1.7175209011937992E-7i
28.849640483312108,84.02466767321377,7.535726763198924,1.4359356251345442E-6-3.4350417851406327E-11i,0.007179678161721084-1.7175209011937992E-7i
27.217316384226798,83.05589928435738,5.499999999999992,1.4359356334504016E-6-3.4350418050338094E-11i,0.007179678161721085-1.7175209011937992E-7i
33.385241671897035,88.13229294031915,13,1.4359356217101957E-6-3.435041776948917E-11i,0.007179678161721086-1.7175209011937992E-7i
19.692424850490156,88.82100588404126,13,1.4359356228082352E-6-3.43504177957565E-11i,0.007179678161721084-1.7175209011937995E-7i
15.014842590540377,87.3087867119809,8.20613176481472,1.4359356250260616E-6-3.435041784881124E-11i,0.0071796781617210845-1.7175209011937992E-7i
23.039482059883234,85.35960389897585,7.999999999999988,1.4359356241694582E-6-3.43504178283196E-11i,0.007179678161721082-1.7175209011937997E-7i
26.590731637771242,88.30151793571132,13,1.4359356238914861E-6-3.435041782166992E-11i,0.007179678161721084-1.7175209011937992E-7i
25.302915865596837,82.9200385242151,7.999999999999996,1.4359356260678346E-6-3.435041787373251E-11i,0.007179678161721085-1.7175209011937992E-7i
25.097596140602725,82.14477813183588,5.499999999999993,1.435935632808646E-6-3.4350418034986107E-11i,0.0071796781617210845-1.7175209011937992E-7i
20.306341387921783,84.07426277652056,7.999999999999986,1.4359356275356745E-6-3.435041790884615E-11i,0.007179678161721086-1.7175209011937992E-7i
44.97781459010928,78.09307769346164,7.999999999999981,1.435935627550348E-6-3.435041790919721E-11i,0.007179678161721083-1.7175209011937997E-7i
41.52363025629058,79.37783888718276,7.999999999999965,1.4359356247740292E-6-3.4350417842782155E-11i,0.007179678161721084-1.7175209011937995E-7i
42.64004111095207,75.43600849537069,7.687441937651253,1.4359356260545963E-6-3.4350417873415845E-11i,0.007179678161721084-1.7175209011937995E-7i
43.242700989277374,81.86734085869101,13,1.4359356227567906E-6-3.435041779452585E-11i,0.007179678161721085-1.7175209011937992E-7i
39.07403190547545,77.52867301086091,7.999999999999988,1.4359356293949931E-6-3.435041795332472E-11i,0.0071796781617210845-1.7175209011937992E-7i
53.53315544043943,75.84351736234439,13,1.4359356222610665E-6-3.435041778266712E-11i,0.007179678161721084-1.7175209011937992E-7i
53.39283729954386,72.25723469557317,8.044225700634492,1.4359356240589056E-6-3.4350417825674987E-11i,0.007179678161721084-1.7175209011937995E-7i
52.70966635561955,70.49196197242554,5.499999999999977,1.4359356332423572E-6-3.4350418045361284E-11i,0.007179678161721085-1.7175209011937992E-7i
48.11776804796963,75.08386803921432,8.59374999999998,1.4359356274263494E-6-3.4350417906230914E-11i,0.007179678161721084-1.7175209011937995E-7i
49.94224885843041,73.36382145880455,7.874606130578677,1.435935624245531E-6-3.435041783013943E-11i,0.007179678161721084-1.7175209011937992E-7i
51.31427562163661,71.94407507445948,6.7499999999999805,1.4359356283851348E-6-3.4350417929166894E-11i,0.007179678161721085-1.7175209011937992E-7i
51.68365037987938,69.959315103024,7.999999999999988,1.4359356231417571E-6-3.4350417803735E-11i,0.007179678161721084-1.7175209011937995E-7i
47.78920001911228,70.82234247238198,7.792245862465356,1.4359356243813433E-6-3.435041783338834E-11i,0.007179678161721082-1.7175209011938E-7i
44.3883329757644,73.24337275249482,8.041675524376403,1.4359356253609464E-6-3.435041785682239E-11i,0.007179678161721084-1.7175209011937992E-7i
46.72820087244774,75.70087630236176,13,1.4359356230101248E-6-3.435041780058609E-11i,0.007179678161721086-1.7175209011937992E-7i
0,93.92581974889237,12.999999999999998,1.435935613991304E-6-3.435041758483807E-11i,0.007179678161721084-1.7175209011937995E-7i
91.85303175536164,0,8.697338671676563,1.4359356234407795E-6-3.435041781088826E-11i,0.007179678161721085-1.7175209011937997E-7i
93.92577148518508,0,13,1.4359356203670934E-6-3.4350417737359614E-11i,0.007179678161721084-1.7175209011937995E-7i
8.818584710374724,88.80805769317024,8.2905469853511,1.4359356240958997E-6-3.435041782655998E-11i,0.007179678161721083-1.7175209011937997E-7i
10.506452083977699,89.21664365154001,6.208379249817475,1.4359356318822615E-6-3.435041801282506E-11i,0.0071796781617210845-1.7175209011937992E-7i
7.9614315309883965,89.57087282703732,6.208379249817485,1.4359356301932234E-6-3.4350417972420026E-11i,0.0071796781617210845-1.7175209011937992E-7i
5.906931479536472,88.61791161734443,7.69200214472905,1.4359356234344504E-6-3.4350417810736855E-11i,0.007179678161721085-1.7175209011937992E-7i
0,91.00758834274157,8.892934245939703,1.4359356208049485E-6-3.435041774783391E-11i,0.007179678161721086-1.7175209011937995E-7i
3.40888644078391,92.24482964182361,6.417998846216923,1.4359356281548973E-6-3.435041792365922E-11i,0.007179678161721082-1.7175209011938003E-7i
6.628759314581935,91.01394322555281,5.5000000000000036,1.4359356324583735E-6-3.4350418026606896E-11i,0.0071796781617210845-1.7175209011937992E-7i
4.550359683486656,89.8750085721918,5.611616780742461,1.435935630477404E-6-3.435041797921821E-11i,0.0071796781617210845-1.7175209011937992E-7i
9.420482374621445,94.34602531065903,5.833516999269861,1.435935627092169E-6-3.435041789823664E-11i,0.007179678161721084-1.7175209011937992E-7i
5.8047394215129735,93.50950150526971,5.499999999999975,1.4359356315910863E-6-3.435041800585964E-11i,0.007179678161721085-1.7175209011937992E-7i
7.071269719348252,94.727598688214,4.8483207226541944,1.435935645582485E-6-3.4350418340561547E-11i,0.007179678161721086-1.7175209011937992E-7i
7.767116930620085,92.8661807349421,5.2291896249087095,1.4359356342829916E-6-3.435041807025533E-11i,0.0071796781617210845-1.7175209011937992E-7i
7.9734523380561715,91.65200933948745,4.114594812454372,1.4359356497685241E-6-3.435041844069986E-11i,0.0071796781617210845-1.7175209011937992E-7i
0,95.14559120298075,4.898501361152775,1.4359356429865691E-6-3.43504182784621E-11i,0.007179678161721086-1.7175209011937992E-7i
5.255803429374946,95.17454758120653,5.008387391222456,1.435935641211106E-6-3.435041823598954E-11i,0.007179678161721084-1.7175209011937992E-7i
3.44033713940164,95.62149647419902,5.168454059790717,1.4359356377786963E-6-3.435041815387951E-11i,0.007179678161721083-1.7175209011937997E-7i
2.034176065406424,94.03077733012732,5.065760450290896,1.4359356378955216E-6-3.435041815667422E-11i,0.007179678161721085-1.7175209011937992E-7i
5.930893865605815,91.90247487475993,4.2500000000000036,1.435935647349023E-6-3.435041838282064E-11i,0.007179678161721083-1.7175209011937997E-7i
4.263433403683226,93.32644648384974,4.252714724500408,1.4359356465927503E-6-3.4350418364729076E-11i,0.0071796781617210845-1.7175209011937992E-7i
0,93.23287740033766,4.325266840672789,1.4359356413702196E-6-3.435041823979584E-11i,0.007179678161721084-1.7175209011937997E-7i
2.7063476353369484,92.93528705827691,4.032880225145443,1.4359356529288163E-6-3.4350418516300313E-11i,0.007179678161721086-1.7175209011937995E-7i
0,91.55557794563529,5.367241783355601,1.4359356336046598E-6-3.435041805402828E-11i,0.007179678161721085-1.7175209011937992E-7i
2.4719600523913763,88.73607391883081,5.723233561484919,1.435935631338706E-6-3.435041799982219E-11i,0.007179678161721083-1.7175209011937997E-7i
9.290815591711679,89.16036414691496,4.604189624908747,1.4359356432452227E-6-3.4350418284649604E-11i,0.007179678161721084-1.7175209011937992E-7i
9.729494439727196,92.22285996461451,4.958379249817443,1.4359356397175503E-6-3.435041820026068E-11i,0.007179678161721085-1.7175209011937992E-7i
9.21748496274389,90.42892619801889,3.8020948124543525,1.4359356509416309E-6-3.435041846876288E-11i,0.007179678161721085-1.7175209011937992E-7i
12.088495505515453,91.72910911361882,5.499999999999986,1.435935630632281E-6-3.435041798292316E-11i,0.007179678161721082-1.7175209011937997E-7i
10.77932769980173,90.35481074518324,4.604189624908753,1.4359356422051374E-6-3.4350418259768664E-11i,0.0071796781617210845-1.7175209011937992E-7i
10.710241187310723,93.70891104019172,4.416758499634928,1.4359356473725184E-6-3.435041838338271E-11i,0.007179678161721084-1.7175209011937992E-7i
15.490093952012478,94.20514647384829,5.479478905907944,1.4359356331499908E-6-3.4350418043151723E-11i,0.007179678161721082-1.7175209011937997E-7i
17.51760966798868,93.35074436910969,5.489739452953967,1.4359356322431772E-6-3.435041802145893E-11i,0.007179678161721083-1.7175209011937997E-7i
21.5450947868961,90.58685043264771,5.3543374131596755,1.4359356352868313E-6-3.435041809426913E-11i,0.007179678161721082-1.7175209011937997E-7i
21.004210668702427,92.97348702998478,4.249999999999986,1.4359356446430719E-6-3.435041831808891E-11i,0.0071796781617210845-1.7175209011937992E-7i
19.272562691982447,93.65009492083222,4.249999999999973,1.435935647766745E-6-3.43504183928133E-11i,0.007179678161721084-1.7175209011937992E-7i
15.136759504798862,92.20906561757465,4.247434863238484,1.4359356458384488E-6-3.435041834668472E-11i,0.0071796781617210845-1.7175209011937992E-7i
13.044247752757741,92.40045294167167,4.250000000000008,1.43593564777839E-6-3.435041839309193E-11i,0.007179678161721085-1.7175209011937992E-7i
16.458542513680186,90.9635598172309,5.4897394529539705,1.4359356336288992E-6-3.4350418054608194E-11i,0.007179678161721084-1.7175209011937995E-7i
17.72927125684014,91.15165288969324,4.244869726476981,1.4359356512261092E-6-3.4350418475568144E-11i,0.007179678161721084-1.7175209011937995E-7i
20.268668496197712,90.7866793874826,4.2499999999999964,1.4359356484332218E-6-3.435041840875682E-11i,0.0071796781617210845-1.7175209011937992E-7i
18.59707457278759,89.29766125774631,5.343065079850012,1.4359356247505834E-6-3.435041784222121E-11i,0.007179678161721082-1.7175209011938E-7i
16.408776950829218,88.96065190408818,5.0103754974464145,1.43593563691377E-6-3.435041813318873E-11i,0.0071796781617210845-1.7175209011937992E-7i
21.26866849619765,89.05462857991377,4.249999999999989,1.4359356497890232E-6-3.435041844119022E-11i,0.007179678161721086-1.7175209011937992E-7i
21.032570544501933,84.92593977082764,5.499999999999983,1.4359356348761874E-6-3.4350418084445775E-11i,0.007179678161721086-1.7175209011937995E-7i
23.436625488121905,87.67848659047972,5.265625,1.4359356374818543E-6-3.435041814677845E-11i,0.007179678161721086-1.7175209011937995E-7i
21.284953768448634,87.57977629181863,5.499999999999992,1.4359356325793434E-6-3.435041802950069E-11i,0.007179678161721082-1.7175209011938E-7i
19.221638173799523,87.06138260976815,4.875000000000005,1.4359356375279506E-6-3.435041814788118E-11i,0.007179678161721085-1.7175209011937992E-7i
17.68929721846872,88.71873769139667,4.249999999999992,1.4359356473515207E-6-3.435041838288038E-11i,0.007179678161721086-1.7175209011937992E-7i
13.617855336720478,89.30758054581388,5.472376422597714,1.4359356360263681E-6-3.435041811196036E-11i,0.007179678161721083-1.7175209011937997E-7i
14.743226339024483,89.54664626836725,4.198416958866707,1.4359356490990405E-6-3.435041842468446E-11i,0.0071796781617210845-1.7175209011937992E-7i
13.284209226657344,90.2367213965384,4.250000000000018,1.4359356461080075E-6-3.435041835313304E-11i,0.0071796781617210845-1.7175209011937992E-7i
11.652480579280025,87.17949245022676,5.500000000000015,1.4359356369642574E-6-3.435041813439649E-11i,0.007179678161721084-1.7175209011937995E-7i
11.834704745348182,88.4539429435299,4.250000000000026,1.4359356488436666E-6-3.435041841857543E-11i,0.0071796781617210845-1.7175209011937992E-7i
23.355088275623455,85.72259119563236,5.232572115384617,1.4359356375388903E-6-3.4350418148142864E-11i,0.0071796781617210845-1.7175209011937992E-7i
25.048798070301366,83.27816043185798,4.250000000000007,1.435935646876518E-6-3.435041837151735E-11i,0.007179678161721085-1.7175209011937992E-7i
24.259870514970817,85.08157072554627,4.250000000000014,1.4359356459489426E-6-3.4350418349327936E-11i,0.007179678161721086-1.7175209011937995E-7i
23.04319904153443,83.63819791270092,5.5000000000000036,1.4359356301049228E-6-3.435041797030764E-11i,0.007179678161721082-1.7175209011938E-7i
12.217619685641798,86.48729627517982,8.000000000000004,1.4359356268221913E-6-3.435041789177824E-11i,0.007179678161721084-1.7175209011937992E-7i
15.01198440728963,84.62593466385738,7.922717971687268,1.4359356247022008E-6-3.4350417841063855E-11i,0.007179678161721084-1.7175209011937992E-7i
17.45479397253092,86.10108715797263,5.500000000000006,1.4359356345361902E-6-3.43504180763123E-11i,0.007179678161721082-1.7175209011937997E-7i
18.240226500825777,85.29668140032602,4.249999999999993,1.4359356492158023E-6-3.435041842747765E-11i,0.0071796781617210845-1.7175209011937992E-7i
15.511606212922795,87.6173919944469,5.500000000000005,1.4359356381013473E-6-3.435041816159792E-11i,0.0071796781617210845-1.7175209011937992E-7i
13.668419606328229,87.31127477025898,4.191316115122046,1.4359356502990723E-6-3.435041845339159E-11i,0.007179678161721085-1.7175209011937992E-7i
14.39967287341603,85.3249299427637,5.499999999999973,1.4359356334248447E-6-3.4350418049726775E-11i,0.007179678161721084-1.7175209011937995E-7i
16.112026091087877,84.19677991943,4.973265621325247,1.4359356398829703E-6-3.4350418204217877E-11i,0.0071796781617210845-1.7175209011937992E-7i
20.030173036354636,83.06868750124326,5.499999999999997,1.435935635958087E-6-3.4350418110326887E-11i,0.007179678161721084-1.7175209011937992E-7i
18.354090732239726,83.68750493645683,5.45731807694487,1.4359356338744326E-6-3.435041806048178E-11i,0.0071796781617210845-1.7175209011937992E-7i
17.6928695516356,82.58262284711452,7.445135000283348,1.435935626093009E-6-3.435041787433481E-11i,0.007179678161721084-1.7175209011937995E-7i
20.824352372226627,82.24440512355461,7.742405241301217,1.4359356295448112E-6-3.435041795690867E-11i,0.007179678161721085-1.7175209011937992E-7i
22.566657053127226,81.52479710618941,5.5,1.4359356343703562E-6-3.435041807234522E-11i,0.007179678161721084-1.7175209011937995E-7i
20.02911478681128,84.70910770675354,4.249999999999981,1.435935647317355E-6-3.435041838206306E-11i,0.007179678161721084-1.7175209011937992E-7i
21.539207976971092,83.83772191435031,4.24999999999999,1.4359356525246728E-6-3.4350418506632414E-11i,0.0071796781617210845-1.7175209011937992E-7i
19.157302057210153,83.19449957567231,4.250000000000015,1.435935647013602E-6-3.435041837479668E-11i,0.007179678161721086-1.7175209011937992E-7i
24.09814718329672,81.60587694356559,4.250000000000001,1.4359356456907625E-6-3.435041834315173E-11i,0.0071796781617210845-1.7175209011937992E-7i
24.543734348407067,79.75774023183972,5.500000000000011,1.4359356360216012E-6-3.4350418111846314E-11i,0.007179678161721085-1.7175209011937992E-7i
64.26712053753234,56.96914458408141,5.499999999999991,1.4359356268327665E-6-3.4350417892031235E-11i,0.007179678161721085-1.7175209011937992E-7i
63.51762026715191,55.111286929936405,7.999999999999972,1.4359356273253064E-6-3.435041790381379E-11i,0.007179678161721084-1.7175209011937992E-7i
66.30486128156537,62.57102836373449,4.2500000000000275,1.4359356426884745E-6-3.435041827133108E-11i,0.0071796781617210845-1.7175209011937992E-7i
60.688026078232575,64.07087559830539,6.7499999999999964,1.4359356245225085E-6-3.4350417836765295E-11i,0.007179678161721086-1.7175209011937992E-7i
62.343688085944024,63.810926161293445,5.499999999999993,1.4359356317585335E-6-3.4350418009865355E-11i,0.007179678161721084-1.7175209011937992E-7i
63.444737809764646,63.74925100745592,4.249999999999973,1.4359356493520425E-6-3.435041843073683E-11i,0.007179678161721085-1.7175209011937992E-7i
63.08383438789351,65.49091964311269,4.249999999999998,1.435935649673055E-6-3.4350418438416095E-11i,0.007179678161721084-1.7175209011937992E-7i
61.405957626916056,65.88014419091262,5.499999999999991,1.43593563014458E-6-3.4350417971256396E-11i,0.007179678161721084-1.7175209011937992E-7i
62.11722673840885,67.41959175612313,4.250000000000018,1.4359356487861296E-6-3.4350418417199094E-11i,0.0071796781617210845-1.7175209011937992E-7i
61.12151033651873,69.35180800382696,4.249999999999989,1.4359356459527131E-6-3.435041834941813E-11i,0.007179678161721083-1.7175209011937997E-7i
58.32742814695427,67.79335046007569,5.570649325247651,1.4359356331533325E-6-3.435041804323165E-11i,0.0071796781617210845-1.7175209011937992E-7i
60.225282729874316,66.66824247876063,4.249999999999993,1.4359356494484558E-6-3.435041843304322E-11i,0.0071796781617210845-1.7175209011937992E-7i
58.87955283209496,65.40547928383369,5.499999999999995,1.4359356262809663E-6-3.4350417878831073E-11i,0.007179678161721084-1.7175209011937995E-7i
58.79388479276861,69.41733245688957,4.5625000000000195,1.4359356449145076E-6-3.4350418324582194E-11i,0.0071796781617210845-1.7175209011937992E-7i
64.6162732717022,61.62658961934274,5.4999999999999725,1.4359356297065668E-6-3.435041796077818E-11i,0.007179678161721082-1.7175209011938003E-7i
62.03936644101885,60.920194053463526,5.5000000000000036,1.435935636049105E-6-3.435041811250423E-11i,0.0071796781617210845-1.7175209011937992E-7i
62.3433855580468,60.087125872419136,7.569454997602626,1.4359356285615449E-6-3.4350417933386976E-11i,0.007179678161721084-1.7175209011937995E-7i
66.21134822824699,61.1515793236712,4.250000000000024,1.4359356438625604E-6-3.435041829941755E-11i,0.007179678161721085-1.7175209011937992E-7i
66.02243003775236,59.18426576225072,4.249999999999998,1.4359356498409097E-6-3.4350418442431495E-11i,0.0071796781617210845-1.7175209011937992E-7i
63.96885469835448,57.98752529017979,4.2500000000000115,1.4359356470769431E-6-3.4350418376311905E-11i,0.007179678161721084-1.7175209011937995E-7i
62.90955536025051,58.42276990247403,5.499999999999988,1.4359356308948723E-6-3.4350417989204813E-11i,0.007179678161721084-1.7175209011937992E-7i
63.30505698578919,59.69352603222346,4.2499999999999725,1.4359356468111097E-6-3.4350418369952695E-11i,0.007179678161721084-1.7175209011937992E-7i
57.988288741870356,64.1779591237994,4.250000000000005,1.4359356474927679E-6-3.435041838625931E-11i,0.007179678161721086-1.7175209011937992E-7i
57.712871079605414,63.18709870902138,5.289870790916964,1.43593563595448E-6-3.435041811024062E-11i,0.007179678161721082-1.7175209011938003E-7i
60.76849221749958,63.92923933670002,4.875000000000011,1.4359356414715897E-6-3.4350418242220855E-11i,0.007179678161721082-1.7175209011937997E-7i
62.927861099910814,61.943195016574336,4.25000000000002,1.4359356502916117E-6-3.4350418453213193E-11i,0.0071796781617210845-1.7175209011937992E-7i
60.81699648244427,56.22813173829874,7.999999999999996,1.4359356224112279E-6-3.4350417786259236E-11i,0.007179678161721084-1.7175209011937995E-7i
63.78155570926478,59.14240133912126,13,1.4359356222118024E-6-3.4350417781488595E-11i,0.007179678161721085-1.7175209011937992E-7i
58.78467388554827,62.26882278386222,7.676059972354678,1.435935625409908E-6-3.435041785799367E-11i,0.007179678161721084-1.7175209011937995E-7i
59.864316961807525,59.49611973052495,8.169994054450505,1.4359356251001877E-6-3.435041785058452E-11i,0.007179678161721085-1.7175209011937992E-7i
54.49417626340314,68.42456557807687,7.925245098039193,1.435935624250075E-6-3.435041783024816E-11i,0.007179678161721082-1.7175209011937997E-7i
60.722472284396694,64.20236044357003,13,1.4359356223419734E-6-3.435041778460257E-11i,0.007179678161721084-1.7175209011937995E-7i
57.14417540451105,69.95751321179537,13,1.4359356219350223E-6-3.435041777486758E-11i,0.007179678161721084-1.7175209011937992E-7i
56.81483341448028,65.88036192076356,7.886186084171254,1.4359356226255566E-6-3.4350417791386515E-11i,0.007179678161721084-1.7175209011937995E-7i
55.53208376109607,63.02601603056837,8.07315371569924,1.4359356203715827E-6-3.435041773746695E-11i,0.0071796781617210845-1.7175209011937992E-7i
55.91528703034101,67.81161847691752,5.428481157214514,1.4359356342915396E-6-3.43504180704598E-11i,0.007179678161721084-1.7175209011937992E-7i
57.018021925561754,68.31536987942397,4.250000000000011,1.4359356490647687E-6-3.435041842386463E-11i,0.0071796781617210845-1.7175209011937992E-7i
56.80274406082654,65.89344100857825,4.6873050187928715,1.4359356406387196E-6-3.435041822229687E-11i,0.007179678161721084-1.7175209011937992E-7i
55.201550495687194,65.24348726289436,5.499999999999991,1.4359356347375287E-6-3.435041808112872E-11i,0.007179678161721084-1.7175209011937995E-7i
55.018021925563225,68.31536987942641,4.250000000000009,1.4359356520071562E-6-3.435041849425235E-11i,0.007179678161721086-1.7175209011937992E-7i
53.423419563816644,68.72012336405851,5.499999999999982,1.4359356357871118E-6-3.435041810623688E-11i,0.0071796781617210845-1.7175209011937992E-7i
51.473984024261746,67.42441319057386,5.499999999999994,1.4359356302015724E-6-3.4350417972619706E-11i,0.007179678161721084-1.7175209011937992E-7i
54.18642755168643,70.28548490443612,4.249999999999973,1.4359356479219294E-6-3.435041839652568E-11i,0.0071796781617210845-1.7175209011937992E-7i
52.79647760786369,73.13315391676949,5.499999999999974,1.4359356323964245E-6-3.435041802512489E-11i,0.0071796781617210845-1.7175209011937992E-7i
53.354833177810114,71.38957452566207,4.250000000000008,1.4359356459250613E-6-3.435041834875661E-11i,0.007179678161721085-1.7175209011937992E-7i
53.63753040697609,73.1712806348709,4.107074333639699,1.4359356490817056E-6-3.43504184242698E-11i,0.007179678161721086-1.7175209011937995E-7i
50.44164443005462,76.62884268135873,4.24999999999998,1.4359356431448944E-6-3.435041828224957E-11i,0.007179678161721085-1.7175209011937992E-7i
51.941644430054936,74.03076647000533,4.2499999999999964,1.435935648416548E-6-3.435041840835791E-11i,0.007179678161721085-1.7175209011937992E-7i
51.354833177808956,69.65752371809273,4.250000000000002,1.4359356483202407E-6-3.4350418406054004E-11i,0.0071796781617210845-1.7175209011937992E-7i
50.44164443005447,74.89679187378981,4.249999999999984,1.4359356462640759E-6-3.4350418356866537E-11i,0.007179678161721085-1.7175209011937992E-7i
48.711560967269975,75.7401713964356,4.249999999999983,1.435935648688254E-6-3.4350418414857727E-11i,0.007179678161721086-1.7175209011937995E-7i
50.44164443005429,73.16474106622088,4.249999999999989,1.4359356483641638E-6-3.4350418407104776E-11i,0.007179678161721085-1.7175209011937992E-7i
51.157137810818014,71.24960567289399,4.874999999999965,1.4359356409558106E-6-3.435041822988237E-11i,0.007179678161721084-1.7175209011937992E-7i
53.33776725997447,66.33395022673412,5.499999999999993,1.435935634440146E-6-3.435041807401478E-11i,0.007179678161721084-1.7175209011937992E-7i
56.086623761187454,64.48304322339385,4.249999999999976,1.4359356479993127E-6-3.4350418398376825E-11i,0.007179678161721086-1.7175209011937995E-7i
50.73699201213006,68.12374932716689,4.250000000000011,1.435935649355062E-6-3.435041843080902E-11i,0.007179678161721085-1.7175209011937992E-7i
50.87536958741522,66.06895374176354,4.635416666666668,1.4359356373443012E-6-3.435041814348791E-11i,0.007179678161721084-1.7175209011937995E-7i
49.05331645586677,67.81923150207957,5.812500000000007,1.435935629279236E-6-3.435041795055568E-11i,0.0071796781617210845-1.7175209011937992E-7i
49.07103688419046,65.72943360988079,6.125000000000003,1.4359356307481797E-6-3.43504179856956E-11i,0.007179678161721085-1.7175209011937992E-7i
44.0965192358784,74.86282305208167,4.2499999999999645,1.4359356434621277E-6-3.435041828983842E-11i,0.007179678161721085-1.7175209011937992E-7i
42.2659856507132,73.00997116347114,5.499999999999977,1.4359356315732305E-6-3.4350418005432436E-11i,0.007179678161721083-1.7175209011937997E-7i
41.53197130142687,72.00070444047545,7.999999999999988,1.435935624138948E-6-3.435041782758979E-11i,0.0071796781617210845-1.7175209011937992E-7i
41.981477504485696,74.85150011151235,4.249999999999966,1.4359356458906125E-6-3.435041834793257E-11i,0.0071796781617210845-1.7175209011937992E-7i
43.62383615793906,73.25036581979445,4.249999999999983,1.4359356466887496E-6-3.435041836702557E-11i,0.0071796781617210845-1.7175209011937992E-7i
46.21156096727034,74.87414599265128,4.250000000000001,1.4359356471277363E-6-3.435041837752701E-11i,0.0071796781617210845-1.7175209011937992E-7i
44.86271404727014,73.35884209747549,5.499999999999971,1.4359356289602998E-6-3.435041794292606E-11i,0.007179678161721085-1.7175209011937992E-7i
46.86830450786777,73.05990812229695,5.443172762039065,1.435935634469801E-6-3.4350418074724206E-11i,0.007179678161721083-1.7175209011937997E-7i
48.71195633325771,74.18010357718828,4.592969714271107,1.4359356430492608E-6-3.43504182799618E-11i,0.007179678161721084-1.7175209011937992E-7i
49.346366919181,71.87835563926303,5.187499999999991,1.4359356380495537E-6-3.4350418160358925E-11i,0.007179678161721084-1.7175209011937992E-7i
49.03559602754308,69.90902939427839,5.500000000000011,1.4359356282702356E-6-3.435041792641836E-11i,0.007179678161721083-1.7175209011937997E-7i
46.302306159999425,69.25657928854753,5.500000000000026,1.435935632152032E-6-3.435041801927862E-11i,0.007179678161721086-1.7175209011937992E-7i
44.30230615999977,70.9886300961157,5.499999999999979,1.4359356279562706E-6-3.4350417918907664E-11i,0.007179678161721082-1.7175209011938003E-7i
44.298174527278455,69.29921214034405,7.326222602257328,1.4359356248864203E-6-3.435041784547079E-11i,0.007179678161721085-1.7175209011937992E-7i
43.23862087035959,71.67232326598763,3.9384746630254037,1.435935649203711E-6-3.43504184271884E-11i,0.007179678161721085-1.7175209011938E-7i
47.08601509469616,70.47086470316796,4.3769031977671995,1.4359356468575944E-6-3.435041837106473E-11i,0.007179678161721084-1.7175209011937995E-7i
45.468335318804726,71.32234245136833,4.074379342003537,1.43593564814132E-6-3.4350418401773946E-11i,0.007179678161721086-1.7175209011937992E-7i
25.771867174203464,80.35259067429104,4.24999999999998,1.4359356443586604E-6-3.4350418311285246E-11i,0.007179678161721084-1.7175209011937992E-7i
30.16222205616094,84.75665602327784,4.24999999999997,1.43593564829221E-6-3.435041840538345E-11i,0.0071796781617210845-1.7175209011937992E-7i
31.66222205616111,83.89063061949348,4.250000000000002,1.4359356470987102E-6-3.435041837683261E-11i,0.007179678161721086-1.7175209011937992E-7i
28.108658192113374,83.73372100811868,4.249999999999972,1.435935648881396E-6-3.4350418419477976E-11i,0.007179678161721084-1.7175209011937992E-7i
32.01130766145186,80.44278217176532,4.250000000000011,1.4359356461846583E-6-3.435041835496671E-11i,0.0071796781617210845-1.7175209011937992E-7i
31.022615322903388,79.93812322678804,5.49999999999999,1.4359356333124222E-6-3.435041804703735E-11i,0.007179678161721084-1.7175209011937995E-7i
40.257073151817266,72.50033456839407,5.499999999999992,1.4359356280476485E-6-3.4350417921093605E-11i,0.007179678161721083-1.7175209011937997E-7i
39.04860675206477,73.94125829160711,7.4764267546784255,1.4359356253199182E-6-3.4350417855840926E-11i,0.007179678161721085-1.7175209011937992E-7i
32.762866596822015,77.93539851031612,4.874999999999982,1.4359356400040249E-6-3.435041820711374E-11i,0.007179678161721084-1.7175209011937995E-7i
28.78317483565521,81.57998253688271,5.500000000000008,1.4359356346873206E-6-3.4350418079927676E-11i,0.007179678161721083-1.7175209011937997E-7i
30.526904736994435,82.14415852126072,4.249999999999984,1.435935648947547E-6-3.4350418421060476E-11i,0.0071796781617210845-1.7175209011937992E-7i
30.011307661451646,80.44278217176513,4.250000000000006,1.4359356482552862E-6-3.43504184045002E-11i,0.007179678161721085-1.7175209011937992E-7i
27.108658192113328,82.00167020054987,4.249999999999971,1.4359356480387727E-6-3.4350418399320806E-11i,0.007179678161721086-1.7175209011937992E-7i
42.68247532825706,68.95485953251364,5.87183927430329,1.4359356299766456E-6-3.4350417967239103E-11i,0.0071796781617210845-1.7175209011937992E-7i
34.003117870739516,76.79869919762832,4.24999999999998,1.4359356449331908E-6-3.435041832502916E-11i,0.007179678161721084-1.7175209011937992E-7i
33.17620168932515,76.15517912784742,5.537168781814479,1.435935634494162E-6-3.4350418075306955E-11i,0.0071796781617210845-1.7175209011937992E-7i
35.93813645086977,78.02870597653879,4.250000000000002,1.4359356455513197E-6-3.435041833981597E-11i,0.007179678161721085-1.7175209011937992E-7i
38.788058583379836,77.01687715228618,5.499999999999983,1.4359356335221317E-6-3.4350418052054074E-11i,0.007179678161721084-1.7175209011937992E-7i
38.39402929168987,78.11613373072952,4.249999999999979,1.4359356469931512E-6-3.435041837430748E-11i,0.007179678161721085-1.7175209011937992E-7i
36.56281959720032,76.66145588144214,5.040400516625292,1.4359356361131992E-6-3.4350418114037515E-11i,0.007179678161721084-1.7175209011937992E-7i
35.43352343512114,74.92894260245325,4.834055301764231,1.435935636647748E-6-3.435041812682497E-11i,0.007179678161721084-1.7175209011937992E-7i
38.19361095573975,74.63183716783963,5.337582236842098,1.4359356357481229E-6-3.435041810530422E-11i,0.007179678161721083-1.7175209011937997E-7i
39.769550607011354,74.40746756361919,4.250000000000012,1.4359356472166182E-6-3.4350418379653236E-11i,0.007179678161721085-1.7175209011937992E-7i
41.71683899422522,70.44497234806558,4.257797304203368,1.4359356462515622E-6-3.435041835656718E-11i,0.0071796781617210845-1.7175209011937992E-7i
43.26026608728796,69.40633611463032,4.116472702635545,1.4359356463083378E-6-3.43504183579254E-11i,0.007179678161721086-1.7175209011937995E-7i
41.284508146230436,68.71360732328766,4.249999999999987,1.4359356444608088E-6-3.435041831372884E-11i,0.007179678161721085-1.7175209011937992E-7i
40.4085884726884,70.29741357806604,5.4999999999999964,1.4359356306793121E-6-3.435041798404816E-11i,0.007179678161721082-1.7175209011937997E-7i
40.56901629246106,66.87207837524674,5.500000000000001,1.4359356324868989E-6-3.4350418027289236E-11i,0.007179678161721084-1.7175209011937992E-7i
39.628536575910275,71.52773541986059,4.250000000000012,1.4359356493922111E-6-3.4350418431697715E-11i,0.007179678161721086-1.7175209011937992E-7i
38.62408032646146,73.0049679298914,4.250000000000015,1.435935646274772E-6-3.435041835712243E-11i,0.007179678161721086-1.7175209011937995E-7i
30.42142414730689,78.02973467470119,4.249999999999983,1.4359356464735975E-6-3.4350418361878715E-11i,0.007179678161721085-1.7175209011937992E-7i
28.73131784170129,79.57704086184478,5.500000000000008,1.435935637172288E-6-3.4350418139373004E-11i,0.007179678161721085-1.7175209011937992E-7i
27.865658920850574,80.26224098929356,4.249999999999979,1.4359356494991478E-6-3.435041843425584E-11i,0.007179678161721086-1.7175209011937992E-7i
61.27136295689935,59.93883286453322,4.250000000000011,1.435935649966061E-6-3.435041844542532E-11i,0.007179678161721084-1.7175209011937992E-7i
58.50093869944187,60.14468030104251,5.644327794729739,1.4359356318871656E-6-3.4350418012942396E-11i,0.007179678161721084-1.7175209011937995E-7i
60.007971962381255,61.95856422622336,5.49999999999999,1.4359356272278318E-6-3.4350417901481986E-11i,0.007179678161721082-1.7175209011937997E-7i
59.41531164539748,62.84694190829527,4.25,1.4359356444205466E-6-3.435041831276569E-11i,0.007179678161721086-1.7175209011937995E-7i
58.73472831406018,60.99532187096858,4.048371750518674,1.435935648421661E-6-3.435041840848023E-11i,0.0071796781617210845-1.7175209011937992E-7i
57.94286877472162,57.34135551237553,7.365065787800161,1.435935624612608E-6-3.435041783892064E-11i,0.007179678161721084-1.7175209011937992E-7i
60.31628916102017,58.303221403513234,5.499999999999984,1.4359356328496689E-6-3.4350418035967395E-11i,0.007179678161721083-1.7175209011937997E-7i
90.84869162462314,4.738479969446928,13,1.435935621285762E-6-3.435041775933597E-11i,0.007179678161721084-1.7175209011937992E-7i
67.1418901489852,54.297240043083,5.499999999999986,1.4359356371174414E-6-3.4350418138061E-11i,0.0071796781617210845-1.7175209011937992E-7i
65.62468571481418,55.51551926568881,5.499999999999996,1.4359356351442394E-6-3.4350418090858053E-11i,0.007179678161721084-1.7175209011937995E-7i
64.43830205788827,53.55564346496759,5.499999999999987,1.4359356340621176E-6-3.435041806497154E-11i,0.0071796781617210845-1.7175209011937992E-7i
65.57317870982179,51.0393745667903,5.499999999999983,1.4359356350332137E-6-3.435041808820209E-11i,0.007179678161721084-1.7175209011937995E-7i
67.76557041275892,51.76155283430503,4.249999999999983,1.435935645397231E-6-3.4350418336129913E-11i,0.007179678161721084-1.7175209011937992E-7i
66.3321066830061,50.0196872833965,4.249999999999993,1.4359356473427647E-6-3.43504183826709E-11i,0.0071796781617210845-1.7175209011937992E-7i
66.5549246561812,48.10148517468499,5.511778608502215,1.4359356322461333E-6-3.435041802152965E-11i,0.007179678161721082-1.7175209011937997E-7i
65.76466835704011,53.27782173248269,4.249999999999977,1.4359356509186814E-6-3.435041846821394E-11i,0.0071796781617210845-1.7175209011937992E-7i
63.942407794723565,55.85176333070995,4.232844164985712,1.4359356488857735E-6-3.435041841958273E-11i,0.0071796781617210845-1.7175209011937992E-7i
63.94065226181737,49.40119628117742,5.499999999999995,1.4359356362030651E-6-3.435041811618726E-11i,0.007179678161721082-1.7175209011937997E-7i
67.64937177946743,48.27114771363583,4.089555935732135,1.4359356439837228E-6-3.435041830231601E-11i,0.007179678161721085-1.7175209011937992E-7i
75.1643306251301,42.19519549933639,5.500000000000012,1.4359356332568478E-6-3.4350418045707964E-11i,0.007179678161721083-1.7175209011937997E-7i
72.6538212518866,44.60619953357639,5.499999999999993,1.4359356244916822E-6-3.435041783602787E-11i,0.0071796781617210845-1.7175209011937992E-7i
74.11182604847464,43.88153475898266,4.8750000000000115,1.435935642013718E-6-3.435041825518957E-11i,0.007179678161721086-1.7175209011937992E-7i
71.18609213404847,43.02086243110654,5.500000000000003,1.435935627004538E-6-3.435041789614036E-11i,0.007179678161721085-1.7175209011937992E-7i
72.60266501025765,43.010431215553346,4.250000000000013,1.435935646463463E-6-3.435041836163627E-11i,0.007179678161721085-1.7175209011937992E-7i
69.1950532597862,46.53331557728474,5.437892620283392,1.4359356273630983E-6-3.435041790471782E-11i,0.007179678161721084-1.7175209011937995E-7i
68.21850106597336,46.666707744847336,4.249999999999991,1.4359356432515475E-6-3.4350418284800914E-11i,0.007179678161721086-1.7175209011937992E-7i
66.74789126440324,45.83341548969646,5.499999999999997,1.4359356329015554E-6-3.4350418037208676E-11i,0.007179678161721085-1.7175209011937992E-7i
70.95948336256161,46.13713711146571,4.514772078368774,1.4359356401933977E-6-3.4350418211643955E-11i,0.0071796781617210845-1.7175209011937992E-7i
71.66555082610866,44.828683885101526,4.289456593268328,1.435935635108143E-6-3.435041808999458E-11i,0.007179678161721085-1.7175209011937992E-7i
69.38580337840412,43.64372531077962,5.5000000000000036,1.4359356295919459E-6-3.435041795803623E-11i,0.007179678161721082-1.7175209011938E-7i
70.87061420268871,42.01043121555333,4.250000000000024,1.4359356475064955E-6-3.43504183865877E-11i,0.007179678161721086-1.7175209011937992E-7i
69.71836301621035,41.4355253286367,5.5000000000000115,1.435935633038656E-6-3.435041804048834E-11i,0.007179678161721084-1.7175209011937992E-7i
68.23841901729784,43.321862655390134,4.250000000000005,1.4359356496736446E-6-3.435041843843021E-11i,0.007179678161721086-1.7175209011937992E-7i
66.78772716705116,43.1437253107799,5.500000000000014,1.435935634713324E-6-3.435041808054975E-11i,0.007179678161721082-1.7175209011937997E-7i
67.78548836408187,44.91670774484825,4.250000000000002,1.4359356444492284E-6-3.4350418313451826E-11i,0.0071796781617210845-1.7175209011937992E-7i
72.632534212749,40.78755692457962,5.500000000000001,1.4359356337402927E-6-3.435041805727288E-11i,0.007179678161721082-1.7175209011938E-7i
74.55108146233614,40.266762229978006,4.875000000000005,1.4359356406723193E-6-3.435041822310073E-11i,0.0071796781617210845-1.7175209011937992E-7i
79.87440201568994,27.96168074032979,4.416491278429666,1.4359356410457719E-6-3.4350418232034416E-11i,0.007179678161721083-1.7175209011937997E-7i
82.54550335009405,32.105737823408106,5.499999999999979,1.4359356311294752E-6-3.435041799481702E-11i,0.007179678161721082-1.7175209011938003E-7i
83.3386070167953,31.00813148684538,4.249999999999996,1.4359356458659515E-6-3.435041834734262E-11i,0.007179678161721085-1.7175209011937997E-7i
81.76133993272656,30.575344196987682,4.2110362118468,1.4359356481473217E-6-3.435041840191753E-11i,0.007179678161721084-1.7175209011937992E-7i
80.01678572054549,30.101842090637597,4.2499999999999645,1.4359356470329686E-6-3.435041837526E-11i,0.007179678161721086-1.7175209011937992E-7i
79.42043728443852,31.143107347515368,5.270586004797398,1.4359356373842314E-6-3.4350418144443137E-11i,0.007179678161721083-1.7175209011937997E-7i
78.30590536246056,29.79599508803805,4.521533732319609,1.435935643602434E-6-3.435041829319482E-11i,0.007179678161721084-1.7175209011937992E-7i
72.89287334771568,39.14377846228969,4.249999999999966,1.435935646655984E-6-3.435041836624173E-11i,0.007179678161721085-1.7175209011937997E-7i
73.49855961653356,38.28755692457942,5.499999999999964,1.4359356361408973E-6-3.43504181147001E-11i,0.007179678161721084-1.7175209011937995E-7i
80.34730992301317,32.78142336292486,5.183920961057934,1.4359356395602226E-6-3.435041819649717E-11i,0.007179678161721084-1.7175209011937992E-7i
78.4118612296798,33.38103606741273,5.499999999999995,1.4359356296185471E-6-3.4350417958672646E-11i,0.0071796781617210845-1.7175209011937992E-7i
77.13554459816466,31.417546202220823,6.955522765931417,1.4359356274327227E-6-3.4350417906383335E-11i,0.007179678161721084-1.7175209011937995E-7i
81.29789161682787,34.23154871098583,4.24999999999998,1.435935647291675E-6-3.435041838144876E-11i,0.0071796781617210845-1.7175209011937992E-7i
80.55185149091464,36.99647767765942,4.8750000000000036,1.435935639381505E-6-3.435041819222189E-11i,0.007179678161721083-1.7175209011937997E-7i
79.27788663346429,35.88103606741267,5.500000000000019,1.4359356278961548E-6-3.435041791746961E-11i,0.007179678161721084-1.7175209011937992E-7i
76.19452662540442,37.05631217016258,5.499999999999987,1.4359356338136659E-6-3.435041805902813E-11i,0.007179678161721084-1.7175209011937995E-7i
72.45859890328265,36.30874482410981,5.499999999999987,1.4359356318979702E-6-3.43504180132009E-11i,0.007179678161721083-1.7175209011937997E-7i
76.87078723866001,38.012061810228715,4.2500000000000115,1.4359356496112917E-6-3.43504184369386E-11i,0.007179678161721084-1.7175209011937992E-7i
74.6249241552846,38.14377846228956,4.249999999999996,1.435935648844419E-6-3.435041841859344E-11i,0.0071796781617210845-1.7175209011937992E-7i
78.60283804622898,37.01206181022884,4.250000000000021,1.4359356481324055E-6-3.4350418401560637E-11i,0.007179678161721084-1.7175209011937992E-7i
77.74726884511166,28.685482034561897,6.908752153517338,1.4359356271615095E-6-3.435041789989542E-11i,0.007179678161721084-1.7175209011937992E-7i
78.9387655359192,26.850205858646746,5.542002783284411,1.435935634324496E-6-3.435041807124821E-11i,0.007179678161721085-1.7175209011937992E-7i
76.43165294164602,29.518610556553035,5.4999999999999805,1.435935633931418E-6-3.435041806184501E-11i,0.007179678161721086-1.7175209011937992E-7i
78.0309734083498,32.50115986365534,4.482085810982228,1.4359356478866414E-6-3.4350418395681534E-11i,0.007179678161721085-1.7175209011937992E-7i
78.22743794320225,34.62543133424625,4.250000000000012,1.4359356531071932E-6-3.435041852056749E-11i,0.007179678161721085-1.7175209011937992E-7i
75.20108452099784,34.62068926957225,5.4999999999999805,1.4359356358143187E-6-3.435041810688774E-11i,0.007179678161721084-1.7175209011937992E-7i
74.65088034795981,33.24137853914453,7.999999999999994,1.4359356246791548E-6-3.435041784051255E-11i,0.007179678161721086-1.7175209011937992E-7i
77.23948557723106,35.250862668492466,5.499999999999999,1.435935634084115E-6-3.4350418065497833E-11i,0.007179678161721084-1.7175209011937992E-7i
74.6101612037324,35.81034463478598,4.249999999999966,1.4359356506443297E-6-3.435041846165086E-11i,0.0071796781617210845-1.7175209011937992E-7i
73.05124732510629,34.738310184341316,4.249999999999971,1.4359356473413595E-6-3.43504183826373E-11i,0.0071796781617210845-1.7175209011937992E-7i
72.77970684347046,33.08852770492187,5.612152777777769,1.4359356327087266E-6-3.435041803259578E-11i,0.007179678161721084-1.7175209011937995E-7i
75.81636873132193,32.06964991306265,5.4999999999999805,1.4359356344335479E-6-3.435041807385698E-11i,0.007179678161721084-1.7175209011937995E-7i
76.91608966812052,33.37687658329512,4.8013431634611985,1.435935641481474E-6-3.43504182424573E-11i,0.007179678161721084-1.7175209011937992E-7i
74.6101612037323,33.81034463478616,4.249999999999968,1.4359356483769676E-6-3.435041840741108E-11i,0.007179678161721086-1.7175209011937992E-7i
76.59335823155898,31.248183512826923,4.249999999999999,1.4359356476491393E-6-3.435041838999998E-11i,0.007179678161721084-1.7175209011937992E-7i
87.36774911493401,24.012980744272944,4.249999999999986,1.4359356476642315E-6-3.435041839036101E-11i,0.007179678161721084-1.7175209011937992E-7i
87.07133158410845,20.924438571992116,4.250000000000005,1.4359356447178808E-6-3.4350418319878483E-11i,0.007179678161721084-1.7175209011937995E-7i
87.93325152327476,18.49059823194292,4.2499999999999964,1.435935645531208E-6-3.435041833933493E-11i,0.0071796781617210845-1.7175209011937992E-7i
81.41942021813237,26.057082310040197,5.298816871584174,1.4359356334816997E-6-3.435041805108687E-11i,0.007179678161721082-1.7175209011937997E-7i
81.5889028468905,28.00422611343977,4.199148410295909,1.4359356478790376E-6-3.4350418395499593E-11i,0.0071796781617210845-1.7175209011937992E-7i
80.31327686307792,26.026385148020466,4.031740012858144,1.4359356497028043E-6-3.435041843912772E-11i,0.007179678161721086-1.7175209011937995E-7i
85.47949389047729,25.005409584405772,4.875000000000024,1.4359356375650884E-6-3.435041814876959E-11i,0.007179678161721084-1.7175209011937995E-7i
83.13536529516588,25.498919212269296,4.249999999999985,1.435935649940422E-6-3.435041844481202E-11i,0.0071796781617210845-1.7175209011937992E-7i
85.4125309010797,19.920263560002322,5.499999999999974,1.4359356282889923E-6-3.4350417926867015E-11i,0.007179678161721084-1.7175209011937995E-7i
85.63569830736519,23.012980744272916,4.249999999999993,1.4359356491044147E-6-3.4350418424813065E-11i,0.007179678161721084-1.7175209011937992E-7i
84.07622327605775,21.74574376771281,5.499999999999995,1.435935637548316E-6-3.43504181483683E-11i,0.007179678161721084-1.7175209011937992E-7i
82.7399156510358,23.5712239754233,5.500000000000015,1.4359356323247378E-6-3.4350418023410044E-11i,0.0071796781617210845-1.7175209011937992E-7i
83.57572919145795,24.285611987711622,4.249999999999997,1.4359356464639917E-6-3.4350418361648946E-11i,0.007179678161721086-1.7175209011937992E-7i
85.40134692481266,18.882354447584465,4.249999999999971,1.43593564640679E-6-3.435041836028052E-11i,0.0071796781617210845-1.7175209011937992E-7i
82.8259921733915,19.991649976020366,5.4999999999999805,1.4359356363350337E-6-3.435041811934422E-11i,0.007179678161721082-1.7175209011938003E-7i
77.0032912993894,28.3314371273705,4.24999999999998,1.4359356491916106E-6-3.435041842689901E-11i,0.007179678161721082-1.7175209011937997E-7i
81.48192249504669,23.99148239191971,4.249999999999983,1.4359356475686074E-6-3.435041838807347E-11i,0.007179678161721083-1.7175209011937997E-7i
79.98859170151745,23.926846663374437,5.504965935063581,1.4359356334576077E-6-3.435041805051046E-11i,0.007179678161721084-1.7175209011937992E-7i
81.55517261958683,21.987307379929995,5.4999999999999885,1.4359356388094094E-6-3.4350418178536193E-11i,0.007179678161721085-1.7175209011937992E-7i
78.1757554398981,26.120848229724864,4.249999999999965,1.4359356494935546E-6-3.435041843412205E-11i,0.007179678161721084-1.7175209011937992E-7i
79.31881756439654,25.078587175787135,4.56008919528334,1.435935643741638E-6-3.435041829652484E-11i,0.007179678161721084-1.7175209011937992E-7i
77.55100506098209,24.6366551267308,5.812932251425946,1.4359356370362948E-6-3.435041813611972E-11i,0.0071796781617210845-1.7175209011937992E-7i
79.040493239288,23.100374578390987,4.250000000000008,1.4359356515280193E-6-3.43504184827905E-11i,0.007179678161721086-1.7175209011937992E-7i
80.28348815063372,22.051273861145845,4.250000000000015,1.435935650486432E-6-3.435041845787364E-11i,0.0071796781617210845-1.7175209011937992E-7i
78.64301760850402,21.70390677809845,5.478255379481741,1.4359356364339822E-6-3.435041812171128E-11i,0.007179678161721082-1.7175209011938E-7i
80.50377618471688,20.317244796760036,4.534437102960684,1.43593564409787E-6-3.435041830504664E-11i,0.0071796781617210845-1.7175209011937992E-7i
82.04070893815565,20.71054395459623,4.048585191178237,1.4359356547292708E-6-3.435041855937067E-11i,0.007179678161721086-1.7175209011937992E-7i
83.73203810173521,16.595829140628627,7.596557408266844,1.4359356282216833E-6-3.4350417925256786E-11i,0.007179678161721082-1.7175209011937997E-7i
81.7630092196225,16.97299585624876,5.499999999999983,1.4359356321228661E-6-3.4350418018580776E-11i,0.007179678161721086-1.7175209011937992E-7i
82.95057523265288,17.017175300398396,4.250000000000006,1.4359356500951822E-6-3.435041844851419E-11i,0.0071796781617210845-1.7175209011937992E-7i
84.72944056280724,16.317574465979845,4.249999999999981,1.4359356501772893E-6-3.43504184504783E-11i,0.007179678161721086-1.7175209011937992E-7i
92.38269502653256,13.31477144066464,5.494860180476048,1.435935629141742E-6-3.4350417947266446E-11i,0.007179678161721084-1.7175209011937992E-7i
92.0919973888484,14.406415585770004,4.160304134185854,1.4359356474925472E-6-3.435041838625399E-11i,0.007179678161721086-1.7175209011937992E-7i
93.51477020801113,12.871558794252806,4.322901153475938,1.4359356437428046E-6-3.435041829655275E-11i,0.007179678161721086-1.7175209011937992E-7i
89.06558469199223,14.555654384291266,4.268225288369001,1.4359356435423866E-6-3.435041829175838E-11i,0.007179678161721084-1.7175209011937992E-7i
90.75767450127967,11.807710500501148,5.34960420528974,1.4359356303324689E-6-3.4350417975751005E-11i,0.0071796781617210845-1.7175209011937992E-7i
90.04949388350339,12.948481108116919,4.093749999999984,1.4359356492048582E-6-3.435041842721584E-11i,0.007179678161721084-1.7175209011937992E-7i
92.70906469923284,11.453822514130854,4.322901153475914,1.4359356475792726E-6-3.4350418388328616E-11i,0.007179678161721084-1.7175209011937995E-7i
91.05162455431517,10.719981628777244,4.093750000000027,1.435935647737522E-6-3.435041839211426E-11i,0.007179678161721086-1.7175209011937992E-7i
83.21445607127478,15.248533645103361,5.262767387933827,1.435935634704458E-6-3.4350418080337544E-11i,0.007179678161721084-1.7175209011937992E-7i
86.58217329967775,14.883234744025302,5.5000000000000036,1.4359356336169115E-6-3.435041805432136E-11i,0.007179678161721082-1.7175209011937997E-7i
87.42260180853734,16.25985552359194,4.25000000000001,1.4359356447445953E-6-3.435041832051753E-11i,0.007179678161721084-1.7175209011937995E-7i
86.8508218825403,12.254769197554946,6.816790375597969,1.435935629352306E-6-3.435041795230356E-11i,0.007179678161721084-1.7175209011937995E-7i
88.77092412845069,12.508118317242582,5.461404362760948,1.4359356314724194E-6-3.435041800302085E-11i,0.007179678161721084-1.7175209011937995E-7i
90.27417423186674,5.477198755485781,7.384907817954449,1.4359356282461193E-6-3.4350417925841434E-11i,0.007179678161721082-1.7175209011937997E-7i
87.60923636274079,9.112496110620684,8.084516185014431,1.4359356251932286E-6-3.4350417852810227E-11i,0.0071796781617210845-1.7175209011937992E-7i
89.09344306043076,8.312014317871126,5.742647970589639,1.4359356292157076E-6-3.4350417949035915E-11i,0.007179678161721086-1.7175209011937995E-7i
91.47899116904301,2.483658098038367,6.644121644351166,1.4359356290912715E-6-3.435041794605915E-11i,0.0071796781617210845-1.7175209011937992E-7i
86.33601144743874,6.370980302869502,7.887948181210849,1.4359356265568807E-6-3.435041788543147E-11i,0.007179678161721084-1.7175209011937992E-7i
94.3397382303047,9.19795338967799,4.874999999999977,1.435935638608476E-6-3.4350418173729466E-11i,0.007179678161721082-1.7175209011938E-7i
92.94586821466169,9.635168802121521,5.3777559128330985,1.4359356339023949E-6-3.435041806115068E-11i,0.007179678161721084-1.7175209011937995E-7i
95.56091338029616,6.743400692191095,4.250000000000018,1.4359356512683054E-6-3.4350418476577633E-11i,0.007179678161721084-1.7175209011937992E-7i
91.89952610673214,7.55863699862054,5.286574809941948,1.435935638882604E-6-3.4350418180287134E-11i,0.007179678161721084-1.7175209011937995E-7i
93.66348970924142,5.472701947917681,5.074428916587173,1.4359356371612893E-6-3.435041813910989E-11i,0.007179678161721084-1.7175209011937992E-7i
94.87552340307539,4.169973999624533,4.250000000000005,1.4359356474825692E-6-3.435041838601532E-11i,0.0071796781617210845-1.7175209011937992E-7i
93.19388681799285,6.916474682107312,4.250000000000021,1.4359356522990797E-6-3.435041850123578E-11i,0.007179678161721085-1.7175209011937992E-7i
88.6269024040577,10.274609220502803,4.7792472673781665,1.4359356364641977E-6-3.435041812243409E-11i,0.007179678161721082-1.7175209011937997E-7i
90.66805025635762,9.010629737654643,4.249999999999991,1.4359356487474911E-6-3.435041841627473E-11i,0.0071796781617210845-1.7175209011937992E-7i
91.44721838282231,5.018804147357721,5.4999999999999805,1.4359356342728604E-6-3.435041807001297E-11i,0.007179678161721083-1.7175209011937997E-7i
92.90464801597534,3.6364709801074877,4.648857833174345,1.4359356430406264E-6-3.435041827975526E-11i,0.0071796781617210845-1.7175209011937992E-7i
94.2982771390189,1.9516480320549872,4.023857833174326,1.4359356508226837E-6-3.4350418465917447E-11i,0.007179678161721085-1.7175209011937992E-7i
95.37663707684356,0,4.9410448852705535,1.4359356398574427E-6-3.4350418203607224E-11i,0.0071796781617210845-1.7175209011937997E-7i
93.03363652577443,0,5.288243288702404,1.4359356330046962E-6-3.435041803967605E-11i,0.007179678161721085-1.7175209011937992E-7i
92.23949558452152,2.1078544528036596,4.822060822175579,1.435935640547159E-6-3.43504182201066E-11i,0.007179678161721086-1.7175209011937992E-7i
90.59007604601186,0,5.703948511538092,1.435935630437806E-6-3.4350417978270946E-11i,0.007179678161721085-1.7175209011938E-7i
88.99386198153832,5.06832235941851,5.680424083398213,1.4359356323347616E-6-3.4350418023649835E-11i,0.007179678161721086-1.7175209011937992E-7i
88.79934376624364,2.4836580980384,7.775896362421701,1.435935626468624E-6-3.4350417883320286E-11i,0.007179678161721082-1.7175209011937997E-7i
87.67434172017568,0,7.551792724843455,1.4359356245061195E-6-3.435041783637328E-11i,0.007179678161721085-1.7175209011937997E-7i
87.70472404089067,12.178320019386177,13,1.4359356228392427E-6-3.435041779649818E-11i,0.007179678161721083-1.7175209011937995E-7i
84.03779333568495,12.213995760758243,8.2999014265079,1.4359356235459805E-6-3.435041781340481E-11i,0.007179678161721084-1.7175209011937995E-7i
83.91095530311077,9.051595915454527,7.72061709158115,1.435935622046615E-6-3.435041777753703E-11i,0.007179678161721084-1.7175209011937992E-7i
83.33230641917795,10.977377496303012,5.570433469605947,1.4359356319664278E-6-3.4350418014838527E-11i,0.007179678161721084-1.7175209011937992E-7i
81.44829305333059,10.903326131731836,7.181850384157653,1.435935625544382E-6-3.435041786121045E-11i,0.0071796781617210845-1.7175209011937992E-7i
81.26394137246342,20.799721996454117,7.969426959007334,1.4359356302044434E-6-3.435041797268836E-11i,0.007179678161721083-1.7175209011937997E-7i
79.57734945709828,18.860339484775,5.499999999999972,1.4359356306504823E-6-3.435041798335856E-11i,0.007179678161721084-1.7175209011937995E-7i
82.60558728876944,16.86658264255476,13,1.4359356215580463E-6-3.435041776584947E-11i,0.0071796781617210845-1.717520901193799E-7i
80.71373442866863,13.83852116691601,7.976909445096544,1.4359356277955116E-6-3.435041791506192E-11i,0.007179678161721082-1.7175209011937997E-7i
80.39763927104599,17.223291933716496,7.62302015159605,1.4359356292750035E-6-3.435041795045431E-11i,0.0071796781617210845-1.7175209011937992E-7i
79.07723198534245,16.397280457203554,6.489588639452285,1.4359356292664857E-6-3.435041795025058E-11i,0.007179678161721085-1.7175209011937997E-7i
77.65659524066,15.725833970119067,8.041154915432585,1.435935624998777E-6-3.435041784815857E-11i,0.007179678161721086-1.7175209011937992E-7i
78.0935618651462,19.232863730519057,7.890213242945448,1.4359356262682845E-6-3.435041787852772E-11i,0.007179678161721084-1.7175209011937992E-7i
78.28439831840419,25.50194996456436,7.803362585099636,1.4359356309782995E-6-3.435041799120055E-11i,0.007179678161721083-1.7175209011937997E-7i
81.13032646844202,22.991353698154242,13,1.4359356201836248E-6-3.43504177329706E-11i,0.007179678161721085-1.7175209011937992E-7i
79.4555006589854,23.480026486736527,7.9999999999999964,1.4359356325482505E-6-3.4350418028756874E-11i,0.007179678161721085-1.7175209011937992E-7i
71.49233344648027,35.66627573389648,4.249999999999972,1.43593564976435E-6-3.435041844060001E-11i,0.007179678161721085-1.7175209011937992E-7i
71.1640896980265,34.45148891746476,5.869791666666657,1.4359356355962609E-6-3.435041810167134E-11i,0.007179678161721085-1.7175209011937992E-7i
74.44598470485725,29.312763546256217,8.000000000000004,1.4359356261780173E-6-3.435041787636833E-11i,0.007179678161721084-1.7175209011937992E-7i
75.45475788620047,27.281570933801888,7.975472808998005,1.435935625206291E-6-3.435041785312271E-11i,0.007179678161721086-1.7175209011937995E-7i
76.64589217301477,27.99601650680104,13,1.4359356239194844E-6-3.4350417822339704E-11i,0.007179678161721086-1.7175209011937992E-7i
72.97533085728655,27.633669530574032,8.412024051565936,1.43593562880306E-6-3.43504179391645E-11i,0.0071796781617210845-1.7175209011937992E-7i
75.40062642187135,40.15022769831859,13,1.435935620763287E-6-3.4350417746837256E-11i,0.007179678161721084-1.7175209011937992E-7i
76.00127399119869,33.52414426965095,13,1.4359356215194942E-6-3.435041776492725E-11i,0.0071796781617210845-1.7175209011937992E-7i
71.6490565880978,31.525067094308945,8.000000000000004,1.435935623185933E-6-3.435041780479179E-11i,0.007179678161721083-1.7175209011937997E-7i
72.3170887240557,35.547440760249714,8.062499999999991,1.4359356266479376E-6-3.435041788760974E-11i,0.007179678161721084-1.7175209011937995E-7i
70.05092265401656,39.22732534649377,5.500000000000019,1.4359356320751047E-6-3.435041801743833E-11i,0.0071796781617210845-1.7175209011937992E-7i
70.57206313960361,41.048038316447474,8.066964285714283,1.435935625977193E-6-3.435041787156422E-11i,0.007179678161721084-1.7175209011937992E-7i
72.97788134660013,39.57511384915913,7.999999999999974,1.4359356230885827E-6-3.4350417802462974E-11i,0.007179678161721084-1.7175209011937992E-7i
67.81135013837846,39.735333753671426,6.750000000000008,1.4359356291988626E-6-3.435041794863293E-11i,0.007179678161721084-1.7175209011937992E-7i
69.44632901839628,37.322381020637216,7.687499999999992,1.4359356282821788E-6-3.435041792670404E-11i,0.007179678161721085-1.7175209011937992E-7i
69.44855495391752,50.15534648479116,13,1.4359356224456943E-6-3.435041778708382E-11i,0.0071796781617210845-1.7175209011937992E-7i
67.59705316494451,49.13268192696645,7.62691596717871,1.435935623558361E-6-3.435041781370097E-11i,0.0071796781617210845-1.7175209011937992E-7i
64.38200150026256,50.56301818099557,7.999999999999976,1.4359356249966274E-6-3.43504178481071E-11i,0.007179678161721082-1.7175209011937997E-7i
61.940058671665895,53.08318356830895,6.749999999999984,1.4359356285609958E-6-3.4350417933373844E-11i,0.0071796781617210845-1.7175209011937992E-7i
62.74676332131858,52.169916690329934,5.500000000000005,1.4359356335439615E-6-3.435041805257624E-11i,0.007179678161721086-1.7175209011937995E-7i
64.95848758690252,45.962446115491105,7.5752363445377995,1.4359356309955197E-6-3.4350417991612426E-11i,0.007179678161721082-1.7175209011937997E-7i
67.42572472025019,45.54811542978785,8.302064529267511,1.4359356275849521E-6-3.435041791002501E-11i,0.007179678161721084-1.7175209011937995E-7i
68.21647048547898,42.2874506215598,7.999999999999984,1.4359356287947517E-6-3.435041793896579E-11i,0.007179678161721084-1.7175209011937992E-7i
69.34190631476707,43.57490124311921,13,1.4359356225111536E-6-3.4350417788649775E-11i,0.007179678161721086-1.7175209011937995E-7i
64.08673374668747,42.10699156609656,7.999999999999996,1.4359356249118614E-6-3.435041784607939E-11i,0.007179678161721084-1.7175209011937992E-7i
65.57177762274036,40.24334216084909,7.999999999999998,1.4359356253239715E-6-3.43504178559379E-11i,0.0071796781617210845-1.7175209011937992E-7i
64.7228587976549,42.05349578304878,5.499999999999976,1.4359356390149943E-6-3.4350418183454196E-11i,0.007179678161721085-1.7175209011937992E-7i
63.04748206052381,44.291157053504946,6.749999999999987,1.4359356275275334E-6-3.4350417908651426E-11i,0.007179678161721085-1.7175209011937992E-7i
63.40830749324787,53.22257385987192,13,1.4359356217606557E-6-3.435041777069627E-11i,0.007179678161721085-1.7175209011937992E-7i
60.21556693600886,49.56837983138706,7.9999999999999964,1.4359356250376805E-6-3.4350417849089206E-11i,0.0071796781617210845-1.7175209011937992E-7i
59.65978476983502,52.99333554327115,8.003722000894006,1.4359356239027373E-6-3.435041782193905E-11i,0.0071796781617210845-1.7175209011937992E-7i
4.887154385257621,86.64378510240446,5.97769824139629,1.4359356294264367E-6-3.4350417954077005E-11i,0.0071796781617210845-1.7175209011937992E-7i
3.2118692972138274,85.39961940358754,6.455396482792545,1.4359356322717866E-6-3.435041802214332E-11i,0.007179678161721084-1.7175209011937992E-7i
3.2118692972138385,88.47214783766167,8.446467122969864,1.435935623927729E-6-3.4350417822537025E-11i,0.007179678161721083-1.7175209011937997E-7i
0,86.46809011246742,7.703228922658791,1.4359356238802005E-6-3.435041782140003E-11i,0.007179678161721086-1.7175209011937995E-7i
4.994918762195894,90.87854446992772,13,1.4359356193249407E-6-3.435041771242922E-11i,0.007179678161721085-1.7175209011937992E-7i
6.718414008148501,87.06155998382035,9.736913007241077,1.435935621996598E-6-3.435041777634055E-11i,0.007179678161721085-1.7175209011937997E-7i
6.464430798875844,85.93499945844381,7.828742438352492,1.4359356240601024E-6-3.4350417825703654E-11i,0.0071796781617210845-1.7175209011937992E-7i
3.541816914481678,85.09217314455975,8.216204374562304,1.4359356276917916E-6-3.435041791258078E-11i,0.007179678161721084-1.7175209011937995E-7i
12.353982022061771,87.70104614530202,13,1.4359356204669323E-6-3.4350417739747904E-11i,0.0071796781617210845-1.717520901193799E-7i
12.258248360252692,82.58817109284641,8.000000000000032,1.4359356245539434E-6-3.435041783751726E-11i,0.007179678161721084-1.7175209011937992E-7i
17.28069663058747,83.26810102912512,13,1.4359356213422816E-6-3.435041776068798E-11i,0.007179678161721084-1.7175209011937992E-7i
14.513765679800205,80.68549971537989,7.871627370417591,1.4359356247603405E-6-3.43504178424547E-11i,0.007179678161721085-1.7175209011937992E-7i
58.36772984907867,52.703695700367454,5.599158653846151,1.4359356321341977E-6-3.435041801885197E-11i,0.0071796781617210845-1.7175209011937992E-7i
57.52380144088632,54.82668499516728,7.027777918214117,1.435935624858018E-6-3.4350417844791344E-11i,0.007179678161721085-1.7175209011937992E-7i
56.72941542000473,51.783864490949874,8.218324439561844,1.4359356250744237E-6-3.435041784996818E-11i,0.007179678161721084-1.7175209011937995E-7i
36.76280385676882,76.88340544015595,8.838815789473683,1.4359356276089337E-6-3.435041791059866E-11i,0.007179678161721082-1.7175209011938003E-7i
36.46144588661313,73.24436556594044,6.040723029825453,1.435935631991581E-6-3.435041801544027E-11i,0.007179678161721086-1.7175209011937992E-7i
32.045230645806676,80.66085614440286,8.000000000000007,1.4359356269610232E-6-3.435041789509934E-11i,0.007179678161721082-1.7175209011938E-7i
36.50509160696248,81.84627130108026,13,1.4359356220468955E-6-3.435041777754372E-11i,0.007179678161721084-1.7175209011937995E-7i
32.62746046813949,78.35693488663725,6.793935900124503,1.4359356291466636E-6-3.4350417947384197E-11i,0.0071796781617210845-1.7175209011937992E-7i
34.14336921524784,73.77666397090083,6.256677626052281,1.4359356333718236E-6-3.4350418048458384E-11i,0.007179678161721085-1.7175209011937992E-7i
30.842848294613677,76.84407904022915,5.499999999999994,1.4359356319271572E-6-3.4350418013899134E-11i,0.007179678161721083-1.7175209011937997E-7i
32.787209179285476,75.0024480000697,7.4449487144611926,1.4359356275167223E-6-3.435041790839279E-11i,0.007179678161721085-1.7175209011937992E-7i
29.339730423873775,76.66269394042102,4.25000000000002,1.4359356477066054E-6-3.435041839137463E-11i,0.007179678161721086-1.7175209011937992E-7i
28.583243500585596,77.50386093703781,5.510929655801141,1.4359356339588731E-6-3.4350418062501746E-11i,0.007179678161721082-1.7175209011938E-7i
28.989572291164297,74.22619778400073,5.500000000000013,1.4359356324439024E-6-3.4350418026260695E-11i,0.0071796781617210845-1.7175209011937992E-7i
26.835164892652145,76.3490319006666,4.25000000000002,1.4359356489340449E-6-3.435041842073744E-11i,0.0071796781617210845-1.7175209011937992E-7i
26.600818666944424,75.16249114529569,5.500000000000021,1.4359356356490789E-6-3.435041810293488E-11i,0.007179678161721085-1.7175209011937992E-7i
25.4031260030047,77.25056121772835,5.305872317231157,1.4359356386728916E-6-3.43504181752704E-11i,0.007179678161721084-1.7175209011937992E-7i
26.611597598077214,78.66591970932328,5.500000000000009,1.4359356386943483E-6-3.435041817578364E-11i,0.007179678161721085-1.7175209011937992E-7i
27.566349671310437,80.48047314945435,8.000000000000004,1.4359356294902841E-6-3.435041795560429E-11i,0.007179678161721082-1.7175209011938003E-7i
23.139900232215446,80.35392236513216,7.997866346784186,1.4359356259411115E-6-3.4350417870701025E-11i,0.007179678161721083-1.7175209011937997E-7i
25.328363305220577,77.3238277185673,7.553495226670864,1.4359356272069918E-6-3.435041790098341E-11i,0.007179678161721084-1.7175209011937992E-7i
29.71935797715369,77.75373737576363,8.199053534862031,1.435935626355532E-6-3.435041788061487E-11i,0.007179678161721084-1.7175209011937992E-7i
30.090461291613337,82.10632197963182,13,1.435935622104562E-6-3.4350417778923165E-11i,0.007179678161721086-1.7175209011937992E-7i
23.078964119766397,82.84356345093386,13,1.4359356236125228E-6-3.4350417814996615E-11i,0.007179678161721086-1.7175209011937992E-7i
24.350316185116096,74.16728130354812,7.999999999999994,1.4359356265086896E-6-3.4350417884278665E-11i,0.007179678161721083-1.7175209011937997E-7i
36.49632130583997,71.69420886773601,8.000000000000002,1.4359356250788387E-6-3.435041785007383E-11i,0.007179678161721083-1.7175209011937997E-7i
39.851820035884764,75.48118326412462,13,1.4359356231959285E-6-3.435041780503085E-11i,0.007179678161721084-1.7175209011937992E-7i
39.223270150587226,71.04584522416255,8.34704035554735,1.4359356246472085E-6-3.4350417839748353E-11i,0.007179678161721085-1.7175209011937992E-7i
47.164595606252995,65.94514568337092,8.000000000000005,1.4359356279178157E-6-3.4350417917987755E-11i,0.007179678161721082-1.7175209011937997E-7i
50.14238411017468,69.70275957069543,13,1.4359356203651448E-6-3.435041773731296E-11i,0.0071796781617210845-1.7175209011937992E-7i
49.935208072005516,67.37692824355751,8.315499096050454,1.4359356273694405E-6-3.4350417904869575E-11i,0.007179678161721086-1.7175209011937995E-7i
40.56798938548075,68.01256629760853,8.232504573742855,1.4359356257633614E-6-3.435041786644894E-11i,0.007179678161721084-1.7175209011937995E-7i
43.27606516981628,69.67931114755416,13,1.4359356221767723E-6-3.4350417780650635E-11i,0.007179678161721085-1.7175209011937992E-7i
43.19929553803975,66.31858303893581,8.066315544351031,1.4359356283234981E-6-3.435041792769251E-11i,0.007179678161721084-1.7175209011937992E-7i
42.23505870619702,64.91431897533911,6.617511795040117,1.4359356379146277E-6-3.435041815713131E-11i,0.007179678161721085-1.7175209011937992E-7i
0,87.42024479994856,13,1.4359356196104319E-6-3.435041771925871E-11i,0.007179678161721084-1.7175209011937997E-7i
0,83.27483096301941,9.267057268308683,1.4359356226562722E-6-3.435041779212122E-11i,0.007179678161721084-1.7175209011937997E-7i
84.81966087443213,3.1886989809081676,7.775896362421701,1.4359356248101378E-6-3.4350417843646015E-11i,0.007179678161721084-1.7175209011937995E-7i
87.42009821279797,0,13,1.4359356235815134E-6-3.435041781425489E-11i,0.007179678161721084-1.7175209011937997E-7i
83.72631658267261,0,9.119824016724827,1.435935623764271E-6-3.435041781862677E-11i,0.007179678161721085-1.7175209011938E-7i
9.168247900951041,84.39727359455355,8.357343139341648,1.4359356237472146E-6-3.435041781821878E-11i,0.007179678161721084-1.7175209011937995E-7i
10.783290622345007,84.73614886326311,5.687488550946879,1.4359356337325641E-6-3.435041805708799E-11i,0.0071796781617210845-1.7175209011937992E-7i
10.647339160134752,82.40858839592195,5.705008022967634,1.4359356333311122E-6-3.4350418047484515E-11i,0.0071796781617210845-1.7175209011937992E-7i
9.45896457715383,81.39271407575332,8.000000000000018,1.4359356248483682E-6-3.435041784456051E-11i,0.007179678161721085-1.7175209011937992E-7i
12.236354756987259,85.60970021142009,4.875000000000018,1.4359356428227532E-6-3.43504182745433E-11i,0.007179678161721084-1.7175209011937992E-7i
6.562439473301414,87.88795080122138,5.500000000000036,1.4359356302642192E-6-3.435041797411835E-11i,0.007179678161721084-1.7175209011937992E-7i
7.331285941581768,89.70503354844918,4.604189624908758,1.4359356434348776E-6-3.435041828918657E-11i,0.0071796781617210845-1.7175209011937992E-7i
8.241198812424624,83.66007114706855,5.807297053797555,1.4359356313618204E-6-3.435041800037516E-11i,0.007179678161721084-1.7175209011937995E-7i
9.019774994507298,86.66240822340502,5.4999999999999885,1.4359356357648935E-6-3.435041810570539E-11i,0.007179678161721082-1.7175209011938E-7i
10.053558233712776,87.26704842433936,4.250000000000008,1.4359356483004163E-6-3.4350418405579804E-11i,0.007179678161721084-1.7175209011937992E-7i
7.796939693698703,87.66673519309482,4.250000000000005,1.4359356474350473E-6-3.4350418384878465E-11i,0.0071796781617210845-1.7175209011937992E-7i
9.742696905016581,84.87755943631765,4.249999999999998,1.4359356482339088E-6-3.4350418403988825E-11i,0.0071796781617210845-1.7175209011937992E-7i
0,88.7634356491375,5.5085938446719,1.4359356293726302E-6-3.435041795278976E-11i,0.007179678161721085-1.7175209011937997E-7i
3.371145376816077,90.93606753171994,4.841810445838912,1.4359356387442667E-6-3.435041817697786E-11i,0.007179678161721084-1.7175209011937992E-7i
5.625750017830901,89.85710142102643,4.305808390371246,1.435935645189713E-6-3.4350418331165705E-11i,0.0071796781617210845-1.7175209011937992E-7i
1.8880544738775267,89.67966962908349,4.210830480646493,1.4359356476361939E-6-3.435041838969032E-11i,0.007179678161721086-1.7175209011937995E-7i
2.1020054299801365,87.86803695941543,4.3616167807424535,1.4359356485439822E-6-3.4350418411406387E-11i,0.007179678161721085-1.7175209011937992E-7i
4.0072306493122225,88.93750428609593,4.30580839037123,1.435935641806883E-6-3.435041825024172E-11i,0.007179678161721086-1.7175209011937992E-7i
5.086844006639314,87.78750420307904,4.488849120698139,1.4359356409084687E-6-3.4350418228749856E-11i,0.0071796781617210845-1.7175209011937992E-7i
5.700914958709914,84.78426718304806,5.977698241396279,1.4359356292441925E-6-3.435041794971733E-11i,0.0071796781617210845-1.7175209011937992E-7i
7.680306237529463,85.12427055210223,4.25000000000003,1.4359356476205517E-6-3.435041838931611E-11i,0.007179678161721085-1.7175209011937992E-7i
6.028903120055275,86.36170562205017,4.488849120698168,1.435935644298932E-6-3.4350418309856395E-11i,0.007179678161721083-1.7175209011937997E-7i
3.337985456175808,86.6998097017938,4.727698241396272,1.4359356429169913E-6-3.4350418276797625E-11i,0.007179678161721084-1.7175209011937992E-7i
1.6059346486069108,86.14550941300025,5.512761992692905,1.4359356298610478E-6-3.4350417964473716E-11i,0.007179678161721084-1.7175209011937992E-7i
0,86.89139942241295,4.570127502593234,1.435935646105831E-6-3.4350418353081E-11i,0.007179678161721084-1.7175209011937997E-7i
0,84.86253147459331,4.910792965585044,1.4359356396992597E-6-3.435041819982312E-11i,0.0071796781617210845-1.7175209011937997E-7i
5.035817401241012,82.9521999210226,7.227698241396282,1.4359356297323754E-6-3.4350417961395615E-11i,0.007179678161721083-1.7175209011937997E-7i
2.1249797540946695,84.16931571755234,5.012321043141597,1.435935638944761E-6-3.435041818177401E-11i,0.007179678161721084-1.7175209011937992E-7i
0,83.10579534680639,6.443932637485766,1.4359356317214009E-6-3.435041800897702E-11i,0.007179678161721086-1.7175209011937992E-7i
0,83.08612450632381,4.243778989748302,1.4359356496986426E-6-3.435041843902817E-11i,0.007179678161721084-1.7175209011937997E-7i
2.5809667801015133,81.44490285036929,5.816764317077167,1.4359356348383712E-6-3.4350418083541124E-11i,0.007179678161721084-1.7175209011937995E-7i
8.303462977742322,81.44525200620873,5.292494583174568,1.435935635756799E-6-3.4350418105511765E-11i,0.007179678161721083-1.7175209011937997E-7i
6.314559094492707,83.39213359152401,4.488849120698141,1.435935648302423E-6-3.435041840562785E-11i,0.007179678161721084-1.7175209011937995E-7i
3.8570305616635503,84.73804998025565,4.056924560349052,1.4359356529135642E-6-3.435041851593541E-11i,0.0071796781617210845-1.7175209011937992E-7i
4.249959508189378,83.4760999605113,5.113849120698147,1.4359356397921167E-6-3.435041820204447E-11i,0.007179678161721085-1.7175209011937992E-7i
15.318963762854903,81.6151003434079,5.499999999999983,1.43593563150959E-6-3.435041800391007E-11i,0.007179678161721082-1.7175209011938003E-7i
17.051939227670093,83.29380283412384,4.249999999999991,1.4359356456113176E-6-3.435041834125128E-11i,0.0071796781617210845-1.7175209011937992E-7i
18.529924547602516,82.05256035783702,4.250000000000004,1.4359356461891306E-6-3.4350418355073674E-11i,0.0071796781617210845-1.7175209011937992E-7i
20.564163394393283,82.10035523014704,4.2499999999999964,1.4359356476813306E-6-3.435041839077003E-11i,0.0071796781617210845-1.7175209011937992E-7i
13.109640231428358,83.2340134631889,5.500000000000032,1.4359356319620895E-6-3.43504180147347E-11i,0.007179678161721083-1.7175209011937997E-7i
10.076767119697507,82.88233338617273,4.250000000000022,1.4359356473019852E-6-3.4350418381695397E-11i,0.0071796781617210845-1.7175209011937992E-7i
11.81008954266908,83.80713530633967,4.250000000000024,1.4359356485783819E-6-3.435041841222928E-11i,0.007179678161721086-1.7175209011937992E-7i
12.43322769398156,80.71857629685506,5.661273575290802,1.435935629099211E-6-3.435041794624907E-11i,0.007179678161721084-1.7175209011937995E-7i
11.803137747216555,79.70642912632628,7.58379834715193,1.4359356258654888E-6-3.435041786889204E-11i,0.007179678161721086-1.7175209011937995E-7i
14.486116968199706,83.0826789683104,4.250000000000003,1.4359356522382293E-6-3.435041849978006E-11i,0.0071796781617210845-1.7175209011937992E-7i
12.1796017917899,81.86351552878224,4.250000000000024,1.4359356507496435E-6-3.43504184641702E-11i,0.007179678161721085-1.7175209011937992E-7i
14.6155243234023,80.7848811028625,4.24999999999998,1.4359356490332707E-6-3.435041842311115E-11i,0.007179678161721084-1.7175209011937995E-7i
20.062635270734447,79.23792814903902,7.965861548547109,1.4359356249394762E-6-3.435041784673996E-11i,0.007179678161721084-1.7175209011937995E-7i
19.027775528207343,81.21143523165885,5.500000000000012,1.4359356354544434E-6-3.435041809827869E-11i,0.007179678161721084-1.7175209011937992E-7i
16.932744204004383,80.49434329846001,4.249999999999977,1.4359356479872011E-6-3.435041839808709E-11i,0.007179678161721086-1.7175209011937992E-7i
14.082020819799938,78.67015702918462,5.7481069033731735,1.435935630621243E-6-3.4350417982659075E-11i,0.007179678161721084-1.7175209011937992E-7i
10.7362385104425,80.84439710660381,4.154828398631162,1.435935650019876E-6-3.4350418446712704E-11i,0.0071796781617210845-1.7175209011937992E-7i
10.373869354365286,79.45798760894853,5.353993000772022,1.4359356347967596E-6-3.435041808254563E-11i,0.007179678161721082-1.7175209011937997E-7i
16.322255961002067,77.75892029083556,7.6844505038288204,1.4359356226893956E-6-3.435041779291361E-11i,0.007179678161721082-1.7175209011937997E-7i
16.855981232217285,79.4404328181886,5.128331071253131,1.4359356345487496E-6-3.435041807661276E-11i,0.007179678161721082-1.7175209011937997E-7i
20.623534554751487,79.76973921402175,5.499999999999996,1.4359356276399212E-6-3.4350417911339924E-11i,0.007179678161721084-1.7175209011937992E-7i
19.211880029470436,79.99858992540116,4.178875998450878,1.4359356496098175E-6-3.4350418436903247E-11i,0.007179678161721084-1.7175209011937992E-7i
22.320424730222605,80.51837049506165,4.2499999999999805,1.435935649509621E-6-3.4350418434506374E-11i,0.007179678161721085-1.7175209011937992E-7i
22.219293581295634,78.32804319638466,5.499999999999979,1.4359356319290186E-6-3.435041801394361E-11i,0.007179678161721082-1.7175209011938E-7i
22.071597332232514,76.39935962953727,8.27230154950814,1.435935624062166E-6-3.4350417825752974E-11i,0.0071796781617210845-1.7175209011937992E-7i
23.308963377862526,79.63484205788679,4.249999999999986,1.4359356460792654E-6-3.4350418352445444E-11i,0.0071796781617210845-1.7175209011937992E-7i
24.805681615584493,78.68297991937038,4.250000000000025,1.435935649864301E-6-3.435041844299101E-11i,0.007179678161721085-1.7175209011937992E-7i
23.119509040874505,77.08060877454265,4.250000000000004,1.4359356483428711E-6-3.435041840659541E-11i,0.007179678161721086-1.7175209011937995E-7i
20.170183892067023,77.87318119804927,5.298984078978326,1.4359356351718809E-6-3.435041809151928E-11i,0.007179678161721085-1.7175209011937992E-7i
18.966945978630033,75.78965264558472,7.022697021603815,1.4359356245586857E-6-3.4350417837630655E-11i,0.0071796781617210845-1.7175209011937992E-7i
20.783683596350006,78.81760228660805,4.249999999999982,1.4359356520495517E-6-3.435041849526654E-11i,0.0071796781617210845-1.7175209011937992E-7i
21.20110112509271,77.1431544838533,4.2499999999999885,1.4359356469637744E-6-3.4350418373604704E-11i,0.007179678161721085-1.7175209011937992E-7i
20.36011622675585,75.44503483575416,5.499999999999993,1.4359356337208632E-6-3.43504180568081E-11i,0.007179678161721082-1.7175209011938E-7i
21.641320813732385,73.98819486316503,7.999999999999993,1.4359356244782695E-6-3.435041783570704E-11i,0.007179678161721086-1.7175209011937995E-7i
64.05287358497159,52.084958345164345,4.2500000000000036,1.4359356486845458E-6-3.435041841476896E-11i,0.007179678161721085-1.7175209011937992E-7i
61.27018424048291,56.26321705155258,4.623521579258316,1.4359356444148873E-6-3.435041831263032E-11i,0.007179678161721083-1.7175209011937997E-7i
62.70403677859661,55.546680685876545,5.484374999999986,1.435935628933323E-6-3.4350417942280686E-11i,0.007179678161721084-1.7175209011937995E-7i
63.166592145685584,53.77782173248176,4.250000000000005,1.435935648356653E-6-3.4350418406925097E-11i,0.007179678161721084-1.7175209011937995E-7i
59.58438023068663,55.15276735607743,5.500000000000016,1.4359356312579044E-6-3.4350417997889253E-11i,0.007179678161721083-1.7175209011937997E-7i
59.03677461455707,57.02277941908474,4.343315536266426,1.43593564662416E-6-3.4350418365480466E-11i,0.007179678161721085-1.7175209011937992E-7i
57.45227478577294,56.44732597843894,4.9774810842468025,1.4359356340359724E-6-3.435041806434618E-11i,0.007179678161721086-1.7175209011937992E-7i
57.51152905571843,58.307914763426574,4.754720647397082,1.435935636565564E-6-3.4350418124858976E-11i,0.007179678161721084-1.7175209011937995E-7i
59.58480018798741,59.16991529415071,4.249999999999977,1.4359356482476403E-6-3.4350418404317306E-11i,0.0071796781617210845-1.7175209011937992E-7i
55.38068512035195,62.83351859634897,5.500000000000003,1.4359356283155083E-6-3.4350417927501347E-11i,0.007179678161721084-1.7175209011937992E-7i
54.100775247847025,64.43521015197418,4.250000000000018,1.4359356502353011E-6-3.435041845186611E-11i,0.0071796781617210845-1.7175209011937992E-7i
55.68011293425643,60.54170641920123,5.665512441674693,1.43593563557822E-6-3.4350418101239765E-11i,0.007179678161721083-1.7175209011937997E-7i
56.50815998561116,59.60953113299476,4.249999999999989,1.435935648047565E-6-3.4350418399531136E-11i,0.0071796781617210845-1.7175209011937992E-7i
56.5825229990507,61.38868293547892,4.19463417109624,1.4359356490067715E-6-3.435041842247722E-11i,0.007179678161721085-1.7175209011937992E-7i
54.12300548031539,61.28343159727884,4.735899025833616,1.4359356413980971E-6-3.435041824046268E-11i,0.007179678161721084-1.7175209011937995E-7i
51.82474404195311,64.52061012511574,8.00000000000001,1.4359356267487186E-6-3.4350417890020656E-11i,0.007179678161721082-1.7175209011938E-7i
52.41237202097999,64.07377158308486,5.5000000000000275,1.4359356314365265E-6-3.4350418002162255E-11i,0.007179678161721083-1.7175209011937997E-7i
55.37448427284693,55.89617617728107,5.846180555555553,1.4359356288367927E-6-3.4350417939971443E-11i,0.007179678161721084-1.7175209011937995E-7i
54.95505518279454,54.3228394456585,8.085430021367511,1.435935624936497E-6-3.435041784666865E-11i,0.0071796781617210845-1.7175209011937992E-7i
55.629560802763415,57.90352696959138,5.4152314814814755,1.435935631282278E-6-3.435041799847231E-11i,0.007179678161721084-1.7175209011937995E-7i
56.60541879996776,56.400221815964066,4.2500000000000036,1.435935649660851E-6-3.435041843812415E-11i,0.007179678161721086-1.7175209011937992E-7i
57.32418982459276,57.66823898916141,13,1.4359356211571153E-6-3.435041775625841E-11i,0.007179678161721083-1.7175209011937997E-7i
55.16209491230384,58.91553520753913,8.000000000000002,1.4359356290942153E-6-3.435041794612949E-11i,0.007179678161721082-1.7175209011938E-7i
53.47793939716818,58.07080168101058,5.536458333333336,1.4359356337078121E-6-3.4350418056495833E-11i,0.007179678161721084-1.7175209011937995E-7i
53.649488083909596,63.682236401609785,13,1.4359356212853074E-6-3.435041775932508E-11i,0.007179678161721085-1.7175209011937992E-7i
49.26765026563834,62.72022861675119,8.011160714285724,1.4359356231634651E-6-3.435041780425433E-11i,0.007179678161721084-1.7175209011937992E-7i
53.05657401311869,61.650683247168246,8.000000000000005,1.4359356294361566E-6-3.4350417954309456E-11i,0.0071796781617210845-1.7175209011937992E-7i
52.903491386643765,56.862450591421904,7.999999999999994,1.43593562588034E-6-3.435041786924727E-11i,0.007179678161721085-1.7175209011937992E-7i
50.710047034861006,59.90542662474207,8.000000000000007,1.4359356264237337E-6-3.435041788224633E-11i,0.007179678161721084-1.7175209011937995E-7i
52.67751175872028,62.2635437350853,4.250000000000035,1.435935649588697E-6-3.435041843639806E-11i,0.007179678161721086-1.7175209011937992E-7i
52.355023517433686,60.90015442911661,5.500000000000026,1.4359356321725484E-6-3.4350418019769324E-11i,0.007179678161721084-1.7175209011937995E-7i
54.86970028324995,59.272409192097946,4.249999999999984,1.4359356516068472E-6-3.4350418484676184E-11i,0.007179678161721085-1.7175209011937992E-7i
53.23124058088873,58.93528725120113,4.24999999999998,1.435935646507401E-6-3.4350418362687374E-11i,0.007179678161721086-1.7175209011937992E-7i
51.094642182268124,64.48687463250498,4.056510416666662,1.4359356426656588E-6-3.4350418270785275E-11i,0.007179678161721086-1.7175209011937995E-7i
46.66808974411917,64.0344540291877,6.750000000000011,1.4359356260336892E-6-3.4350417872915705E-11i,0.007179678161721084-1.7175209011937992E-7i
45.074999658915786,69.05968930243387,4.410090447848949,1.435935645094251E-6-3.435041832888206E-11i,0.007179678161721084-1.7175209011937992E-7i
45.298557024276064,67.30876163169627,5.500000000000018,1.4359356264211892E-6-3.43504178821855E-11i,0.0071796781617210845-1.7175209011937992E-7i
50.1232084465186,63.95223255910307,5.187500000000008,1.4359356276240965E-6-3.4350417910961353E-11i,0.007179678161721084-1.7175209011937995E-7i
47.082297803127005,66.51809016978184,5.4999999999999885,1.4359356326144207E-6-3.435041803033983E-11i,0.0071796781617210845-1.7175209011937992E-7i
49.03551844209407,66.41023413303638,4.5625000000000115,1.4359356458040222E-6-3.4350418345861196E-11i,0.007179678161721086-1.7175209011937992E-7i
48.02665822793389,67.45513307913617,4.406249999999989,1.4359356506506058E-6-3.435041846180101E-11i,0.007179678161721083-1.7175209011937997E-7i
47.8340448720572,63.83069353512127,4.874999999999989,1.4359356397935363E-6-3.435041820207847E-11i,0.007179678161721084-1.7175209011937995E-7i
43.559066328961165,63.671651682681826,8.070913047171533,1.4359356276242748E-6-3.4350417910965696E-11i,0.0071796781617210845-1.7175209011937992E-7i
40.304071433679994,64.1891076392834,7.999999999999993,1.4359356276188876E-6-3.4350417910836843E-11i,0.0071796781617210845-1.7175209011937992E-7i
38.99134315462892,66.59152810597564,8.009194344291382,1.4359356264611941E-6-3.43504178831425E-11i,0.007179678161721086-1.7175209011937995E-7i
45.83404487206096,63.83069353511957,4.875000000000001,1.4359356396444884E-6-3.435041819851294E-11i,0.007179678161721084-1.7175209011937992E-7i
44.2948078885527,65.36094397484501,5.500000000000009,1.4359356330367539E-6-3.4350418040442914E-11i,0.0071796781617210845-1.7175209011937992E-7i
43.71421961991169,63.085062972388734,6.12500000000001,1.4359356344522E-6-3.435041807430316E-11i,0.0071796781617210845-1.7175209011937992E-7i
45.649278512139745,66.33387274015962,4.250000000000002,1.4359356528395708E-6-3.4350418514165354E-11i,0.0071796781617210845-1.7175209011937992E-7i
38.15304638398099,69.43391646066073,5.500000000000005,1.4359356331119848E-6-3.435041804224257E-11i,0.007179678161721082-1.7175209011938003E-7i
36.84695658344325,68.14936795140063,7.455552938146861,1.435935625884858E-6-3.435041786935541E-11i,0.0071796781617210845-1.7175209011937992E-7i
38.248160652921335,71.99069797331697,5.500000000000006,1.4359356309839467E-6-3.4350417991335624E-11i,0.007179678161721083-1.7175209011937997E-7i
37.18985040791315,72.6945064814376,4.562499999999975,1.4359356444304717E-6-3.4350418313003094E-11i,0.007179678161721085-1.7175209011937992E-7i
35.63552341409842,71.28282658412775,4.2499999999999964,1.4359356491721808E-6-3.435041842643415E-11i,0.0071796781617210845-1.7175209011937992E-7i
31.6204483487083,74.79523974748703,5.499999999999984,1.4359356326844454E-6-3.4350418032014984E-11i,0.007179678161721084-1.7175209011937995E-7i
32.644272575759175,72.60355088334502,5.929346485058643,1.4359356301596074E-6-3.4350417971615845E-11i,0.007179678161721083-1.7175209011937997E-7i
33.003117870740745,75.06664839005965,4.249999999999974,1.4359356508582161E-6-3.435041846676749E-11i,0.0071796781617210845-1.7175209011937992E-7i
29.954702658496544,74.16611280403549,4.250000000000021,1.4359356423561937E-6-3.435041826338227E-11i,0.007179678161721086-1.7175209011937995E-7i
23.11762735866545,75.56771200637766,5.147451123141772,1.4359356346979155E-6-3.4350418080181136E-11i,0.007179678161721082-1.7175209011937997E-7i
25.310271583698892,75.49783274899818,4.250000000000026,1.4359356452337272E-6-3.435041833221852E-11i,0.0071796781617210845-1.7175209011937992E-7i
22.62281610964505,72.928255570916,5.499999999999996,1.4359356282947515E-6-3.435041792700476E-11i,0.0071796781617210845-1.7175209011937992E-7i
25.049156306123567,73.783296066157,4.875000000000001,1.4359356454766099E-6-3.4350418338028816E-11i,0.007179678161721084-1.7175209011937992E-7i
26.792697600331298,72.86361991307768,5.5,1.4359356304893408E-6-3.435041797950372E-11i,0.007179678161721084-1.7175209011937992E-7i
24.788041028548236,72.06875938331584,5.499999999999976,1.435935628991653E-6-3.435041794367605E-11i,0.007179678161721084-1.7175209011937992E-7i
22.545554282276626,71.96459068923507,4.249999999999996,1.4359356511032041E-6-3.435041847262806E-11i,0.007179678161721084-1.7175209011937995E-7i
22.415109562197227,70.94582653389915,5.4999999999999805,1.4359356332778987E-6-3.43504180462115E-11i,0.007179678161721084-1.7175209011937992E-7i
21.881407588537662,74.44503726323207,4.105102130130896,1.4359356545676282E-6-3.43504185555039E-11i,0.007179678161721085-1.7175209011937992E-7i
24.502425482097554,71.01281279084401,4.249999999999998,1.4359356475572752E-6-3.435041838780245E-11i,0.0071796781617210845-1.7175209011937992E-7i
24.463184275236177,69.85113749467004,5.523352134300423,1.4359356355027902E-6-3.435041809943538E-11i,0.007179678161721086-1.7175209011937992E-7i
28.189464389406385,73.69975505482607,4.250000000000005,1.4359356472663077E-6-3.435041838084192E-11i,0.007179678161721084-1.7175209011937992E-7i
29.64920393331258,72.24761222784099,5.704359983707007,1.4359356332310035E-6-3.4350418045089724E-11i,0.007179678161721083-1.7175209011937997E-7i
26.35692547628809,71.89934561593687,4.250000000000001,1.4359356481425057E-6-3.4350418401802277E-11i,0.0071796781617210845-1.7175209011937992E-7i
34.25562048936579,73.25007043677098,4.875000000000007,1.4359356401571847E-6-3.435041821077763E-11i,0.007179678161721084-1.7175209011937995E-7i
31.658940714315857,73.42621413940758,4.250000000000002,1.4359356462335818E-6-3.435041835613705E-11i,0.007179678161721086-1.7175209011937995E-7i
33.318063216294476,71.26728992342439,4.249999999999999,1.435935642532119E-6-3.435041826759077E-11i,0.007179678161721085-1.7175209011937992E-7i
30.156173930284645,72.98822145999485,4.250000000000014,1.4359356412577003E-6-3.435041823710412E-11i,0.007179678161721084-1.7175209011937995E-7i
31.4831701199549,71.4628202921165,4.177577260374044,1.4359356475676733E-6-3.4350418388051213E-11i,0.0071796781617210845-1.7175209011937992E-7i
31.990290629672856,70.33639742934268,5.604144401155603,1.435935633512727E-6-3.4350418051829107E-11i,0.0071796781617210845-1.7175209011937992E-7i
30.208524694552818,71.28072864084497,4.250000000000009,1.4359356449439373E-6-3.4350418325286215E-11i,0.007179678161721086-1.7175209011937992E-7i
43.541532585252625,67.14515907370773,4.874999999999999,1.435935638537908E-6-3.435041817204136E-11i,0.007179678161721082-1.7175209011938E-7i
41.46425276223324,66.43746828315176,4.283541563338808,1.4359356433240402E-6-3.435041828653509E-11i,0.007179678161721084-1.7175209011937992E-7i
42.64971983055523,64.20097942405937,4.875000000000021,1.4359356500469578E-6-3.435041844736059E-11i,0.007179678161721084-1.7175209011937995E-7i
41.525746837626386,63.444582749515654,5.673100153522946,1.4359356381651468E-6-3.435041816312424E-11i,0.007179678161721084-1.7175209011937995E-7i
39.04301621051789,65.13712271986591,5.472732843137256,1.4359356345536345E-6-3.435041807672967E-11i,0.007179678161721082-1.7175209011937997E-7i
35.05810683616818,70.48001528029434,5.275022124690937,1.435935639113741E-6-3.435041818581632E-11i,0.007179678161721082-1.7175209011938003E-7i
34.276760501826246,69.84717422471181,7.999999999999986,1.435935623082657E-6-3.435041780232122E-11i,0.007179678161721085-1.7175209011937992E-7i
39.34046230614833,67.6026327475451,4.1611624576054345,1.4359356420789998E-6-3.4350418256751284E-11i,0.007179678161721084-1.7175209011937992E-7i
38.05793211504065,66.87713494800447,5.500000000000003,1.4359356239098254E-6-3.4350417822108746E-11i,0.0071796781617210845-1.7175209011937992E-7i
35.4970550208011,67.76269500882026,5.499999999999987,1.4359356325543729E-6-3.435041802890336E-11i,0.007179678161721083-1.7175209011937997E-7i
36.74852751040045,68.29289023628803,4.250000000000002,1.4359356472068295E-6-3.435041837941908E-11i,0.007179678161721085-1.7175209011937992E-7i
37.066495887293364,66.24183157859669,4.250000000000011,1.4359356409746626E-6-3.435041823033334E-11i,0.0071796781617210845-1.7175209011937992E-7i
32.874204462375076,67.74838508115269,5.499999999999979,1.435935633433186E-6-3.435041804992629E-11i,0.007179678161721084-1.7175209011937992E-7i
33.34094939157534,69.55505803946383,4.24999999999998,1.4359356499929506E-6-3.4350418446068556E-11i,0.007179678161721084-1.7175209011937992E-7i
34.11994100105964,66.37830423817756,4.250000000000011,1.4359356527811033E-6-3.435041851276669E-11i,0.007179678161721084-1.7175209011937992E-7i
33.181204366619,65.51535189735355,5.499999999999991,1.4359356367186467E-6-3.4350418128520996E-11i,0.007179678161721085-1.7175209011937992E-7i
28.13570421502349,70.69449172223916,4.249999999999991,1.4359356443444523E-6-3.435041831094534E-11i,0.007179678161721083-1.7175209011937997E-7i
30.86011424443514,69.14524282349286,4.411052451852202,1.4359356448305393E-6-3.435041832257348E-11i,0.007179678161721083-1.7175209011937997E-7i
83.92996005737709,5.826592693357057,13,1.435935626356958E-6-3.435041788064899E-11i,0.0071796781617210845-1.7175209011937992E-7i
81.61971999407527,9.10015573688048,9.717837916170788,1.4359356254246482E-6-3.4350417858346256E-11i,0.007179678161721086-1.7175209011937992E-7i
61.055224584748906,50.78418991569228,5.500000000000022,1.4359356280376972E-6-3.4350417920855493E-11i,0.007179678161721082-1.7175209011937997E-7i
62.32082277740233,51.084958345169085,4.250000000000019,1.435935648685177E-6-3.435041841478407E-11i,0.007179678161721086-1.7175209011937992E-7i
57.22717754585817,54.80868785193304,4.250000000000016,1.435935644123944E-6-3.435041830567036E-11i,0.007179678161721084-1.7175209011937995E-7i
55.573857332594535,54.59939322295409,4.249999999999979,1.4359356443251753E-6-3.4350418310484206E-11i,0.007179678161721085-1.7175209011937992E-7i
61.05144504879169,53.04159178415023,4.874999999999993,1.435935639428158E-6-3.4350418193337867E-11i,0.007179678161721083-1.7175209011937997E-7i
58.95367486299914,52.36208928369735,4.128420857988174,1.435935649904914E-6-3.4350418443962555E-11i,0.0071796781617210845-1.7175209011937992E-7i
59.87360582830206,54.076383678034475,4.250000000000009,1.435935649067003E-6-3.4350418423918114E-11i,0.007179678161721086-1.7175209011937992E-7i
58.83928688072421,50.6286124897936,5.578124999999994,1.4359356272751413E-6-3.4350417902613744E-11i,0.007179678161721083-1.7175209011937997E-7i
55.01750448923608,52.908964898536915,5.499999999999998,1.435935632395491E-6-3.4350418025102584E-11i,0.007179678161721082-1.7175209011938003E-7i
56.6657953519143,51.748441704413295,4.328125000000002,1.4359356500901137E-6-3.435041844839298E-11i,0.007179678161721086-1.7175209011937992E-7i
56.62334917669951,50.473035063894926,5.6562499999999645,1.435935633703245E-6-3.4350418056386646E-11i,0.007179678161721084-1.7175209011937995E-7i
54.04836994586364,50.41834244983471,6.2031249999999805,1.4359356285328254E-6-3.4350417932699964E-11i,0.007179678161721085-1.7175209011937992E-7i
59.71004960246193,48.263017995569896,5.500000000000004,1.4359356308548114E-6-3.4350417988246505E-11i,0.007179678161721082-1.7175209011937997E-7i
59.50105915331829,49.81430624490188,4.289062499999997,1.4359356478698053E-6-3.435041839527875E-11i,0.007179678161721085-1.7175209011937992E-7i
57.68817237824857,49.0409773209054,4.289062499999992,1.4359356490138246E-6-3.435041842264599E-11i,0.007179678161721086-1.7175209011937992E-7i
63.783792651434275,48.20059814058745,4.249999999999998,1.4359356521587878E-6-3.4350418497879686E-11i,0.0071796781617210845-1.7175209011937992E-7i
66.05343755651171,46.91670774484875,4.249999999999989,1.4359356518283086E-6-3.435041848997401E-11i,0.0071796781617210845-1.7175209011937992E-7i
64.5280085391081,46.798216742630494,5.500000000000002,1.4359356331027894E-6-3.435041804202257E-11i,0.007179678161721085-1.7175209011937992E-7i
61.23547861986267,48.38150899778734,4.2500000000000036,1.435935645959095E-6-3.435041834957077E-11i,0.007179678161721084-1.7175209011937995E-7i
62.30812581381297,47.76301799556453,5.500000000000005,1.4359356267992331E-6-3.4350417891229044E-11i,0.007179678161721084-1.7175209011937995E-7i
63.39502829453661,45.913298780866285,4.951483718487396,1.435935638733821E-6-3.435041817672797E-11i,0.007179678161721084-1.7175209011937992E-7i
64.38033680429355,44.22479107991866,4.862561430822336,1.43593564026094E-6-3.435041821325968E-11i,0.007179678161721084-1.7175209011937992E-7i
65.6342930279853,44.90566236808521,4.158772703793061,1.4359356484719782E-6-3.435041840968395E-11i,0.0071796781617210845-1.7175209011937992E-7i
60.641269270582015,45.79697958685364,5.500000000000011,1.435935634721971E-6-3.43504180807566E-11i,0.007179678161721082-1.7175209011938E-7i
71.16905486645726,38.61366267324665,4.249999999999994,1.4359356469535709E-6-3.43504183733606E-11i,0.007179678161721084-1.7175209011937992E-7i
71.01983453457298,40.312046944399995,4.250000000000009,1.4359356468685487E-6-3.4350418371326765E-11i,0.007179678161721085-1.7175209011937992E-7i
65.0409213231391,43.026747891524394,4.250000000000009,1.435935649363809E-6-3.4350418431018296E-11i,0.007179678161721086-1.7175209011937992E-7i
68.31721780106925,40.8676668768359,4.875000000000027,1.4359356402919172E-6-3.4350418214000716E-11i,0.007179678161721084-1.7175209011937995E-7i
66.52003829936207,41.460581329942336,5.187500000000001,1.4359356375204754E-6-3.435041814770234E-11i,0.007179678161721084-1.7175209011937992E-7i
66.30378736126892,38.67284095189299,5.500000000000011,1.435935629715275E-6-3.435041796098653E-11i,0.007179678161721084-1.7175209011937995E-7i
69.4666096557349,35.328476331027865,6.74999999999999,1.435935632194354E-6-3.4350418020291E-11i,0.007179678161721086-1.7175209011937995E-7i
70.05092265401676,37.22732534649342,5.499999999999974,1.4359356348329796E-6-3.435041808341216E-11i,0.007179678161721082-1.7175209011937997E-7i
68.50022023570132,38.97504157459657,4.249999999999984,1.4359356512062459E-6-3.435041847509298E-11i,0.007179678161721084-1.7175209011937995E-7i
68.17735500764283,37.950083149193205,5.499999999999993,1.4359356361476488E-6-3.435041811486162E-11i,0.007179678161721085-1.7175209011937992E-7i
66.80607727578136,40.28499445836129,4.093749999999987,1.4359356488160233E-6-3.435041841791419E-11i,0.007179678161721086-1.7175209011937992E-7i
61.46479652357981,42.5529687859314,5.57765693507881,1.435935634513431E-6-3.435041807576789E-11i,0.007179678161721083-1.7175209011937997E-7i
62.50300602133872,44.181003269977104,4.874999999999981,1.4359356402892643E-6-3.435041821393724E-11i,0.007179678161721085-1.7175209011937992E-7i
65.04028484452775,41.061404079429074,4.249999999999977,1.4359356481482162E-6-3.4350418401938936E-11i,0.007179678161721084-1.7175209011937995E-7i
63.31858802326303,39.6940216639154,5.499999999999989,1.4359356324785528E-6-3.4350418027089634E-11i,0.007179678161721082-1.7175209011937997E-7i
63.3139614357331,42.088277067437474,4.250000000000009,1.4359356503190953E-6-3.4350418453870595E-11i,0.007179678161721084-1.7175209011937992E-7i
65.02551361621724,38.91436913649239,4.250000000000002,1.435935644768975E-6-3.435041832110084E-11i,0.007179678161721085-1.7175209011937992E-7i
64.08853459386214,37.0564260744696,5.386045886774842,1.435935631722656E-6-3.4350418009007084E-11i,0.007179678161721083-1.7175209011937997E-7i
66.0034573245513,37.43211372730075,4.1375136322300055,1.435935644851502E-6-3.435041832307495E-11i,0.0071796781617210845-1.7175209011937992E-7i
67.42984147075623,35.81947295441255,5.401631332215254,1.435935627972604E-6-3.435041791929839E-11i,0.007179678161721083-1.7175209011937997E-7i
66.14954507523423,35.792366996174415,4.1215995841463915,1.4359356471319583E-6-3.435041837762801E-11i,0.007179678161721086-1.7175209011937992E-7i
64.5020405278272,34.43265123155592,5.5000000000000195,1.4359356272452061E-6-3.4350417901897535E-11i,0.007179678161721084-1.7175209011937995E-7i
69.15322265751202,34.71146587808017,4.875,1.4359356413455116E-6-3.435041823920474E-11i,0.007179678161721084-1.7175209011937995E-7i
71.74329109445567,33.54707288550077,4.110056980056969,1.4359356480456869E-6-3.435041839948616E-11i,0.0071796781617210845-1.7175209011937992E-7i
76.34846527053031,22.13250677162063,7.743558442229088,1.435935622819267E-6-3.435041779602036E-11i,0.007179678161721082-1.7175209011937997E-7i
76.27782442252166,26.64521139323403,5.401691971860838,1.435935627971673E-6-3.4350417919276095E-11i,0.007179678161721082-1.7175209011938E-7i
72.98046237389224,30.35885280188238,5.5112988513341135,1.4359356252574072E-6-3.4350417854345493E-11i,0.007179678161721084-1.7175209011937995E-7i
73.83204135699117,32.146439372846714,4.2500000000000036,1.4359356459006238E-6-3.435041834817204E-11i,0.0071796781617210845-1.7175209011937992E-7i
74.5574781280842,28.47981198589651,5.499999999999993,1.4359356332935618E-6-3.435041804658629E-11i,0.007179678161721083-1.7175209011937997E-7i
75.23911609747576,30.305848991947524,4.249999999999996,1.4359356464817904E-6-3.4350418362074744E-11i,0.007179678161721084-1.7175209011937992E-7i
72.56016834079276,29.081735471998513,4.250000000000008,1.4359356542545298E-6-3.4350418548014E-11i,0.0071796781617210845-1.7175209011937992E-7i
71.55129426316982,31.250597269095717,4.183042798175891,1.4359356496011375E-6-3.435041843669565E-11i,0.0071796781617210845-1.7175209011937992E-7i
70.84651977876611,30.54549343359799,5.451807847108174,1.4359356318154315E-6-3.43504180112264E-11i,0.007179678161721086-1.7175209011937992E-7i
68.04029579202388,33.2618145714357,5.500000000000015,1.4359356305109883E-6-3.435041798002154E-11i,0.007179678161721084-1.7175209011937995E-7i
70.16154366777769,32.817987799956356,5.0737962962963,1.4359356454897717E-6-3.4350418338343656E-11i,0.007179678161721084-1.7175209011937995E-7i
69.91997437870343,29.156816070289825,7.278543096648503,1.4359356201352059E-6-3.435041773181233E-11i,0.007179678161721085-1.7175209011937992E-7i
68.6142456631512,30.791257110714174,5.500000000000005,1.4359356383417335E-6-3.4350418167348466E-11i,0.007179678161721083-1.7175209011937997E-7i
71.91675335912892,28.000065542577932,5.653754250702714,1.4359356301637266E-6-3.435041797171436E-11i,0.007179678161721083-1.7175209011937997E-7i
78.26516616320085,14.465799222863378,5.70590378571296,1.4359356273919984E-6-3.435041790540912E-11i,0.007179678161721084-1.7175209011937992E-7i
73.88881638914602,25.50767394315093,6.637889731458174,1.4359356227203072E-6-3.4350417793653093E-11i,0.007179678161721082-1.7175209011937997E-7i
74.2864280715972,26.25250977469563,5.1874999999999885,1.435935630008266E-6-3.4350417967995457E-11i,0.0071796781617210845-1.7175209011937992E-7i
77.63781220772219,24.11700816912303,4.620932878356297,1.4359356406476236E-6-3.4350418222509935E-11i,0.007179678161721084-1.7175209011937995E-7i
75.36533268498687,23.71496076345912,5.50000000000001,1.4359356273087374E-6-3.4350417903417376E-11i,0.0071796781617210845-1.7175209011937992E-7i
77.29998843025247,22.561374245404465,4.562499999999991,1.4359356481940339E-6-3.435041840303498E-11i,0.0071796781617210845-1.7175209011937992E-7i
75.95224326237626,21.59189810612401,5.00343138217108,1.4359356324582946E-6-3.4350418026604964E-11i,0.007179678161721086-1.7175209011937995E-7i
73.26061968546982,27.056620055462986,4.093749999999997,1.435935655719853E-6-3.435041858306744E-11i,0.007179678161721086-1.7175209011937992E-7i
75.72797156294119,24.962733206613603,4.249999999999996,1.4359356530726372E-6-3.435041851974076E-11i,0.0071796781617210845-1.7175209011937992E-7i
81.97357727268225,6.291624544077791,7.937366436960516,1.435935624934575E-6-3.435041784662282E-11i,0.007179678161721082-1.7175209011937997E-7i
79.63998812876967,3.0311019629588385,8.533036238155315,1.4359356245921145E-6-3.435041783843044E-11i,0.007179678161721082-1.7175209011937997E-7i
78.63449168648737,20.465423818773406,4.2499999999999885,1.4359356477364351E-6-3.435041839208827E-11i,0.007179678161721086-1.7175209011937992E-7i
76.9714887743294,20.870039910658438,4.250000000000004,1.4359356455966533E-6-3.435041834090047E-11i,0.0071796781617210845-1.7175209011937992E-7i
79.88271737662645,12.904088543209895,5.4999999999999964,1.4359356329443015E-6-3.435041803823117E-11i,0.007179678161721084-1.7175209011937992E-7i
80.82286329812447,14.938542199729325,5.49999999999999,1.435935631545089E-6-3.435041800475927E-11i,0.007179678161721084-1.7175209011937992E-7i
81.90589079999248,15.15031962199868,4.249999999999998,1.4359356532705596E-6-3.4350418524475436E-11i,0.0071796781617210845-1.7175209011937992E-7i
81.36530342905851,18.02022957444282,4.249999999999971,1.4359356482235852E-6-3.43504184037419E-11i,0.007179678161721084-1.7175209011937995E-7i
79.61494093567102,16.657614599658547,4.874999999999983,1.435935638670201E-6-3.435041817520605E-11i,0.007179678161721082-1.7175209011937997E-7i
76.59355063785114,18.85288728008539,5.4999999999999885,1.4359356296406018E-6-3.435041795920024E-11i,0.007179678161721082-1.7175209011938E-7i
75.48972083070963,20.168241452514962,4.249999999999996,1.4359356539603021E-6-3.435041854097548E-11i,0.007179678161721086-1.7175209011937992E-7i
77.77214191192202,18.890860550747774,4.249999999999995,1.4359356484966379E-6-3.435041841027384E-11i,0.007179678161721085-1.7175209011937992E-7i
77.13731800317285,16.650468103161298,5.499999999999992,1.4359356245220884E-6-3.4350417836755213E-11i,0.007179678161721084-1.7175209011937995E-7i
76.09990910899228,14.162829486914095,5.646949550201589,1.4359356322373106E-6-3.435041802131855E-11i,0.0071796781617210845-1.7175209011937992E-7i
84.46745965739404,13.438809653228665,5.499999999999997,1.435935636103461E-6-3.435041811380447E-11i,0.007179678161721083-1.7175209011937997E-7i
86.30349051185841,11.221994140295369,4.874999999999992,1.4359356414198258E-6-3.4350418240982514E-11i,0.007179678161721084-1.7175209011937992E-7i
86.84378247668592,13.483489490090475,4.250000000000007,1.4359356486842745E-6-3.4350418414762446E-11i,0.007179678161721086-1.7175209011937992E-7i
82.39980168285706,13.062445373756486,5.1305774170508,1.4359356364123955E-6-3.435041812119482E-11i,0.007179678161721084-1.7175209011937995E-7i
84.11565126413782,11.56527460228173,4.249999999999976,1.4359356549399015E-6-3.435041856440945E-11i,0.007179678161721086-1.7175209011937992E-7i
81.97847822506324,11.574948552366607,4.338684114992375,1.4359356518594131E-6-3.435041849071806E-11i,0.007179678161721084-1.7175209011937995E-7i
81.08754425850512,13.513927779385174,4.25000000000002,1.4359356494376748E-6-3.435041843278528E-11i,0.007179678161721086-1.7175209011937992E-7i
78.06865900158635,16.119462685640595,4.24999999999999,1.435935649938632E-6-3.435041844476916E-11i,0.007179678161721086-1.7175209011937992E-7i
76.44325850083723,14.503415002556446,4.249999999999993,1.4359356532690312E-6-3.435041852443894E-11i,0.007179678161721085-1.7175209011937992E-7i
75.36261057756369,16.677289455274334,4.87499999999999,1.4359356504598828E-6-3.4350418457238474E-11i,0.007179678161721084-1.7175209011937992E-7i
84.58237625987184,0,6.113279637765352,1.4359356327017375E-6-3.43504180324286E-11i,0.007179678161721085-1.7175209011938E-7i
87.13171630986017,7.203817832485417,5.485993522651352,1.4359356122672907E-6-3.435041754359629E-11i,0.007179678161721084-1.7175209011937992E-7i
85.32524786903181,6.2181834794169735,5.471987045302722,1.4359356151294953E-6-3.435041761206584E-11i,0.007179678161721084-1.7175209011937992E-7i
86.42618101022266,9.106757831337589,5.500000000000013,1.435935621675406E-6-3.4350417768656936E-11i,0.007179678161721082-1.7175209011938E-7i
87.25066829580236,9.691443395021219,4.250000000000015,1.4359356404175593E-6-3.435041821700635E-11i,0.007179678161721085-1.7175209011937997E-7i
89.9598124254269,7.049243436243154,4.867996761325681,1.4359356389562674E-6-3.435041818204934E-11i,0.007179678161721083-1.7175209011937997E-7i
87.99799128331448,8.41972206199614,4.2500000000000115,1.4359356333052777E-6-3.435041804686652E-11i,0.007179678161721084-1.7175209011937995E-7i
84.07722459671227,9.832838612559055,4.250000000000003,1.4359356488771967E-6-3.435041841937759E-11i,0.007179678161721083-1.7175209011937997E-7i
85.1626239345159,7.439218758630658,4.235993522651375,1.4359356249376453E-6-3.4350417846696154E-11i,0.007179678161721085-1.7175209011937992E-7i
90.71260918465629,1.7513240730760498,4.962967778420399,1.435935644620805E-6-3.435041831755631E-11i,0.0071796781617210845-1.7175209011937992E-7i
89.67344513297206,3.5633293000806874,5.443974090605428,1.4359356319443393E-6-3.435041801431014E-11i,0.007179678161721086-1.7175209011937992E-7i
87.16800572371935,4.917540959003626,5.44397409060544,1.4359356193906023E-6-3.435041771400002E-11i,0.007179678161721084-1.7175209011937995E-7i
90.42356461102096,3.8459166863659697,4.315149378672095,1.4359356486448746E-6-3.435041841381997E-11i,0.007179678161721083-1.7175209011937997E-7i
88.65380602663541,5.948187891728087,4.235993522651375,1.4359356353051462E-6-3.435041809470733E-11i,0.0071796781617210845-1.7175209011937992E-7i
87.89967188312181,2.1078544528036596,5.387948181210875,1.4359356411016193E-6-3.4350418233370384E-11i,0.007179678161721084-1.7175209011937992E-7i
88.44850685338635,4.154678192805834,4.1495718614672725,1.435935644597741E-6-3.435041831700455E-11i,0.0071796781617210845-1.7175209011937992E-7i
83.48249001434428,7.5188259998303275,5.500000000000003,1.435935637183322E-6-3.4350418139637E-11i,0.007179678161721083-1.7175209011937997E-7i
87.06585815493005,6.199985127596043,4.242996761325688,1.43593561756309E-6-3.4350417670282304E-11i,0.007179678161721085-1.7175209011937992E-7i
88.53762925108012,0,4.634050950659496,1.4359356538909295E-6-3.435041853931599E-11i,0.0071796781617210845-1.7175209011938E-7i
85.90475116016894,3.150140077305531,5.387948181210855,1.4359356352227096E-6-3.4350418092735256E-11i,0.007179678161721084-1.7175209011937992E-7i
86.95237558008445,3.3071208462216406,4.193974090605443,1.435935655031494E-6-3.4350418566600527E-11i,0.007179678161721086-1.7175209011937992E-7i
86.39710464293356,0,4.680044294456437,1.4359356496535576E-6-3.4350418437949656E-11i,0.007179678161721085-1.7175209011937997E-7i
84.72166292034925,0,4.218728418067071,1.4359356465261053E-6-3.43504183631348E-11i,0.007179678161721084-1.7175209011937997E-7i
81.01373182790238,8.120455416034142,6.750000000000003,1.4359356300770048E-6-3.435041796963987E-11i,0.0071796781617210845-1.7175209011937992E-7i
78.54080875933336,6.861790140374293,8.000000000000009,1.4359356258691753E-6-3.4350417868980276E-11i,0.007179678161721085-1.7175209011937992E-7i
81.77248682073022,8.691169435041148,5.500000000000016,1.4359356392961758E-6-3.435041819018065E-11i,0.0071796781617210845-1.7175209011937992E-7i
80.22366550018934,10.25487034269135,5.447400454071398,1.4359356332219466E-6-3.4350418044873015E-11i,0.0071796781617210845-1.7175209011937992E-7i
82.6618015103873,2.0962128509037177,6.018890773065477,1.435935632355889E-6-3.4350418024155236E-11i,0.007179678161721085-1.7175209011937992E-7i
80.36956115270524,0,8.525291034041935,1.4359356254426559E-6-3.4350417858777036E-11i,0.0071796781617210845-1.7175209011937995E-7i
81.41377258355857,0,6.649833364920093,1.435935628958909E-6-3.43504179428928E-11i,0.007179678161721085-1.7175209011937997E-7i
80.9824900143443,6.652800596045929,5.499999999999988,1.4359356392539012E-6-3.435041818916937E-11i,0.0071796781617210845-1.7175209011937992E-7i
80.67038350512124,3.326400298022959,5.817295173714611,1.4359356342095388E-6-3.435041806849821E-11i,0.007179678161721084-1.7175209011937992E-7i
83.83090075519367,1.9141318292362879,4.509445386532732,1.4359356447540586E-6-3.435041832074394E-11i,0.0071796781617210845-1.7175209011937992E-7i
83.90983043721606,4.192425701807402,5.3879481812108345,1.4359356361911325E-6-3.435041811590188E-11i,0.0071796781617210845-1.7175209011937992E-7i
85.45237558008448,4.173146250006095,4.193974090605449,1.4359356455161782E-6-3.435041833897531E-11i,0.0071796781617210845-1.7175209011937992E-7i
84.1626239345159,5.707167951061805,4.235993522651345,1.4359356397284309E-6-3.4350418200521006E-11i,0.0071796781617210845-1.7175209011937992E-7i
82.33090075519365,2.780157233020731,4.509445386532721,1.4359356456110838E-6-3.4350418341245715E-11i,0.0071796781617210845-1.7175209011937992E-7i
82.45491521860802,4.694289062257042,4.193974090605419,1.4359356398323974E-6-3.435041820300805E-11i,0.007179678161721084-1.7175209011937992E-7i
78.84054268424727,14.152227693394135,4.250000000000019,1.435935652926931E-6-3.43504185162552E-11i,0.007179678161721084-1.7175209011937992E-7i
77.73525903040378,12.588042612567234,4.250000000000031,1.4359356498029946E-6-3.435041844152444E-11i,0.007179678161721084-1.7175209011937995E-7i
81.33446208237818,10.076408517503701,4.065886002974583,1.4359356555251064E-6-3.4350418578408666E-11i,0.0071796781617210845-1.7175209011937992E-7i
79.81418684859838,11.923809559650998,4.142459274772187,1.4359356467193885E-6-3.435041836775844E-11i,0.0071796781617210845-1.7175209011937992E-7i
78.38178088423138,0,6.713098688626527,1.43593562909561E-6-3.4350417946162916E-11i,0.007179678161721085-1.7175209011938E-7i
78.2226820300884,10.136404105109017,8.134355518770542,1.4359356258161982E-6-3.435041786771285E-11i,0.007179678161721083-1.7175209011937997E-7i
76.36217073698927,13.30764058435451,8.000000000000002,1.435935624240577E-6-3.43504178300209E-11i,0.007179678161721084-1.7175209011937995E-7i
80.51663114565923,11.835622189867962,13,1.4359356238511604E-6-3.435041782070529E-11i,0.007179678161721086-1.7175209011937992E-7i
74.65086318076337,16.3577983240994,7.788285451475013,1.4359356219573783E-6-3.435041777540228E-11i,0.007179678161721083-1.7175209011937997E-7i
77.21789428204926,17.362275027168124,13,1.4359356226637663E-6-3.4350417792300466E-11i,0.0071796781617210845-1.7175209011937992E-7i
73.3280953288717,19.974600841362218,7.999999999999998,1.4359356247656944E-6-3.435041784258276E-11i,0.007179678161721084-1.7175209011937992E-7i
74.31659754837963,23.47259644924722,13,1.4359356244758067E-6-3.4350417835648045E-11i,0.007179678161721084-1.7175209011937992E-7i
70.58925072590502,25.634113597422715,7.600361131570815,1.435935624990529E-6-3.4350417847961313E-11i,0.007179678161721083-1.7175209011937997E-7i
72.56005219181331,23.149107502839833,7.56245702168488,1.4359356302993948E-6-3.435041797495983E-11i,0.0071796781617210845-1.7175209011937992E-7i
68.88229665745303,33.42962731556233,8.000000000000005,1.4359356249024462E-6-3.435041784585415E-11i,0.007179678161721084-1.7175209011937995E-7i
67.05487530511388,30.060777168851224,7.292183997894966,1.4359356211819906E-6-3.435041775685347E-11i,0.007179678161721084-1.7175209011937995E-7i
71.02687584072706,28.995106149940426,13,1.4359356246522608E-6-3.4350417839869206E-11i,0.007179678161721085-1.7175209011937992E-7i
67.63475609288854,26.366289428484354,8.104216871776037,1.4359356233679236E-6-3.4350417809145346E-11i,0.007179678161721084-1.7175209011937992E-7i
68.24152235612439,36.26011881177675,13,1.4359356228659893E-6-3.4350417797138076E-11i,0.007179678161721083-1.7175209011937997E-7i
66.14390782043417,35.87839086867074,7.755859375000006,1.435935624253967E-6-3.4350417830341235E-11i,0.007179678161721083-1.7175209011937997E-7i
62.927084760001726,38.19923370013838,8.00000000000001,1.435935623102631E-6-3.435041780279901E-11i,0.0071796781617210845-1.7175209011937992E-7i
61.11749785549337,37.79495635303211,5.500000000000019,1.435935632565732E-6-3.435041802917517E-11i,0.007179678161721083-1.7175209011937997E-7i
62.5526703944345,35.2760332389404,5.50000000000001,1.4359356330571242E-6-3.4350418040930155E-11i,0.007179678161721086-1.7175209011937992E-7i
62.06263152938282,35.38077374557748,7.097609001794428,1.4359356261394895E-6-3.435041787544668E-11i,0.007179678161721084-1.7175209011937992E-7i
63.40173081055456,47.029498864110565,13,1.4359356216106153E-6-3.435041776710708E-11i,0.0071796781617210845-1.7175209011937992E-7i
60.58982178792912,40.82329775974187,7.876325063825067,1.4359356252789765E-6-3.435041785486154E-11i,0.007179678161721084-1.7175209011937995E-7i
60.99582150451133,46.73047775593092,8.245535714285708,1.4359356267310074E-6-3.435041788959693E-11i,0.007179678161721084-1.7175209011937992E-7i
59.11328989650568,38.333401799629684,8.000000000000014,1.4359356251844821E-6-3.435041785260107E-11i,0.007179678161721084-1.7175209011937992E-7i
64.09014476535644,41.42219178508954,13,1.4359356228185796E-6-3.4350417796004005E-11i,0.007179678161721086-1.7175209011937992E-7i
60.76771846539776,43.69489535162053,8.272435897435894,1.4359356243439063E-6-3.4350417832492803E-11i,0.007179678161721085-1.7175209011937992E-7i
58.031109835957004,44.08298140320897,7.429945054945058,1.4359356282927498E-6-3.435041792695694E-11i,0.0071796781617210845-1.7175209011937992E-7i
58.010547575561716,47.62472494989407,7.999999999999988,1.4359356268294258E-6-3.4350417891951295E-11i,0.007179678161721083-1.7175209011937997E-7i
57.267779099595465,45.6908742196947,5.500000000000013,1.435935636206196E-6-3.435041811626222E-11i,0.0071796781617210845-1.7175209011937992E-7i
55.03177656454922,48.72341390866433,7.999999999999962,1.435935625267244E-6-3.435041785458083E-11i,0.007179678161721084-1.7175209011937992E-7i
58.72079914497445,50.22144734329868,13,1.4359356213594637E-6-3.435041776109901E-11i,0.007179678161721086-1.7175209011937992E-7i
53.548889417950434,51.25497009791237,8.624999999999977,1.435935623604637E-6-3.4350417814807985E-11i,0.0071796781617210845-1.7175209011937992E-7i
5.839998331389097,83.89254226743637,13,1.4359356202067393E-6-3.435041773352357E-11i,0.007179678161721084-1.7175209011937995E-7i
3.501896451667353,81.18298513511225,8.69088928295462,1.4359356271808666E-6-3.435041790035848E-11i,0.0071796781617210845-1.7175209011937992E-7i
0,79.72483210233237,7.019817995902253,1.4359356256972028E-6-3.4350417864866274E-11i,0.007179678161721086-1.7175209011937995E-7i
8.383070074496553,78.97553502271306,8.716963117166623,1.4359356243079642E-6-3.435041783163297E-11i,0.007179678161721082-1.7175209011937997E-7i
12.365072950349884,80.25504775666147,13,1.4359356225206577E-6-3.435041778887713E-11i,0.0071796781617210845-1.7175209011937992E-7i
12.740729040414903,76.99650329015579,7.785715072142566,1.4359356264454313E-6-3.4350417882765364E-11i,0.007179678161721084-1.7175209011937992E-7i
14.172436198784947,75.46995584023605,8.459401657745035,1.4359356237932322E-6-3.435041781931958E-11i,0.007179678161721086-1.7175209011937992E-7i
18.986598831931687,77.06791323798764,13,1.435935622844763E-6-3.4350417796630317E-11i,0.0071796781617210845-1.717520901193799E-7i
19.384509000923604,72.92812624328558,7.374999999999995,1.4359356236676289E-6-3.4350417816314857E-11i,0.007179678161721083-1.7175209011937997E-7i
52.06600227135166,53.78652628716041,9.249999999999991,1.4359356227710068E-6-3.435041779486586E-11i,0.0071796781617210845-1.7175209011937992E-7i
53.272549585707004,52.803893529026475,13,1.4359356204874121E-6-3.43504177402378E-11i,0.007179678161721085-1.7175209011937997E-7i
29.42728025376362,69.42097422609947,5.723675472952418,1.4359356354774332E-6-3.435041809882875E-11i,0.007179678161721084-1.7175209011937992E-7i
26.7817668564959,70.42233930619956,5.694373477304678,1.4359356352642752E-6-3.43504180937296E-11i,0.0071796781617210845-1.7175209011937992E-7i
33.02494296591706,75.47031868492802,13,1.4359356202526116E-6-3.4350417734620935E-11i,0.0071796781617210845-1.7175209011937992E-7i
31.79609680560434,71.473563023022,7.999999999999979,1.4359356247294825E-6-3.4350417841716526E-11i,0.007179678161721084-1.7175209011937992E-7i
30.022334048366954,74.36360661097154,7.983439991010757,1.4359356257583023E-6-3.435041786632794E-11i,0.007179678161721084-1.7175209011937992E-7i
27.059311556499807,74.34636774393121,7.999999999999996,1.4359356274533126E-6-3.4350417906875934E-11i,0.007179678161721084-1.7175209011937992E-7i
26.339323588187796,76.57806427619697,13,1.4359356215972351E-6-3.435041776678697E-11i,0.007179678161721085-1.7175209011937992E-7i
28.50578016647681,70.89200274284586,7.536319748301442,1.435935627409663E-6-3.4350417905831735E-11i,0.007179678161721086-1.7175209011937992E-7i
22.426187121887292,69.9935188475891,7.999999999999998,1.4359356244101147E-6-3.4350417834076576E-11i,0.007179678161721082-1.7175209011937997E-7i
20.09046813033614,69.7560750533165,5.524038461538451,1.4359356326694277E-6-3.4350418031655697E-11i,0.0071796781617210845-1.7175209011937992E-7i
25.552627742908502,70.34125032621306,7.999999999999998,1.4359356252925532E-6-3.435041785518626E-11i,0.007179678161721084-1.7175209011937992E-7i
18.917463308917508,69.87469396112347,8.046808492749985,1.435935623047142E-6-3.435041780147162E-11i,0.007179678161721084-1.7175209011937992E-7i
22.502949127210883,72.10925235093337,13,1.4359356203730893E-6-3.435041773750296E-11i,0.007179678161721086-1.7175209011937992E-7i
35.9926426116821,69.36917984900634,13,1.4359356223135385E-6-3.435041778392244E-11i,0.007179678161721084-1.7175209011937992E-7i
31.283278254537624,68.1077029442294,7.899517231315968,1.4359356239607584E-6-3.435041782332715E-11i,0.007179678161721084-1.7175209011937995E-7i
34.06588279528449,66.39356984644866,7.714042770325229,1.4359356247280358E-6-3.435041784168191E-11i,0.0071796781617210845-1.7175209011937992E-7i
46.25799915741818,60.89531804194502,8.000000000000014,1.4359356222164238E-6-3.43504177815992E-11i,0.007179678161721082-1.7175209011938E-7i
46.65499293496069,63.421465600376095,13,1.435935622432017E-6-3.435041778675665E-11i,0.0071796781617210845-1.7175209011937992E-7i
43.185774787060346,60.81859793432463,8.123769459706956,1.435935624149899E-6-3.435041782785174E-11i,0.007179678161721084-1.7175209011937992E-7i
40.01463594795432,61.3165609036282,7.99999999999999,1.4359356229477944E-6-3.435041779909509E-11i,0.007179678161721082-1.7175209011938003E-7i
37.141836731019595,64.42351536458911,8.666666666666663,1.4359356255664872E-6-3.435041786173938E-11i,0.007179678161721084-1.7175209011937995E-7i
37.548462306694496,63.111020402027435,6.075028269032783,1.4359356296545935E-6-3.435041795953495E-11i,0.0071796781617210845-1.7175209011937992E-7i
40.086374609290786,63.78474333551752,13,1.4359356224487809E-6-3.4350417787157645E-11i,0.007179678161721085-1.7175209011937992E-7i
35.90705248571946,60.80682698498579,7.570103569452093,1.4359356227825535E-6-3.4350417795142186E-11i,0.007179678161721084-1.7175209011937992E-7i
34.757098415893225,63.327328860645736,6.989755036630015,1.435935625984138E-6-3.435041787173043E-11i,0.0071796781617210845-1.7175209011937992E-7i
0,80.6287091236549,13,1.4359356206999555E-6-3.435041774532231E-11i,0.007179678161721084-1.7175209011937997E-7i
80.62858740825806,0,13,1.4359356212459966E-6-3.4350417758384684E-11i,0.007179678161721084-1.7175209011937997E-7i
16.318444577813317,73.09559694413858,8.15051120619215,1.4359356237761054E-6-3.4350417818909826E-11i,0.007179678161721084-1.7175209011937992E-7i
11.406936348868728,77.63368698528838,5.725443679759985,1.4359356334340403E-6-3.435041804994672E-11i,0.007179678161721083-1.7175209011937997E-7i
11.78613838587718,75.25481065397925,5.449219698427838,1.4359356378909517E-6-3.435041815656489E-11i,0.007179678161721086-1.7175209011937992E-7i
11.41458859936803,74.62807777137402,7.019128974428694,1.435935631985841E-6-3.4350418015302956E-11i,0.0071796781617210845-1.7175209011937992E-7i
6.536630513759714,80.83922792959389,7.2941334686893375,1.4359356289364518E-6-3.435041794235558E-11i,0.007179678161721084-1.7175209011937992E-7i
9.51280320984614,76.49156527520897,6.848471675332656,1.4359356306062648E-6-3.435041798230073E-11i,0.007179678161721084-1.7175209011937992E-7i
3.9361372785690363,78.00002616819066,7.429530763567127,1.435935626913933E-6-3.4350417893972905E-11i,0.007179678161721082-1.7175209011937997E-7i
6.767859319049825,77.42537665120399,6.975084873159059,1.435935624777149E-6-3.435041784285679E-11i,0.007179678161721086-1.7175209011937992E-7i
1.9978837243605114,78.22556067882059,5.984734245515915,1.4359356317588325E-6-3.4350418009872425E-11i,0.007179678161721085-1.7175209011937997E-7i
0,75.7804174233379,8.253096071755547,1.4359356253788283E-6-3.435041785725018E-11i,0.007179678161721086-1.7175209011937995E-7i
1.823948104027157,75.76829743324507,5.909165183646601,1.435935632902887E-6-3.4350418037240516E-11i,0.007179678161721086-1.7175209011937992E-7i
3.6478962080543584,74.23304114233625,6.756038054911647,1.4359356205932582E-6-3.435041774276989E-11i,0.007179678161721084-1.7175209011937995E-7i
7.769723403495629,78.65429185405533,5.3405146837657185,1.4359356300568566E-6-3.435041796915785E-11i,0.007179678161721084-1.7175209011937995E-7i
9.199868265005914,78.08026531380531,4.369688283755653,1.4359356473783096E-6-3.435041838352117E-11i,0.007179678161721085-1.7175209011937992E-7i
6.027958963987397,80.75239021922881,5.5000000000000275,1.4359356346302473E-6-3.4350418078562414E-11i,0.0071796781617210845-1.7175209011937992E-7i
8.643144606592525,80.12619510961437,4.250000000000023,1.4359356482777563E-6-3.4350418405037755E-11i,0.007179678161721085-1.7175209011937992E-7i
6.0536231108651375,79.03564973272444,4.2816370089694695,1.4359356458086123E-6-3.435041834597098E-11i,0.007179678161721085-1.7175209011937992E-7i
4.746030289562582,81.37619510961439,4.250000000000026,1.4359356504290855E-6-3.4350418456501785E-11i,0.007179678161721084-1.7175209011937995E-7i
4.304462872044436,79.66184484233885,5.5316370089694695,1.4359356305351272E-6-3.435041798059898E-11i,0.007179678161721084-1.7175209011937995E-7i
2.1565087938352163,82.22245142518463,4.40838215853856,1.4359356470982335E-6-3.435041837682124E-11i,0.007179678161721084-1.7175209011937992E-7i
0,81.1136179229205,4.706104905779913,1.4359356444602796E-6-3.435041831371617E-11i,0.007179678161721085-1.7175209011938E-7i
1.9713737000897464,79.67540372920914,4.4368065412958675,1.4359356474563004E-6-3.4350418385386903E-11i,0.007179678161721084-1.7175209011937995E-7i
0,79.36358091374173,4.368008279531464,1.4359356466509427E-6-3.435041836612117E-11i,0.007179678161721084-1.7175209011937997E-7i
0,77.30355372415389,5.062292312381521,1.4359356374185568E-6-3.4350418145264236E-11i,0.007179678161721086-1.7175209011937995E-7i
13.220112896813516,79.07471405334599,4.250000000000016,1.4359356469186056E-6-3.435041837252412E-11i,0.007179678161721085-1.7175209011937992E-7i
14.952163704382391,78.07471405334603,4.249999999999977,1.4359356474759759E-6-3.4350418385857614E-11i,0.0071796781617210845-1.7175209011937992E-7i
18.58046007104337,77.86050986968294,5.076948828080933,1.435935638107272E-6-3.4350418161739645E-11i,0.007179678161721084-1.7175209011937995E-7i
13.865766825757024,76.09038078271863,5.2386009688515385,1.4359356358686906E-6-3.435041810818834E-11i,0.007179678161721083-1.7175209011937997E-7i
16.010067767053336,76.55912056881482,4.671204552485269,1.4359356431524423E-6-3.435041828243015E-11i,0.007179678161721084-1.7175209011937992E-7i
12.599805903795506,77.63529935978185,4.250000000000006,1.4359356478943022E-6-3.4350418395864774E-11i,0.0071796781617210845-1.7175209011937992E-7i
15.919022891170197,74.14771403082054,5.431946480088678,1.4359356303490514E-6-3.435041797614772E-11i,0.007179678161721082-1.7175209011937997E-7i
13.611694115792432,72.87879185852162,6.749999999999986,1.4359356259781452E-6-3.435041787158702E-11i,0.0071796781617210845-1.7175209011937992E-7i
17.852840081161496,75.4268222341186,4.735342714112009,1.4359356433146182E-6-3.435041828630967E-11i,0.007179678161721085-1.7175209011937992E-7i
21.140663123695454,72.71002216872479,4.875000000000013,1.435935633808631E-6-3.43504180589076E-11i,0.0071796781617210845-1.7175209011937992E-7i
16.678378374861495,71.56981881855579,5.499999999999981,1.4359356285169876E-6-3.435041793232113E-11i,0.007179678161721084-1.7175209011937995E-7i
18.575219719749917,73.27270555117978,4.874999999999983,1.4359356402657869E-6-3.43504182133756E-11i,0.007179678161721084-1.7175209011937995E-7i
19.264940128312517,71.49608552900432,5.134775902967072,1.435935637478379E-6-3.435041814669532E-11i,0.0071796781617210845-1.7175209011937992E-7i
12.829413034030939,74.12050930088543,5.499999999999983,1.4359356296080863E-6-3.43504179584223E-11i,0.0071796781617210845-1.7175209011937992E-7i
14.884530662890553,73.90837197631448,4.249999999999996,1.4359356441093725E-6-3.435041830532173E-11i,0.007179678161721086-1.7175209011937995E-7i
11.758510373779655,76.07675637293266,4.250000000000002,1.4359356427891058E-6-3.435041827373839E-11i,0.007179678161721085-1.7175209011937992E-7i
13.342909747290985,75.06025465044279,4.249999999999971,1.4359356449755967E-6-3.435041832604356E-11i,0.007179678161721086-1.7175209011937992E-7i
16.616581470459405,72.90837197631437,4.250000000000002,1.4359356444299607E-6-3.435041831299091E-11i,0.007179678161721085-1.7175209011937992E-7i
17.44410188449295,69.32289368448258,5.499999999999983,1.4359356280440857E-6-3.435041792100839E-11i,0.007179678161721084-1.7175209011937992E-7i
18.2483303838753,70.16144684224112,4.249999999999986,1.4359356451386912E-6-3.435041832994512E-11i,0.007179678161721085-1.7175209011937992E-7i
16.133417821490657,70.28490940927789,4.249999999999974,1.4359356441396313E-6-3.4350418306045645E-11i,0.007179678161721084-1.7175209011937992E-7i
22.471423810141328,68.49675942379488,5.500000000000002,1.4359356344900979E-6-3.435041807520976E-11i,0.007179678161721084-1.7175209011937992E-7i
19.99001510715902,67.75145575425223,5.668269230769225,1.4359356298950733E-6-3.435041796528767E-11i,0.007179678161721084-1.7175209011937995E-7i
27.280367359178424,69.24765509919271,4.249999999999999,1.435935643579121E-6-3.435041829263716E-11i,0.007179678161721083-1.7175209011937997E-7i
24.574832962449296,68.92586867933032,4.250000000000011,1.4359356430494454E-6-3.4350418279966205E-11i,0.007179678161721085-1.7175209011937992E-7i
31.73937186192534,64.65594941430487,7.999999999999965,1.4359356232159435E-6-3.435041780550968E-11i,0.007179678161721084-1.7175209011937992E-7i
29.1210207178874,68.20612396651939,4.043486931804879,1.4359356461828143E-6-3.435041835492263E-11i,0.007179678161721085-1.7175209011937992E-7i
24.95812822880011,67.68090923990827,5.562500000000006,1.4359356373792222E-6-3.4350418144323363E-11i,0.007179678161721084-1.7175209011937995E-7i
23.3441168728941,69.22681281108353,4.2500000000000115,1.4359356457919806E-6-3.435041834557311E-11i,0.0071796781617210845-1.7175209011937992E-7i
20.417759936872592,70.89065355600354,4.249999999999977,1.4359356447632046E-6-3.435041832096273E-11i,0.007179678161721084-1.7175209011937992E-7i
21.62801675048384,69.24837971189731,4.249999999999986,1.4359356435955829E-6-3.435041829303092E-11i,0.0071796781617210845-1.7175209011937992E-7i
18.19921240319504,68.06107732272022,4.486950549450541,1.4359356468730775E-6-3.435041837143504E-11i,0.007179678161721084-1.7175209011937992E-7i
19.935558328003722,68.58710066019529,4.077438186813176,1.4359356441277732E-6-3.435041830576195E-11i,0.007179678161721085-1.7175209011937992E-7i
52.609148108941945,53.47333363799058,6.12499999999999,1.4359356318875299E-6-3.43504180129511E-11i,0.007179678161721084-1.7175209011937995E-7i
54.49322159295464,51.20839884440342,4.601562499999997,1.4359356446137973E-6-3.43504183173886E-11i,0.007179678161721085-1.7175209011937992E-7i
50.84909877927908,61.84947074490482,4.875000000000018,1.4359356363939306E-6-3.4350418120753104E-11i,0.007179678161721082-1.7175209011938003E-7i
49.020685799837885,61.435397754724335,5.500000000000001,1.4359356340494404E-6-3.4350418064668294E-11i,0.007179678161721084-1.7175209011937995E-7i
47.746395970046734,58.563549623987335,6.233147818137653,1.4359356292673283E-6-3.4350417950270734E-11i,0.0071796781617210845-1.7175209011937992E-7i
49.01034289991656,62.53116539788958,4.249999999999984,1.4359356482011075E-6-3.435041840320416E-11i,0.007179678161721086-1.7175209011937992E-7i
47.63289642368644,59.46056026918023,4.875000000000016,1.4359356407022748E-6-3.4350418223817223E-11i,0.0071796781617210845-1.7175209011937992E-7i
49.93363092386086,59.24015741794595,4.250000000000007,1.4359356462909795E-6-3.435041835751007E-11i,0.007179678161721085-1.7175209011937992E-7i
52.89574234891261,52.499147611302355,4.7187500000000036,1.4359356444391256E-6-3.4350418313210096E-11i,0.007179678161721084-1.7175209011937995E-7i
53.97043295065717,53.07898066360029,3.8593749999999827,1.4359356494687319E-6-3.4350418433528233E-11i,0.007179678161721086-1.7175209011937995E-7i
54.0788357928633,56.36246948034706,4.361735339506186,1.4359356449190864E-6-3.4350418324691763E-11i,0.007179678161721084-1.7175209011937995E-7i
53.03581463535225,55.59053835723799,5.812499999999996,1.4359356284601612E-6-3.435041793096166E-11i,0.007179678161721084-1.7175209011937992E-7i
50.14236852203206,55.269620431032244,7.023746632712551,1.4359356256215073E-6-3.435041786305551E-11i,0.007179678161721082-1.7175209011937997E-7i
53.357918940515574,54.2784153278527,4.562500000000016,1.4359356417878896E-6-3.435041824978728E-11i,0.0071796781617210845-1.7175209011937992E-7i
50.867261847731605,58.31748340997361,5.500000000000026,1.4359356327896176E-6-3.435041803453086E-11i,0.007179678161721082-1.7175209011937997E-7i
51.582435752374806,59.08772233457354,4.249999999999993,1.4359356470496636E-6-3.4350418375659305E-11i,0.007179678161721085-1.7175209011937992E-7i
52.243478911182386,57.21864163584527,4.250000000000021,1.4359356415817654E-6-3.435041824485643E-11i,0.007179678161721086-1.7175209011937992E-7i
51.10580785480528,55.115892927900774,5.0312500000000115,1.4359356430332368E-6-3.435041827957845E-11i,0.007179678161721084-1.7175209011937992E-7i
49.68759062306366,56.774817229476156,4.2500000000000275,1.4359356453977426E-6-3.435041833614212E-11i,0.007179678161721086-1.7175209011937992E-7i
50.31799141180031,53.67195880221367,4.569214248068606,1.4359356459199537E-6-3.435041834863442E-11i,0.007179678161721086-1.7175209011937992E-7i
48.35070458552511,56.82009426374716,5.500000000000013,1.4359356344424004E-6-3.435041807406867E-11i,0.007179678161721082-1.7175209011937997E-7i
49.09951160816876,55.06466118108247,5.031250000000015,1.4359356340133359E-6-3.435041806380466E-11i,0.007179678161721084-1.7175209011937992E-7i
50.03039964379766,57.40233614235826,13,1.4359356236724707E-6-3.435041781643072E-11i,0.007179678161721084-1.7175209011937995E-7i
47.16587317245612,56.473445823159445,8.168269230769228,1.4359356276146806E-6-3.4350417910736166E-11i,0.0071796781617210845-1.7175209011937992E-7i
42.89045003533872,62.534238193575106,4.562500000000008,1.4359356468975231E-6-3.4350418372019865E-11i,0.0071796781617210845-1.7175209011937992E-7i
42.617092332901066,61.10377124971184,5.812499999999993,1.4359356307074205E-6-3.4350417984720635E-11i,0.007179678161721084-1.7175209011937992E-7i
46.564499789352276,61.64499118560109,4.250000000000015,1.435935642177945E-6-3.435041825911825E-11i,0.007179678161721084-1.7175209011937995E-7i
45.06449978935488,62.51101658938236,4.250000000000005,1.4359356463598944E-6-3.435041835915876E-11i,0.0071796781617210845-1.7175209011937992E-7i
45.128999578707024,61.395100137713264,5.5000000000000195,1.4359356297976404E-6-3.4350417962956906E-11i,0.0071796781617210845-1.7175209011937992E-7i
44.295679107415864,59.064710494034536,6.244565847480508,1.4359356301969106E-6-3.435041797250817E-11i,0.0071796781617210845-1.7175209011937992E-7i
43.69878910396679,59.71018904731664,4.874999999999985,1.4359356457585526E-6-3.4350418344773434E-11i,0.0071796781617210845-1.7175209011937992E-7i
45.66584276382662,59.58537465824843,4.875,1.4359356408478992E-6-3.4350418227300946E-11i,0.007179678161721084-1.7175209011937992E-7i
41.51996504589046,59.12247952703495,5.499999999999976,1.4359356325786473E-6-3.4350418029484115E-11i,0.007179678161721084-1.7175209011937995E-7i
41.80349145826203,57.6370341412416,7.306160155393918,1.4359356237413097E-6-3.435041781807749E-11i,0.007179678161721085-1.7175209011937992E-7i
39.67124787704972,63.45830235543279,4.864982755273713,1.4359356408213395E-6-3.4350418226665516E-11i,0.007179678161721084-1.7175209011937995E-7i
40.334619290053475,61.839882724244205,4.249999999999982,1.435935644810882E-6-3.435041832210331E-11i,0.0071796781617210845-1.7175209011937992E-7i
37.77403863331662,64.39336678222642,4.24999999999998,1.4359356447617465E-6-3.4350418320927865E-11i,0.0071796781617210845-1.7175209011937992E-7i
38.08879223533559,60.77569454274547,5.499999999999993,1.435935636535337E-6-3.435041812413592E-11i,0.007179678161721083-1.7175209011937997E-7i
38.66506446576207,58.2239389242208,5.499999999999981,1.435935635938831E-6-3.435041810986632E-11i,0.007179678161721084-1.7175209011937992E-7i
40.50191384188726,59.85799222425046,4.249999999999971,1.4359356478194929E-6-3.435041839407526E-11i,0.007179678161721084-1.7175209011937992E-7i
39.84230993287136,57.820393464859485,4.250000000000013,1.4359356492899827E-6-3.435041842925226E-11i,0.007179678161721086-1.7175209011937992E-7i
32.02374370123234,66.82721340516042,4.24999999999999,1.4359356492525439E-6-3.43504184283566E-11i,0.007179678161721086-1.7175209011937992E-7i
28.304132718149873,66.90023939510287,5.2151903930166625,1.43593563845577E-6-3.435041817007642E-11i,0.0071796781617210845-1.7175209011937992E-7i
26.141968055137585,67.58627951189457,4.231474199418053,1.435935644240039E-6-3.435041830844759E-11i,0.007179678161721085-1.7175209011937992E-7i
30.605721428169655,65.85175614297728,5.421924863837231,1.435935634885761E-6-3.435041808467481E-11i,0.0071796781617210845-1.7175209011938005E-7i
31.181144728727737,62.098879750023634,5.499999999999981,1.4359356332206384E-6-3.435041804484176E-11i,0.0071796781617210845-1.7175209011937992E-7i
35.73764416134518,65.20687540466858,5.271064141468545,1.4359356325521574E-6-3.43504180288504E-11i,0.007179678161721082-1.7175209011938E-7i
36.04767741285203,63.53294128692779,4.391219034394716,1.4359356425233065E-6-3.435041826737995E-11i,0.0071796781617210845-1.7175209011937992E-7i
35.99153787684738,61.64462769448355,5.499999999999979,1.4359356306959862E-6-3.4350417984447084E-11i,0.007179678161721086-1.7175209011937995E-7i
33.08238703186031,64.23735948156246,4.250000000000006,1.4359356457679028E-6-3.435041834499708E-11i,0.007179678161721084-1.7175209011937992E-7i
36.99902539820464,61.776083015978294,4.25,1.4359356441101854E-6-3.435041830534125E-11i,0.0071796781617210845-1.7175209011937992E-7i
36.148010301176036,60.24321377631396,4.2500000000000036,1.4359356455564472E-6-3.4350418339938686E-11i,0.007179678161721085-1.7175209011937992E-7i
33.89428351835916,62.513560846221644,5.499999999999965,1.4359356311514887E-6-3.435041799534361E-11i,0.007179678161721084-1.7175209011937995E-7i
33.088174225219085,60.919652747761184,7.450704186148706,1.4359356240373981E-6-3.4350417825160506E-11i,0.007179678161721084-1.7175209011937992E-7i
34.106381615169944,60.63647961406923,5.35130241561014,1.4359356371687822E-6-3.4350418139289155E-11i,0.007179678161721084-1.7175209011937992E-7i
33.11944812962669,59.111836346357364,5.499999999999987,1.4359356363033955E-6-3.435041811858741E-11i,0.007179678161721084-1.7175209011937992E-7i
31.00088835999073,59.92685396327443,5.867608891264933,1.4359356315164284E-6-3.4350418004073676E-11i,0.007179678161721084-1.7175209011937995E-7i
32.05583843152943,61.539288250388516,4.250000000000009,1.4359356454507155E-6-3.435041833740936E-11i,0.007179678161721083-1.7175209011937997E-7i
30.400264082020527,61.67968279131593,4.127547949266505,1.4359356451613775E-6-3.435041833048782E-11i,0.007179678161721086-1.7175209011937992E-7i
35.06695359711722,58.16889715858244,5.499999999999999,1.4359356380310433E-6-3.435041815991614E-11i,0.007179678161721082-1.7175209011937997E-7i
49.14481918472271,52.98759939147771,8.000000000000002,1.4359356255404325E-6-3.4350417861116E-11i,0.007179678161721084-1.7175209011937995E-7i
46.88012575703331,54.20935386258456,6.749999999999998,1.4359356296956705E-6-3.4350417960517544E-11i,0.007179678161721084-1.7175209011937995E-7i
45.79798092223937,57.67140568976232,5.500000000000005,1.4359356343770317E-6-3.435041807250495E-11i,0.007179678161721084-1.7175209011937992E-7i
46.881809277062274,58.06667407464208,4.2500000000000036,1.435935643181729E-6-3.435041828313069E-11i,0.007179678161721085-1.7175209011937997E-7i
44.8492672317423,57.249374487021335,7.555586557539675,1.4359356290261272E-6-3.4350417944500755E-11i,0.007179678161721085-1.7175209011937992E-7i
43.81809652366987,54.89606071525975,7.375860606336318,1.4359356304397185E-6-3.435041797831665E-11i,0.007179678161721085-1.7175209011937992E-7i
43.47860916540171,56.551061847665515,5.758244089750024,1.4359356372550741E-6-3.4350418141353417E-11i,0.0071796781617210845-1.7175209011937992E-7i
40.82127217485385,55.02672994772266,6.7499999999999885,1.4359356270961603E-6-3.435041789833217E-11i,0.007179678161721083-1.7175209011937997E-7i
51.47339071502778,50.363649835774496,6.7499999999999964,1.4359356282361699E-6-3.4350417925603407E-11i,0.007179678161721082-1.7175209011938E-7i
52.75974850912535,48.517501754533235,5.851562499999991,1.4359356315161299E-6-3.435041800406651E-11i,0.0071796781617210845-1.7175209011937992E-7i
77.2332749799563,6.032110600020104,13,1.4359356203714467E-6-3.43504177374637E-11i,0.0071796781617210845-1.7175209011937992E-7i
52.43356575730966,50.71987989475202,4.874999999999992,1.4359356426824803E-6-3.435041827118767E-11i,0.007179678161721085-1.7175209011937992E-7i
54.54913923868473,49.18487801850633,4.601562499999966,1.4359356447871503E-6-3.435041832153555E-11i,0.007179678161721083-1.7175209011937997E-7i
56.94556413814749,48.081954641794816,5.5781249999999885,1.4359356341832975E-6-3.4350418067870485E-11i,0.0071796781617210845-1.7175209011937992E-7i
57.86046716496588,46.84475284247296,4.249999999999986,1.4359356490905863E-6-3.435041842448229E-11i,0.007179678161721084-1.7175209011937992E-7i
54.8972215316581,46.72130452549961,5.499999999999967,1.4359356388144889E-6-3.435041817865769E-11i,0.007179678161721083-1.7175209011937997E-7i
59.609087816587945,45.90977635249536,4.25000000000003,1.4359356466369662E-6-3.435041836578682E-11i,0.0071796781617210845-1.7175209011937992E-7i
59.058180243634936,44.12921944732493,5.500000000000004,1.4359356297961123E-6-3.435041796292033E-11i,0.007179678161721085-1.7175209011937992E-7i
60.570900671132115,43.81774392876932,4.250000000000002,1.4359356450760802E-6-3.435041832844732E-11i,0.007179678161721086-1.7175209011937992E-7i
55.924620622144175,44.796573734655496,4.250000000000001,1.4359356457054267E-6-3.435041834350255E-11i,0.007179678161721083-1.7175209011937997E-7i
56.75549684736439,43.71784134833556,5.500000000000005,1.4359356325001856E-6-3.435041802760707E-11i,0.0071796781617210845-1.7175209011937992E-7i
57.976387475031146,44.89233153127903,4.250000000000011,1.4359356434467024E-6-3.43504182894694E-11i,0.007179678161721086-1.7175209011937992E-7i
63.58501355303254,38.6298155685877,4.249999999999973,1.435935648308257E-6-3.4350418405767373E-11i,0.007179678161721085-1.7175209011937992E-7i
61.19171195377114,40.80524518937868,4.875000000000005,1.4359356430299722E-6-3.435041827950042E-11i,0.0071796781617210845-1.7175209011937992E-7i
61.53484251986788,39.0429257038022,4.250000000000016,1.4359356430717574E-6-3.435041828049999E-11i,0.007179678161721086-1.7175209011937995E-7i
59.37035771234895,38.93941890949127,4.250000000000005,1.4359356503160293E-6-3.4350418453797286E-11i,0.007179678161721084-1.7175209011937992E-7i
58.35835016795419,42.16866756261296,5.343750000000008,1.4359356352642055E-6-3.435041809372793E-11i,0.007179678161721082-1.7175209011938E-7i
57.570762369845156,41.45209229622664,7.223745004995012,1.4359356282780288E-6-3.4350417926604786E-11i,0.007179678161721086-1.7175209011937992E-7i
56.24321459513331,41.74480847697642,5.4999999999999964,1.4359356352387954E-6-3.435041809312007E-11i,0.007179678161721084-1.7175209011937992E-7i
58.22196779883822,38.46134947245219,5.500000000000011,1.435935636952195E-6-3.4350418134108E-11i,0.007179678161721085-1.7175209011937992E-7i
59.53527459325631,40.514457073703674,5.500000000000003,1.435935634597639E-6-3.4350418077782364E-11i,0.007179678161721084-1.7175209011937992E-7i
59.825823064607036,42.55898991909039,4.249999999999982,1.4359356458365097E-6-3.435041834663831E-11i,0.007179678161721085-1.7175209011937992E-7i
55.695784773817465,42.75319952278017,4.249999999999996,1.4359356465743663E-6-3.435041836428931E-11i,0.007179678161721084-1.7175209011937992E-7i
54.070308255036075,43.60423167058498,5.499999999999983,1.4359356346966452E-6-3.435041808015074E-11i,0.007179678161721084-1.7175209011937992E-7i
57.65852009227345,40.20811567790099,5.187500000000013,1.4359356347976236E-6-3.435041808256636E-11i,0.007179678161721084-1.7175209011937992E-7i
56.81353815296205,40.94650406261871,4.09375000000002,1.435935644905588E-6-3.4350418324368814E-11i,0.007179678161721085-1.7175209011937997E-7i
55.78176559129059,39.901774282098316,4.875000000000024,1.435935643515534E-6-3.4350418291115985E-11i,0.007179678161721082-1.7175209011937997E-7i
57.11098389942028,38.283233619480264,4.249999999999996,1.435935649323406E-6-3.4350418430051826E-11i,0.0071796781617210845-1.7175209011937992E-7i
62.045915461306706,36.9991039913205,4.249999999999994,1.435935650420163E-6-3.4350418456288354E-11i,0.007179678161721084-1.7175209011937995E-7i
58.60971775519796,37.41510262847227,4.250000000000028,1.4359356491965336E-6-3.4350418427016706E-11i,0.0071796781617210845-1.7175209011937992E-7i
63.738186797473624,35.317951430582404,4.249999999999994,1.4359356542499224E-6-3.435041854790377E-11i,0.007179678161721084-1.7175209011937995E-7i
62.789255240998635,34.07665167875072,4.25000000000002,1.4359356441454383E-6-3.435041830618453E-11i,0.007179678161721086-1.7175209011937992E-7i
59.430735677700156,36.0253504464172,5.500000000000015,1.4359356295512677E-6-3.435041795706315E-11i,0.007179678161721082-1.7175209011937997E-7i
61.27633519721511,34.95852469516102,4.250000000000001,1.4359356487366595E-6-3.435041841601569E-11i,0.007179678161721084-1.7175209011937992E-7i
57.41531435922077,36.58676618183113,5.500000000000006,1.4359356317436535E-6-3.4350418009509364E-11i,0.007179678161721084-1.7175209011937992E-7i
55.39989304074138,37.14818191724506,5.499999999999999,1.4359356333472393E-6-3.435041804787029E-11i,0.0071796781617210845-1.7175209011937992E-7i
64.62900403138063,33.03228198837278,8.000000000000002,1.4359356257563632E-6-3.43504178662815E-11i,0.007179678161721084-1.7175209011937992E-7i
63.041683010113196,32.58012123688428,5.500000000000003,1.4359356336320586E-6-3.4350418054683713E-11i,0.007179678161721086-1.7175209011937992E-7i
60.57870969640716,33.2881840055068,5.642133436340401,1.4359356366348736E-6-3.4350418126516976E-11i,0.007179678161721082-1.7175209011937997E-7i
61.67441170690599,31.920239353533827,7.563933269127456,1.435935626464447E-6-3.43504178832203E-11i,0.007179678161721084-1.7175209011937992E-7i
69.04079975651634,21.67746942330945,8.000000000000012,1.4359356254520785E-6-3.435041785900245E-11i,0.007179678161721082-1.7175209011938E-7i
64.98273327609063,27.31629955843,8.02472509823968,1.4359356239388857E-6-3.435041782280385E-11i,0.007179678161721086-1.7175209011937992E-7i
65.95977962939435,27.46175042961588,5.65358735031984,1.435935630258101E-6-3.435041797397202E-11i,0.007179678161721084-1.7175209011937992E-7i
64.45126869814473,29.812100416791758,7.018174702807419,1.4359356252867277E-6-3.435041785504686E-11i,0.007179678161721085-1.7175209011937992E-7i
65.16083398887915,24.637561408936456,5.812118688631672,1.435935630046259E-6-3.435041796890432E-11i,0.007179678161721082-1.7175209011938E-7i
66.09394857716693,23.490547011101246,7.573888662177715,1.4359356213311757E-6-3.43504177604223E-11i,0.007179678161721086-1.7175209011937992E-7i
66.69718334196895,29.655400445961895,5.499999999999994,1.4359356299407553E-6-3.4350417966380483E-11i,0.007179678161721086-1.7175209011937992E-7i
66.79590255929467,33.77043352487054,4.250000000000002,1.4359356461866827E-6-3.43504183550151E-11i,0.007179678161721084-1.7175209011937992E-7i
67.02048631413655,32.20260031963116,4.250000000000009,1.4359356473357782E-6-3.435041838250376E-11i,0.007179678161721085-1.7175209011937992E-7i
62.02084150505703,32.744543290348176,4.250000000000022,1.4359356444363067E-6-3.4350418313142706E-11i,0.007179678161721085-1.7175209011937992E-7i
64.99105314350591,31.736739229499804,5.500000000000012,1.4359356326333818E-6-3.435041803079337E-11i,0.007179678161721084-1.7175209011937995E-7i
64.00136237610708,32.70597947039996,4.250000000000015,1.435935652841526E-6-3.435041851421216E-11i,0.007179678161721084-1.7175209011937992E-7i
60.0461564383576,33.1662342940392,4.250000000000018,1.4359356394552447E-6-3.435041819398587E-11i,0.007179678161721086-1.7175209011937992E-7i
68.40331354043201,27.57406166242399,5.499999999999977,1.4359356329037341E-6-3.4350418037260666E-11i,0.007179678161721083-1.7175209011937997E-7i
70.16713363119256,28.860852871958894,4.2499999999999964,1.4359356497715307E-6-3.435041844077181E-11i,0.007179678161721084-1.7175209011937995E-7i
67.85340737537159,29.47264731337423,4.249999999999983,1.4359356475598315E-6-3.435041838786356E-11i,0.007179678161721085-1.7175209011937992E-7i
73.66404766443594,20.379605266094416,5.499999999999985,1.435935634608387E-6-3.4350418078039513E-11i,0.007179678161721084-1.7175209011937995E-7i
74.17580630390898,17.819764346654807,5.49999999999999,1.4359356358594094E-6-3.435041810796632E-11i,0.007179678161721084-1.7175209011937992E-7i
74.1811384840144,23.119474217543274,4.250000000000003,1.4359356478778892E-6-3.4350418395472154E-11i,0.007179678161721082-1.7175209011938E-7i
73.15272185013536,24.97277859861315,3.937499999999988,1.4359356396579912E-6-3.435041819883593E-11i,0.007179678161721085-1.7175209011937992E-7i
67.01092858154583,27.611220201207097,4.249999999999983,1.4359356446057848E-6-3.43504183171969E-11i,0.0071796781617210845-1.7175209011937992E-7i
72.31344226745935,25.839615615652207,4.825880563078461,1.4359356316229422E-6-3.435041800662169E-11i,0.0071796781617210845-1.7175209011937992E-7i
70.33303894677668,26.51667024001305,4.65582344642805,1.4359356420427174E-6-3.435041825588334E-11i,0.007179678161721085-1.7175209011937992E-7i
68.19019457878763,25.442337742953388,4.860647331999479,1.435935640752723E-6-3.435041822502406E-11i,0.007179678161721084-1.7175209011937995E-7i
68.51071393818282,23.39669489373479,5.396015022356426,1.4359356349952707E-6-3.4350418087294456E-11i,0.007179678161721084-1.7175209011937995E-7i
77.47051806080773,11.31967876458351,5.500000000000018,1.4359356308351596E-6-3.435041798777636E-11i,0.007179678161721082-1.7175209011937997E-7i
79.03124181355801,10.127908857832638,4.249999999999996,1.4359356453340032E-6-3.435041833461732E-11i,0.007179678161721084-1.7175209011937992E-7i
77.8704612202372,9.107337724954215,5.500000000000001,1.43593563439033E-6-3.435041807282304E-11i,0.007179678161721085-1.7175209011937992E-7i
71.6640476644359,20.379605266094455,5.500000000000019,1.4359356374166423E-6-3.4350418145218476E-11i,0.007179678161721082-1.7175209011937997E-7i
70.58920855870426,17.784632699502296,7.847353980654758,1.4359356292840799E-6-3.43504179506715E-11i,0.007179678161721085-1.7175209011937992E-7i
69.9948799940222,18.92498679362291,6.024454752604177,1.4359356357952564E-6-3.4350418106431725E-11i,0.007179678161721086-1.7175209011937995E-7i
69.27123137803991,20.895605710806066,5.812500000000006,1.4359356357975885E-6-3.4350418106487515E-11i,0.007179678161721086-1.7175209011937995E-7i
71.57914938709509,23.188657188000708,5.5000000000000275,1.4359356359849444E-6-3.435041811096943E-11i,0.007179678161721082-1.7175209011938003E-7i
72.33049597373892,21.451796468860945,4.250000000000007,1.4359356515748894E-6-3.435041848391167E-11i,0.007179678161721086-1.7175209011937995E-7i
70.13561568902007,21.706133104600795,4.406250000000021,1.435935644030513E-6-3.435041830343528E-11i,0.007179678161721085-1.7175209011937992E-7i
67.46165036942133,19.273421926135377,5.500000000000022,1.4359356360999918E-6-3.435041811372153E-11i,0.007179678161721083-1.7175209011937997E-7i
70.01103143891099,19.80636537390092,4.562500000000025,1.4359356479781813E-6-3.435041839787133E-11i,0.007179678161721084-1.7175209011937992E-7i
76.7165539917964,0,9.269180694858505,1.43593562381622E-6-3.435041781986946E-11i,0.007179678161721085-1.7175209011938E-7i
77.64637104086778,2.148460236985778,5.8668343913536996,1.4359356315061414E-6-3.435041800382759E-11i,0.007179678161721084-1.7175209011937995E-7i
78.39364704726881,4.674041461795254,6.4647598401159225,1.4359356317500304E-6-3.4350418009661914E-11i,0.007179678161721084-1.7175209011937995E-7i
75.98134074933903,9.290852150132409,5.584331580649376,1.435935633791298E-6-3.435041805849298E-11i,0.0071796781617210845-1.7175209011937992E-7i
74.18389726970914,10.920986634946992,8.000000000000009,1.4359356274357833E-6-3.435041790645655E-11i,0.007179678161721085-1.7175209011937992E-7i
74.66959390744543,3.3531268794387623,8.576698726267544,1.4359356240720037E-6-3.435041782598834E-11i,0.007179678161721082-1.7175209011938003E-7i
75.35539892498791,7.647405905922163,7.834543376619244,1.4359356259834682E-6-3.435041787171432E-11i,0.007179678161721083-1.7175209011937997E-7i
76.601886212944,5.529831462650022,7.5243536251896925,1.4359356271337233E-6-3.435041789923071E-11i,0.007179678161721086-1.7175209011937995E-7i
75.63115642789214,4.1075484631825825,5.557982028274659,1.4359356333068473E-6-3.435041804690404E-11i,0.007179678161721084-1.7175209011937992E-7i
72.37903098498346,17.91960014824097,4.2499999999999964,1.4359356468948776E-6-3.435041837195659E-11i,0.007179678161721085-1.7175209011937992E-7i
71.75806196996685,16.786641413224228,5.499999999999992,1.4359356352577967E-6-3.4350418093574586E-11i,0.007179678161721082-1.7175209011938003E-7i
71.01362470525387,14.148331346629455,5.899608681926796,1.4359356372654045E-6-3.435041814160059E-11i,0.0071796781617210845-1.7175209011937992E-7i
68.87674755529981,14.499186040954214,5.535058884393584,1.4359356352143367E-6-3.435041809253493E-11i,0.007179678161721084-1.7175209011937992E-7i
73.5879031519545,16.704110807387373,4.249999999999989,1.4359356480388907E-6-3.435041839932362E-11i,0.007179678161721086-1.7175209011937995E-7i
74.13387746938179,15.104230447201909,5.500000000000005,1.4359356304457212E-6-3.435041797846021E-11i,0.007179678161721083-1.7175209011937997E-7i
75.0459743174273,11.39050069658111,4.250000000000034,1.435935641859127E-6-3.435041825149146E-11i,0.007179678161721084-1.7175209011937995E-7i
74.94325850083727,13.637389598772074,4.2500000000000195,1.4359356533589632E-6-3.4350418526590246E-11i,0.007179678161721084-1.7175209011937992E-7i
74.09194863485455,12.388696547749015,5.50000000000002,1.4359356408770975E-6-3.435041822799939E-11i,0.007179678161721084-1.7175209011937992E-7i
73.26888605267594,10.265562936257552,5.500000000000024,1.4359356381080145E-6-3.435041816175743E-11i,0.007179678161721084-1.7175209011937992E-7i
72.18437883258241,14.906359559951614,4.249999999999993,1.4359356468132702E-6-3.435041837000432E-11i,0.007179678161721086-1.7175209011937992E-7i
72.03658870812971,13.344640839854565,4.2562220487090645,1.435935650547669E-6-3.435041845933857E-11i,0.007179678161721084-1.7175209011937992E-7i
70.9794533603628,11.661882290342366,5.500000000000003,1.4359356370173547E-6-3.4350418135666634E-11i,0.007179678161721084-1.7175209011937992E-7i
71.98810126823685,11.59966448653418,4.180901224928299,1.435935649876444E-6-3.435041844328151E-11i,0.007179678161721085-1.7175209011937997E-7i
75.44005926587913,0,6.544394800468762,1.4359356306057168E-6-3.435041798228763E-11i,0.007179678161721085-1.7175209011937997E-7i
82.95724772786086,0,4.437256460375771,1.4359356429867758E-6-3.435041827846706E-11i,0.007179678161721085-1.7175209011937997E-7i
77.87948556402159,6.912109655846129,5.484825334778253,1.4359356313839025E-6-3.43504180009034E-11i,0.007179678161721083-1.7175209011937997E-7i
79.99124500717213,7.656527316945141,4.250000000000017,1.4359356498310945E-6-3.43504184421967E-11i,0.007179678161721084-1.7175209011937995E-7i
79.91321837986636,5.958901838654963,4.32932379342866,1.4359356447153198E-6-3.435041831981727E-11i,0.0071796781617210845-1.7175209011937992E-7i
80.87200913314213,1.6632001490114794,4.997774544365924,1.4359356410683817E-6-3.435041823257529E-11i,0.007179678161721083-1.7175209011937997E-7i
81.07363476116305,0,4.178253915017201,1.4359356497708204E-6-3.43504184407548E-11i,0.007179678161721084-1.7175209011937997E-7i
79.0783069435214,0,4.880684911875171,1.435935640310398E-6-3.435041821444272E-11i,0.007179678161721085-1.7175209011937997E-7i
77.52798011821798,8.127240496951595,4.142385251600217,1.4359356470873303E-6-3.435041837656041E-11i,0.007179678161721085-1.7175209011937992E-7i
79.83519175256059,4.2612763603647865,4.408647586857303,1.4359356485080019E-6-3.4350418410545666E-11i,0.007179678161721084-1.7175209011937992E-7i
78.8231855204339,2.806280926061761,4.4334171956768325,1.4359356465766437E-6-3.435041836434373E-11i,0.0071796781617210845-1.7175209011937992E-7i
77.68407466291873,4.746536448339091,5.0214433206295235,1.4359356374798216E-6-3.435041814672983E-11i,0.007179678161721084-1.7175209011937992E-7i
76.84203733145937,5.837369839307273,4.0107216603147835,1.4359356547366002E-6-3.435041855954605E-11i,0.007179678161721084-1.7175209011937992E-7i
76.82318552043388,2.806280926061767,4.433417195676831,1.4359356466262426E-6-3.435041836553029E-11i,0.007179678161721085-1.7175209011937997E-7i
76.92459275589808,0,4.690782141448384,1.4359356465477262E-6-3.435041836365202E-11i,0.007179678161721085-1.7175209011937997E-7i
71.95890672072558,12.931459735271421,7.999999999999994,1.4359356278849335E-6-3.435041791720112E-11i,0.007179678161721082-1.7175209011937997E-7i
72.00562380242897,8.534332685539471,8.000000000000018,1.4359356259273677E-6-3.435041787037222E-11i,0.007179678161721083-1.7175209011937997E-7i
73.91781344145114,12.006513009991707,13,1.435935622606977E-6-3.4350417790941905E-11i,0.007179678161721085-1.7175209011937992E-7i
69.20042686982201,12.690432700019597,7.319129729591149,1.4359356251086619E-6-3.435041785078719E-11i,0.007179678161721085-1.7175209011937997E-7i
67.78447608550964,15.061658493735301,7.999999999999994,1.4359356267307507E-6-3.435041788959082E-11i,0.007179678161721083-1.7175209011937997E-7i
66.24362420531627,19.961295774708216,7.850144002389714,1.4359356220899745E-6-3.435041777857423E-11i,0.007179678161721084-1.7175209011937992E-7i
68.15137373898861,17.575727125548507,7.547991071428575,1.4359356270017737E-6-3.435041789607418E-11i,0.007179678161721084-1.7175209011937992E-7i
70.62378198841093,17.83470564419204,13,1.4359356234938376E-6-3.435041781215743E-11i,0.007179678161721085-1.7175209011937992E-7i
67.50685411576286,24.05948371995467,13,1.4359356222137845E-6-3.4350417781536035E-11i,0.0071796781617210845-1.7175209011937992E-7i
62.85511620874225,25.39704334397685,8.146754882272413,1.4359356241106832E-6-3.43504178269136E-11i,0.007179678161721084-1.7175209011937995E-7i
64.13501928715795,30.174437154906443,13,1.4359356212509664E-6-3.435041775850352E-11i,0.007179678161721084-1.7175209011937992E-7i
62.1573482072949,28.669726478141087,7.986979166666653,1.43593562332992E-6-3.435041780823617E-11i,0.007179678161721085-1.7175209011937992E-7i
58.95735452688438,31.351991757903107,8.937500000000005,1.4359356224454268E-6-3.435041778707741E-11i,0.007179678161721082-1.7175209011938E-7i
60.97589399963122,36.56403132022251,13,1.4359356245115197E-6-3.435041783650241E-11i,0.007179678161721084-1.7175209011937992E-7i
56.47261974944384,38.93075037738826,8.000000000000007,1.4359356262035659E-6-3.435041787697954E-11i,0.007179678161721083-1.7175209011937997E-7i
54.6006329994891,39.98941158696031,6.749999999999998,1.435935628485038E-6-3.4350417931556865E-11i,0.007179678161721086-1.7175209011937995E-7i
54.54238159597659,35.892226590868326,7.704543440159472,1.4359356247509565E-6-3.435041784223022E-11i,0.007179678161721082-1.7175209011938E-7i
58.14141843069407,34.849779184272435,8.319039462911089,1.4359356252604127E-6-3.435041785441744E-11i,0.007179678161721084-1.7175209011937992E-7i
56.91458499814183,42.94873465629723,13,1.4359356268091013E-6-3.435041789146513E-11i,0.007179678161721084-1.7175209011937992E-7i
54.74453453181036,45.49119546382127,7.999999999999981,1.4359356274668035E-6-3.435041790719861E-11i,0.007179678161721084-1.7175209011937995E-7i
53.25499857252786,45.55717848793425,5.187499999999967,1.4359356334805047E-6-3.4350418051058245E-11i,0.007179678161721084-1.7175209011937995E-7i
51.88246879704384,43.95143447909495,6.701708738885866,1.4359356235394442E-6-3.435041781324847E-11i,0.007179678161721084-1.7175209011937995E-7i
54.65751114038055,42.00256667748922,8.09123232402733,1.435935627512393E-6-3.435041790828925E-11i,0.007179678161721084-1.7175209011937992E-7i
52.39742543925821,47.55389032335758,7.999999999999959,1.435935624634727E-6-3.435041783944974E-11i,0.007179678161721084-1.7175209011937992E-7i
53.31220712739642,48.43360457432013,13,1.4359356225551174E-6-3.4350417789701374E-11i,0.007179678161721086-1.7175209011937995E-7i
51.22851315605954,50.71060198289892,10.49999999999999,1.4359356222649137E-6-3.435041778275912E-11i,0.007179678161721086-1.7175209011937992E-7i
49.684966320108934,46.44671692740955,7.862637394359714,1.4359356270447545E-6-3.4350417897102356E-11i,0.007179678161721084-1.7175209011937992E-7i
7.1893465130872105,74.64756958499181,7.852685130231635,1.4359356261180249E-6-3.43504178749332E-11i,0.007179678161721083-1.7175209011937997E-7i
5.931330794372997,77.1457070886672,13,1.4359356248163193E-6-3.43504178437938E-11i,0.0071796781617210845-1.7175209011937992E-7i
8.00834769763056,72.48843672029041,6.115990115246385,1.4359356297156093E-6-3.4350417960994517E-11i,0.007179678161721085-1.7175209011937992E-7i
5.29109252568097,72.34118837851541,7.378019027455817,1.435935625598217E-6-3.435041786249839E-11i,0.0071796781617210845-1.7175209011937992E-7i
7.05140435935099,70.49789552328585,7.412941462913687,1.4359356276310368E-6-3.435041791112741E-11i,0.007179678161721084-1.7175209011937992E-7i
6.366114246176676,73.16646942678042,5.446959353548417,1.435935631997757E-6-3.4350418015587946E-11i,0.0071796781617210845-1.7175209011937992E-7i
9.29379087499204,73.03454886886126,7.78116010494556,1.435935625814729E-6-3.4350417867677784E-11i,0.007179678161721086-1.7175209011937992E-7i
14.00116559579662,69.09904334258418,7.999999999999994,1.435935628217894E-6-3.4350417925166235E-11i,0.007179678161721082-1.7175209011937997E-7i
12.036444767015457,69.7024232351074,6.136350156725528,1.4359356332844306E-6-3.43504180463678E-11i,0.0071796781617210845-1.7175209011937992E-7i
10.691256526072927,71.40704204728249,7.961015125588583,1.4359356252792878E-6-3.435041785486892E-11i,0.007179678161721084-1.7175209011937992E-7i
17.201137036246365,67.31313677962393,6.749999999999994,1.4359356220438119E-6-3.4350417777469996E-11i,0.007179678161721084-1.7175209011937992E-7i
18.00536553562872,66.15168993738283,5.499999999999996,1.4359356316975516E-6-3.435041800840654E-11i,0.0071796781617210845-1.7175209011937992E-7i
12.229161887296385,73.88167952882853,13,1.4359356242191413E-6-3.435041782950819E-11i,0.007179678161721082-1.7175209011937997E-7i
20.502058058658484,65.8197563916301,8.000000000000004,1.435935624500926E-6-3.4350417836249056E-11i,0.007179678161721084-1.7175209011937995E-7i
16.885247656560324,70.26697581051585,13,1.4359356220525812E-6-3.435041777767981E-11i,0.007179678161721085-1.7175209011937992E-7i
16.958172187999782,65.30337987476531,8.000000000000005,1.4359356262689376E-6-3.435041787854335E-11i,0.007179678161721086-1.7175209011937992E-7i
18.50939485492932,64.01759228032304,6.750000000000008,1.4359356280550761E-6-3.43504179212713E-11i,0.007179678161721085-1.7175209011937992E-7i
48.24809593350607,50.27588397911467,9.249999999999996,1.435935624853339E-6-3.4350417844679364E-11i,0.007179678161721085-1.7175209011937992E-7i
48.30192795440966,50.989840161178236,13,1.4359356202334718E-6-3.4350417734163026E-11i,0.007179678161721085-1.7175209011937997E-7i
27.312833028783288,67.26924033442049,7.999999999999986,1.4359356249241324E-6-3.435041784637295E-11i,0.007179678161721082-1.7175209011938003E-7i
28.17264191550379,69.36881111641345,13,1.435935622546895E-6-3.435041778950469E-11i,0.007179678161721084-1.7175209011937992E-7i
24.045943929317193,66.33613290849489,8.000000000000002,1.4359356245303726E-6-3.4350417836953426E-11i,0.007179678161721084-1.7175209011937992E-7i
28.787456301207445,64.07507758619467,8.226033014063484,1.435935622331691E-6-3.4350417784356604E-11i,0.0071796781617210845-1.7175209011937992E-7i
22.111125745100566,67.6722658169898,13,1.4359356210586105E-6-3.4350417753901986E-11i,0.007179678161721086-1.7175209011937995E-7i
32.88907784739391,63.2191021365256,13,1.435935626746146E-6-3.4350417889959115E-11i,0.007179678161721084-1.7175209011937992E-7i
31.558019899061282,58.452049651819564,7.999999999999974,1.4359356272688326E-6-3.4350417902462796E-11i,0.007179678161721084-1.7175209011937995E-7i
34.20479404660585,57.85049170160958,7.540062135046207,1.435935624492563E-6-3.435041783604895E-11i,0.0071796781617210845-1.7175209011937992E-7i
30.207795614681686,61.45292098538438,8.370892015512384,1.435935624464151E-6-3.435041783536925E-11i,0.007179678161721085-1.7175209011937992E-7i
27.848441036828977,60.339342162861115,8.067537167313025,1.4359356244287104E-6-3.4350417834521464E-11i,0.007179678161721085-1.7175209011937992E-7i
28.72320069268683,58.6222613102307,6.7499999999999964,1.4359356290366245E-6-3.4350417944751895E-11i,0.007179678161721085-1.7175209011937992E-7i
33.16140955751177,55.139855983732936,6.749999999999978,1.4359356254320519E-6-3.4350417858523376E-11i,0.0071796781617210845-1.7175209011937992E-7i
42.77482803638967,56.41435934328849,13,1.4359356233473666E-6-3.4350417808653516E-11i,0.007179678161721083-1.7175209011937997E-7i
37.38723164490626,57.59949937670276,7.999999999999984,1.4359356244437484E-6-3.435041783488122E-11i,0.007179678161721084-1.7175209011937995E-7i
36.45603327366513,58.51934304387072,13,1.435935628841991E-6-3.4350417940095895E-11i,0.007179678161721086-1.7175209011937992E-7i
35.351248477375826,54.61184604992622,8.240884196254934,1.4359356232850158E-6-3.4350417807162006E-11i,0.0071796781617210845-1.7175209011937992E-7i
0,73.82684206701482,12.999999999999996,1.435935627385669E-6-3.435041790525769E-11i,0.007179678161721084-1.7175209011937997E-7i
73.82784910323426,0,13,1.4359356193122975E-6-3.43504177121267E-11i,0.007179678161721084-1.7175209011937995E-7i
13.734050288171721,72.43939592926074,4.874999999999968,1.4359356409721406E-6-3.435041823027302E-11i,0.007179678161721082-1.7175209011937997E-7i
13.928786028173816,70.54952167129203,5.4999999999999725,1.4359356301254275E-6-3.435041797079815E-11i,0.007179678161721083-1.7175209011937997E-7i
9.064722156105113,74.37404865196918,5.569630934348739,1.4359356306376118E-6-3.435041798305064E-11i,0.007179678161721084-1.7175209011937995E-7i
11.664037245615125,72.48108908733252,5.477897053174743,1.4359356334155483E-6-3.4350418049504387E-11i,0.007179678161721083-1.7175209011937997E-7i
11.758510373779687,74.0767563729326,4.249999999999988,1.4359356480739517E-6-3.43504184001623E-11i,0.007179678161721084-1.7175209011937995E-7i
9.005068912062356,69.50348359865123,5.499999999999986,1.4359356332326904E-6-3.435041804513006E-11i,0.007179678161721084-1.7175209011937995E-7i
1.8239481040271959,71.99528674602541,7.893931634247519,1.4359356282068469E-6-3.4350417924901945E-11i,0.007179678161721083-1.7175209011937997E-7i
0,72.78479979571594,7.777785502821878,1.435935630859029E-6-3.435041798834737E-11i,0.007179678161721084-1.7175209011937997E-7i
3.5100502633668937,71.49764337301269,5.4469658171237345,1.4359356345764544E-6-3.435041807727553E-11i,0.0071796781617210845-1.7175209011937992E-7i
0,69.75753234971462,9.031825213583385,1.435935624258854E-6-3.435041783045813E-11i,0.007179678161721085-1.7175209011938E-7i
9.801398499638777,76.26485392773985,4.875000000000005,1.4359356424495157E-6-3.435041826561473E-11i,0.007179678161721084-1.7175209011937995E-7i
0,75.31516549892595,4.720285711726332,1.4359356460819145E-6-3.435041835250897E-11i,0.007179678161721085-1.7175209011937997E-7i
5.458438371731657,78.2112815484605,5.32639823411122,1.4359356323944967E-6-3.435041802507879E-11i,0.007179678161721085-1.7175209011937992E-7i
7.959098493620411,76.42312050105402,4.722211158649693,1.4359356400334769E-6-3.435041820781828E-11i,0.007179678161721084-1.7175209011937992E-7i
6.2441456941359235,76.89498023197065,4.275390863599004,1.4359356447906146E-6-3.4350418321618387E-11i,0.0071796781617210845-1.7175209011937992E-7i
5.756282247512247,75.54438209926572,5.441200262136488,1.4359356281703175E-6-3.435041792402804E-11i,0.007179678161721084-1.7175209011937995E-7i
7.838986913356702,74.3414542227103,4.286161935181778,1.4359356469428243E-6-3.435041837310355E-11i,0.007179678161721084-1.7175209011937995E-7i
9.536612371262745,71.989894051548,4.849297465277924,1.4359356423600263E-6-3.4350418263473974E-11i,0.007179678161721082-1.7175209011938E-7i
7.305986213803219,71.62236958922104,5.1534313243653695,1.4359356310668238E-6-3.435041799331825E-11i,0.0071796781617210845-1.7175209011937992E-7i
5.471235636382678,70.99829858172673,5.431862648730751,1.4359356356284312E-6-3.435041810244089E-11i,0.007179678161721085-1.7175209011937992E-7i
6.931246036791513,69.22466780734729,5.499999999999977,1.435935634327226E-6-3.435041807131346E-11i,0.0071796781617210845-1.7175209011937992E-7i
3.3648367165347426,76.66827683498968,4.407965964982429,1.4359356492112758E-6-3.4350418427369376E-11i,0.0071796781617210845-1.7175209011938005E-7i
7.418651742454176,73.00851753629485,4.236741454280928,1.4359356483808656E-6-3.435041840750433E-11i,0.0071796781617210845-1.7175209011937992E-7i
5.153125912737551,74.06572274314449,4.302436448366297,1.435935645836717E-6-3.4350418346643276E-11i,0.007179678161721085-1.7175209011937992E-7i
4.353101343036765,72.24882168650637,4.223482908561857,1.4359356413589754E-6-3.435041823952681E-11i,0.007179678161721084-1.7175209011937995E-7i
6.2510693182549115,71.3111847946105,4.07671566218266,1.4359356491563105E-6-3.43504184260545E-11i,0.007179678161721084-1.7175209011937992E-7i
7.966636071168906,69.75174179932561,4.250000000000001,1.435935646628883E-6-3.4350418365593466E-11i,0.0071796781617210845-1.7175209011937992E-7i
4.467668625760209,70.49914929086334,4.21593132436536,1.4359356462344892E-6-3.435041835615876E-11i,0.0071796781617210845-1.7175209011937992E-7i
2.555799114262004,73.80283052971151,4.799335599385906,1.4359356410826695E-6-3.435041823291705E-11i,0.0071796781617210845-1.7175209011937992E-7i
2.6210505354678957,72.24882168650635,4.223482908561884,1.4359356460354032E-6-3.4350418351396184E-11i,0.0071796781617210845-1.7175209011937992E-7i
0,73.39322874033893,5.512076109823321,1.4359356369223837E-6-3.435041813339484E-11i,0.007179678161721086-1.7175209011937995E-7i
0,71.23961553051792,5.602382363275574,1.4359356361889303E-6-3.435041811584917E-11i,0.007179678161721086-1.7175209011937992E-7i
5.78832198913923,68.58285261697425,4.255577845618792,1.4359356473139465E-6-3.4350418381981556E-11i,0.007179678161721083-1.7175209011937997E-7i
4.765421825701423,68.97956209086372,5.390242388899648,1.4359356287758133E-6-3.4350417938512756E-11i,0.007179678161721084-1.7175209011937995E-7i
7.166605071929612,66.76214589877634,5.510385180127207,1.4359356366100926E-6-3.4350418125924204E-11i,0.0071796781617210845-1.7175209011937992E-7i
4.994090313469686,65.9821099127676,5.558623547795858,1.435935634032319E-6-3.435041806425872E-11i,0.007179678161721085-1.7175209011937992E-7i
11.87609046585916,70.3057847885923,4.874999999999986,1.4359356455885707E-6-3.435041834070712E-11i,0.007179678161721084-1.7175209011937992E-7i
11.67255292984499,67.83673562876064,5.4764729590879515,1.4359356323108403E-6-3.435041802307754E-11i,0.007179678161721083-1.7175209011937997E-7i
13.89259624436237,69.27476083564608,4.250000000000001,1.435935646552533E-6-3.435041836376699E-11i,0.007179678161721086-1.7175209011937992E-7i
9.770303079740431,68.68980370410375,4.23662814117095,1.4359356458746097E-6-3.435041834754974E-11i,0.007179678161721085-1.7175209011937992E-7i
9.069204498069652,66.64490180794988,5.506677817117793,1.4359356318478568E-6-3.43504180120021E-11i,0.007179678161721083-1.7175209011937997E-7i
14.451544689558691,66.29283963236026,6.750000000000012,1.4359356305461261E-6-3.435041798086216E-11i,0.007179678161721084-1.7175209011937995E-7i
15.020000978839258,67.64641981618011,4.87499999999999,1.435935638186721E-6-3.435041816364029E-11i,0.007179678161721082-1.7175209011938E-7i
12.900661825834328,66.64114969497766,4.249999999999989,1.4359356457233489E-6-3.4350418343931345E-11i,0.0071796781617210845-1.7175209011937992E-7i
10.9080057534822,65.14289149430327,5.499999999999996,1.4359356341969516E-6-3.435041806819713E-11i,0.007179678161721085-1.7175209011937992E-7i
11.168611018265466,66.64114969497766,4.250000000000019,1.435935647537573E-6-3.435041838733115E-11i,0.007179678161721084-1.7175209011937992E-7i
7.795750037317947,68.11233390367364,4.2499999999999725,1.4359356434153916E-6-3.435041828872037E-11i,0.007179678161721084-1.7175209011937992E-7i
9.57566411787147,67.20437384417664,4.0199799015797,1.4359356449309807E-6-3.435041832497629E-11i,0.007179678161721086-1.7175209011937992E-7i
21.97972196993975,63.611970596614505,7.547662815126055,1.4359356247678472E-6-3.43504178426343E-11i,0.007179678161721082-1.7175209011937997E-7i
23.76526435385828,67.31735766700245,4.250000000000008,1.4359356469865675E-6-3.435041837415001E-11i,0.007179678161721084-1.7175209011937995E-7i
21.75984844337063,65.99614556741808,5.4999999999999885,1.435935626771679E-6-3.4350417890569917E-11i,0.007179678161721084-1.7175209011937992E-7i
21.377527585640195,67.16211234029477,4.250000000000002,1.4359356478961318E-6-3.435041839590857E-11i,0.0071796781617210845-1.7175209011937992E-7i
19.601032490314797,66.01400734161759,4.249999999999995,1.4359356497004767E-6-3.4350418439072114E-11i,0.007179678161721083-1.7175209011937997E-7i
20.14950609737194,65.02801468323482,5.5000000000000036,1.4359356285827031E-6-3.435041793389319E-11i,0.0071796781617210845-1.7175209011937992E-7i
20.060617521858852,62.731804685880775,5.500000000000009,1.4359356336568502E-6-3.4350418055276776E-11i,0.007179678161721084-1.7175209011937992E-7i
18.095949507551005,64.32584496869134,4.250000000000021,1.4359356484232734E-6-3.435041840851885E-11i,0.007179678161721084-1.7175209011937992E-7i
16.868274368518392,63.502712870161325,5.211538461538471,1.4359356344880877E-6-3.435041807516168E-11i,0.0071796781617210845-1.7175209011937992E-7i
15.020000978839336,65.64641981618013,4.8749999999999964,1.4359356391032043E-6-3.4350418185564333E-11i,0.007179678161721084-1.7175209011937995E-7i
16.796911401874297,66.57584496869151,4.250000000000006,1.4359356432599585E-6-3.435041828500219E-11i,0.0071796781617210845-1.7175209011937992E-7i
16.058885095680818,61.96287940335933,4.093749999999992,1.4359356515243055E-6-3.4350418482701665E-11i,0.007179678161721086-1.7175209011937992E-7i
14.889004031169765,62.34902516989515,5.500000000000012,1.4359356334285922E-6-3.435041804981644E-11i,0.007179678161721084-1.7175209011937995E-7i
15.862576937348853,64.3069083231655,4.084306318681315,1.435935648958209E-6-3.435041842131554E-11i,0.007179678161721084-1.7175209011937992E-7i
18.294965222550307,61.828781746299775,5.34375000000001,1.4359356363694427E-6-3.4350418120167415E-11i,0.007179678161721084-1.7175209011937995E-7i
22.03295595234145,64.33403322712351,4.249999999999993,1.4359356499758551E-6-3.435041844565967E-11i,0.0071796781617210845-1.7175209011937992E-7i
23.123287919328618,62.31303406205053,5.499999999999987,1.4359356335111336E-6-3.4350418051791005E-11i,0.007179678161721086-1.7175209011937992E-7i
21.953948805077523,62.15651703102529,4.250000000000004,1.4359356446636304E-6-3.4350418318580753E-11i,0.007179678161721085-1.7175209011937992E-7i
26.86479547684861,60.1395360984952,5.499999999999993,1.435935631371021E-6-3.435041800059526E-11i,0.007179678161721085-1.7175209011937992E-7i
26.224660945046136,62.60068793685339,8.000000000000004,1.4359356243361433E-6-3.435041783230711E-11i,0.007179678161721084-1.7175209011937992E-7i
28.468005939096315,61.68419865382563,5.499999999999997,1.4359356407103288E-6-3.4350418224009924E-11i,0.007179678161721082-1.7175209011938E-7i
23.281302213856232,64.6680664542473,5.499999999999978,1.4359356318940283E-6-3.435041801310667E-11i,0.007179678161721084-1.7175209011937995E-7i
25.394700420033008,64.6553763606235,5.499999999999979,1.4359356303543562E-6-3.43504179762746E-11i,0.007179678161721086-1.7175209011937992E-7i
27.50809862620978,64.64268626699972,5.499999999999979,1.4359356319556444E-6-3.4350418014580595E-11i,0.007179678161721084-1.7175209011937995E-7i
29.302650989696325,63.59259054254347,5.039795001971716,1.4359356412014339E-6-3.435041823575815E-11i,0.007179678161721084-1.7175209011937995E-7i
28.912820085713108,65.90047719103758,4.250000000000006,1.4359356523112459E-6-3.4350418501526764E-11i,0.007179678161721086-1.7175209011937992E-7i
23.685999612646544,63.15651703102499,4.249999999999994,1.4359356491066363E-6-3.435041842486621E-11i,0.0071796781617210845-1.7175209011937992E-7i
25.68773126678306,65.82768818031239,4.2499999999999645,1.4359356463894833E-6-3.4350418359866585E-11i,0.007179678161721084-1.7175209011937992E-7i
26.525833869571297,63.92802410819067,4.184812276873723,1.4359356531114294E-6-3.435041852066876E-11i,0.007179678161721085-1.7175209011937992E-7i
47.175086591950596,54.561067902569896,4.709594543831281,1.435935645299264E-6-3.4350418333786304E-11i,0.0071796781617210845-1.7175209011937992E-7i
43.60208961097746,57.37521024077789,4.562499999999998,1.435935649166473E-6-3.4350418426297667E-11i,0.007179678161721083-1.7175209011937997E-7i
46.001306095236835,56.31877986637597,4.3190111723268165,1.4359356435525561E-6-3.43504182920016E-11i,0.0071796781617210845-1.7175209011937992E-7i
42.67269045690266,55.19621786461783,5.1874999999999885,1.4359356355735977E-6-3.4350418101129155E-11i,0.0071796781617210845-1.7175209011937992E-7i
50.71274515745598,51.93091900821911,4.2500000000000275,1.4359356450753526E-6-3.4350418328429915E-11i,0.007179678161721085-1.7175209011937992E-7i
49.152812630732534,52.444214425850426,5.143860096041928,1.4359356409227255E-6-3.435041822909088E-11i,0.007179678161721082-1.7175209011937997E-7i
47.81436062263719,53.138287294403824,3.937500000000029,1.4359356469136786E-6-3.435041837240631E-11i,0.007179678161721086-1.7175209011937992E-7i
50.740515424281575,49.54777703286106,4.87499999999998,1.4359356397655595E-6-3.435041820140918E-11i,0.007179678161721084-1.7175209011937992E-7i
52.13500364009697,49.51529499260458,3.9375000000000173,1.4359356476270423E-6-3.435041838947138E-11i,0.007179678161721086-1.7175209011937995E-7i
45.81174256543688,52.54146726820113,8.465064812850137,1.4359356266784037E-6-3.435041788833856E-11i,0.007179678161721083-1.7175209011937997E-7i
48.18613602377584,49.29158047872906,6.1250000000000115,1.435935635231278E-6-3.435041809294017E-11i,0.007179678161721084-1.7175209011937992E-7i
48.17646105118394,50.50125752191871,4.5625000000000275,1.435935648690804E-6-3.435041841491867E-11i,0.007179678161721086-1.7175209011937992E-7i
47.137218723701665,47.65200571053964,6.0748919049430485,1.435935630990116E-6-3.435041799148318E-11i,0.0071796781617210845-1.7175209011937992E-7i
42.89133365669453,52.492783963910675,5.772106203258533,1.4359356329146674E-6-3.43504180375223E-11i,0.007179678161721084-1.7175209011937995E-7i
37.74440562850233,55.8161579338774,5.500000000000009,1.4359356314211802E-6-3.435041800179518E-11i,0.007179678161721083-1.7175209011937997E-7i
37.4900936965938,57.59761978639212,4.249999999999997,1.4359356495848165E-6-3.435041843630521E-11i,0.007179678161721084-1.7175209011937992E-7i
40.920413787417246,56.221788976610405,4.875000000000018,1.4359356432898245E-6-3.4350418285716654E-11i,0.007179678161721083-1.7175209011937997E-7i
40.827417714016654,54.020972106748005,4.598797235547634,1.4359356436405055E-6-3.435041829410553E-11i,0.007179678161721085-1.7175209011937992E-7i
40.14062540005497,52.89384810415673,6.124999999999987,1.4359356327151636E-6-3.4350418032749843E-11i,0.007179678161721086-1.7175209011937995E-7i
38.78724464167073,55.44900058748428,4.250000000000004,1.4359356491006725E-6-3.4350418424723555E-11i,0.0071796781617210845-1.7175209011937992E-7i
23.60699246538249,60.979000834926836,4.249999999999984,1.4359356462627734E-6-3.4350418356835414E-11i,0.0071796781617210845-1.7175209011937992E-7i
22.965273624801004,59.95800166985375,5.499999999999995,1.4359356370750527E-6-3.435041813704696E-11i,0.007179678161721084-1.7175209011937995E-7i
21.874941657813753,59.97900083492701,4.250000000000008,1.4359356471661187E-6-3.435041837844526E-11i,0.007179678161721086-1.7175209011937995E-7i
25.23668612550506,62.300343968426645,5.4999999999999885,1.4359356333022775E-6-3.435041804679475E-11i,0.007179678161721082-1.7175209011937997E-7i
27.17506489876589,62.275082474992054,4.395699642997973,1.435935653089531E-6-3.4350418520144926E-11i,0.007179678161721084-1.7175209011937992E-7i
25.556753391406446,60.06976804924783,4.249999999999976,1.4359356468914529E-6-3.435041837187464E-11i,0.007179678161721084-1.7175209011937992E-7i
29.97562386885495,59.701935715257385,4.2456235486949785,1.4359356474331628E-6-3.435041838483338E-11i,0.0071796781617210845-1.7175209011937992E-7i
27.759496410267168,58.177089684419585,4.462380559839505,1.4359356455441197E-6-3.435041833964379E-11i,0.007179678161721082-1.7175209011938E-7i
25.261585014600897,58.59487354316478,5.499999999999989,1.4359356360512474E-6-3.435041811255552E-11i,0.0071796781617210845-1.7175209011937992E-7i
29.007243583229467,56.349859958910834,5.614791291897997,1.43593562996443E-6-3.4350417966946805E-11i,0.007179678161721084-1.7175209011937995E-7i
30.031324138691478,55.50841046574719,7.364104631467686,1.4359356251431162E-6-3.435041785161145E-11i,0.007179678161721085-1.7175209011937992E-7i
30.258125448988814,58.07011438801109,4.863116681930243,1.4359356419183966E-6-3.435041825290932E-11i,0.007179678161721085-1.7175209011937992E-7i
32.14818133293336,58.55591817317925,4.250000000000003,1.4359356477678194E-6-3.435041839283907E-11i,0.007179678161721085-1.7175209011937992E-7i
31.562991773165336,56.39727411768854,5.499999999999978,1.4359356344972132E-6-3.4350418075379876E-11i,0.007179678161721083-1.7175209011937997E-7i
29.391498575064343,54.06831035441158,5.523989736791505,1.435935633362863E-6-3.4350418048244054E-11i,0.0071796781617210845-1.7175209011937992E-7i
30.50392775091831,56.69863705884465,4.2500000000000115,1.4359356503895528E-6-3.435041845555608E-11i,0.007179678161721086-1.7175209011937992E-7i
33.98795947046331,57.58444857929203,4.249999999999983,1.4359356491564897E-6-3.435041842605882E-11i,0.007179678161721084-1.7175209011937992E-7i
42.12056083463337,51.41661121771475,7.49980096523823,1.43593562699324E-6-3.4350417895870063E-11i,0.007179678161721084-1.7175209011937995E-7i
45.2676787109526,49.841165975330426,8.000000000000005,1.435935627085881E-6-3.435041789808618E-11i,0.007179678161721086-1.7175209011937992E-7i
39.082788676430305,52.52193252117751,7.999999999999998,1.4359356243160603E-6-3.435041783182665E-11i,0.007179678161721084-1.7175209011937995E-7i
45.893616887093884,46.34153843173928,7.425564043320664,1.4359356246970096E-6-3.435041784093961E-11i,0.007179678161721084-1.7175209011937995E-7i
37.57127311930276,52.67684228794268,5.5026041666666705,1.4359356330150504E-6-3.435041803992367E-11i,0.007179678161721084-1.7175209011937995E-7i
39.12851233738089,53.765106448452656,4.468085533517861,1.4359356437798968E-6-3.4350418297440104E-11i,0.007179678161721085-1.7175209011937992E-7i
34.70042174661878,54.94121892488936,5.4999999999999885,1.435935630322627E-6-3.435041797551556E-11i,0.0071796781617210845-1.7175209011937992E-7i
35.50777233702216,55.9562597867264,4.250000000000002,1.4359356498167887E-6-3.4350418441854465E-11i,0.0071796781617210845-1.7175209011937992E-7i
37.0504973883191,53.88048313029258,4.249999999999999,1.435935642898217E-6-3.435041827634855E-11i,0.007179678161721084-1.7175209011937995E-7i
31.322178712346545,53.80517838139524,5.5987722294142594,1.435935631707489E-6-3.435041800864423E-11i,0.0071796781617210845-1.7175209011937992E-7i
33.03518745066105,55.06992799186629,4.874999999999968,1.4359356414715986E-6-3.4350418242220964E-11i,0.007179678161721083-1.7175209011937997E-7i
34.37374317290232,52.50488144123217,5.352042214912274,1.4359356351993645E-6-3.435041809217677E-11i,0.007179678161721082-1.7175209011938003E-7i
32.25357913127168,52.539017659505,4.197977505256927,1.435935651688461E-6-3.435041848662851E-11i,0.007179678161721086-1.7175209011937992E-7i
31.016620916290968,51.88468780419179,5.4999999999999964,1.4359356373434802E-6-3.435041814346829E-11i,0.007179678161721086-1.7175209011937992E-7i
35.499595672875394,51.722599088877836,4.249999999999992,1.4359356501027803E-6-3.435041844869596E-11i,0.007179678161721085-1.7175209011937992E-7i
46.05884234299618,51.47724900845776,5.499999999999987,1.435935634528131E-6-3.4350418076119556E-11i,0.007179678161721082-1.7175209011938E-7i
45.63748655071391,53.64198939710518,4.2499999999999645,1.435935644614366E-6-3.435041831740223E-11i,0.007179678161721086-1.7175209011937992E-7i
44.58353486239808,54.28097890377793,5.392836871244358,1.435935630370672E-6-3.435041797666492E-11i,0.007179678161721082-1.7175209011937997E-7i
44.634426965260076,55.18467466192722,4.249999999999966,1.4359356444185897E-6-3.435041831271884E-11i,0.007179678161721084-1.7175209011937992E-7i
42.501573303667755,53.34434627571664,4.117091352574354,1.4359356508438674E-6-3.435041846642421E-11i,0.0071796781617210845-1.7175209011937992E-7i
43.86527835989138,52.09624784222822,4.249999999999971,1.4359356479708373E-6-3.435041839769564E-11i,0.007179678161721086-1.7175209011937992E-7i
51.47112707238705,46.61666105923177,5.500000000000001,1.4359356307513002E-6-3.4350417985770237E-11i,0.0071796781617210845-1.7175209011937992E-7i
52.96946416996612,47.68322856747297,4.425781250000017,1.435935645895592E-6-3.4350418348051686E-11i,0.0071796781617210845-1.7175209011937992E-7i
49.808464592209106,47.64435337744239,5.187499999999989,1.4359356384975486E-6-3.4350418171075826E-11i,0.007179678161721082-1.7175209011938003E-7i
47.37314319929064,49.1361213366223,4.562499999999983,1.43593564999809E-6-3.435041844619155E-11i,0.007179678161721084-1.7175209011937995E-7i
70.46392538296215,6.0576304078497145,13,1.435935623677248E-6-3.435041781654492E-11i,0.007179678161721084-1.7175209011937995E-7i
70.57771448262763,2.8881763182244176,8.168795922222484,1.4359356243267353E-6-3.435041783208196E-11i,0.007179678161721086-1.7175209011937992E-7i
71.09565980055994,5.4388067016365405,7.434411930586413,1.4359356244036025E-6-3.435041783392077E-11i,0.007179678161721086-1.7175209011937995E-7i
52.578437826084496,41.18359806507323,5.721710569831643,1.435935631583035E-6-3.435041800566702E-11i,0.007179678161721084-1.7175209011937992E-7i
52.59922633929031,39.71515457334313,7.95014316772509,1.4359356233425037E-6-3.4350417808537246E-11i,0.0071796781617210845-1.7175209011937992E-7i
49.892340004935726,42.18879367807098,6.573377153622166,1.4359356249367877E-6-3.435041784667567E-11i,0.007179678161721084-1.7175209011937992E-7i
48.903000038450244,44.9295950866416,5.4546833180893675,1.4359356309962653E-6-3.435041799163029E-11i,0.007179678161721082-1.7175209011937997E-7i
49.91837715106145,46.25427495867731,4.250000000000008,1.4359356529367E-6-3.4350418516488865E-11i,0.007179678161721086-1.7175209011937992E-7i
46.297260546217366,44.8345863029478,5.449460008489915,1.4359356314443726E-6-3.435041800234991E-11i,0.007179678161721083-1.7175209011937997E-7i
47.865072511270554,46.30948939343197,4.250000000000008,1.4359356471266561E-6-3.435041837750116E-11i,0.007179678161721085-1.7175209011937992E-7i
51.61277561339762,44.393052450368884,4.874999999999967,1.4359356369530884E-6-3.4350418134129306E-11i,0.007179678161721085-1.7175209011937992E-7i
53.14622771164275,44.431717468864505,4.093749999999978,1.435935645018346E-6-3.435041832706623E-11i,0.007179678161721086-1.7175209011937995E-7i
52.883051550146,42.177164623163556,4.2499999999999885,1.435935645909889E-6-3.4350418348393706E-11i,0.007179678161721084-1.7175209011937995E-7i
53.864323124772945,40.44262068530558,4.2499999999999964,1.4359356470601445E-6-3.4350418375910076E-11i,0.007179678161721084-1.7175209011937992E-7i
51.75546413479277,39.41041633018867,4.249999999999982,1.4359356510037394E-6-3.4350418470248616E-11i,0.007179678161721086-1.7175209011937992E-7i
50.620114100798745,41.21627900818048,4.285023165068077,1.4359356454658238E-6-3.435041833777076E-11i,0.0071796781617210845-1.7175209011937992E-7i
50.16903939875416,43.11847851229124,4.650579479660201,1.4359356394915685E-6-3.4350418194854735E-11i,0.007179678161721084-1.7175209011937992E-7i
47.622924433698174,42.56392301556754,5.499999999999981,1.4359356323141168E-6-3.435041802315591E-11i,0.007179678161721085-1.7175209011937992E-7i
47.79667235544925,43.770876375113716,4.249999999999986,1.4359356455652119E-6-3.435041834014831E-11i,0.007179678161721086-1.7175209011937995E-7i
45.63861275640578,42.81902744577678,5.49999999999998,1.4359356293499462E-6-3.435041795224715E-11i,0.007179678161721086-1.7175209011937992E-7i
48.81146221684754,42.06657119861029,4.249999999999999,1.4359356433322172E-6-3.4350418286730694E-11i,0.007179678161721085-1.7175209011937992E-7i
48.33896771097643,40.19657098981805,5.658341468316481,1.435935636378724E-6-3.435041812038942E-11i,0.007179678161721084-1.7175209011937992E-7i
52.89222941555605,37.94626983425998,5.499999999999993,1.435935634547889E-6-3.435041807659226E-11i,0.007179678161721082-1.7175209011938003E-7i
51.13702635413692,37.4372594839811,7.087596136352458,1.4359356221560344E-6-3.435041778015454E-11i,0.007179678161721085-1.7175209011937992E-7i
51.82374584789472,35.498072590765105,5.500000000000011,1.4359356289252636E-6-3.435041794208792E-11i,0.0071796781617210845-1.7175209011937992E-7i
53.96980066182651,35.40399185736651,5.02459975387172,1.4359356363269018E-6-3.4350418119149705E-11i,0.007179678161721086-1.7175209011937992E-7i
54.199946520372706,36.76062443809664,4.2499999999999885,1.4359356503341835E-6-3.435041845423156E-11i,0.007179678161721086-1.7175209011937992E-7i
55.763445677413664,36.16436911036912,4.082301307428739,1.4359356498340966E-6-3.435041844226849E-11i,0.007179678161721085-1.7175209011937992E-7i
57.70765717960699,35.61389116660353,4.24999999999998,1.4359356478658988E-6-3.435041839518531E-11i,0.007179678161721086-1.7175209011937992E-7i
57.56362128741836,34.13581469623962,5.520833333333336,1.4359356322136725E-6-3.435041802075314E-11i,0.007179678161721084-1.7175209011937995E-7i
58.871986749951326,34.44838034559196,4.250000000000001,1.4359356512708256E-6-3.435041847663789E-11i,0.007179678161721085-1.7175209011937992E-7i
52.81433972045207,33.49108456983982,5.8530379171562625,1.4359356294817545E-6-3.435041795540021E-11i,0.007179678161721084-1.7175209011937992E-7i
55.35775246776638,34.04245615666147,5.213015935273257,1.4359356374748866E-6-3.435041814661176E-11i,0.007179678161721083-1.7175209011937997E-7i
53.045839557108735,34.963334528568794,4.249999999999981,1.4359356458798975E-6-3.43504183476762E-11i,0.007179678161721085-1.7175209011937992E-7i
53.8917325938474,33.16604461903956,4.250000000000009,1.4359356486543275E-6-3.4350418414046094E-11i,0.007179678161721086-1.7175209011937992E-7i
54.389202900341886,32.006900696563534,5.499999999999996,1.4359356342347643E-6-3.4350418069101646E-11i,0.007179678161721084-1.7175209011937992E-7i
63.46612632891779,27.556870006067975,5.500000000000003,1.4359356314905471E-6-3.4350418003454544E-11i,0.007179678161721083-1.7175209011937997E-7i
62.841459002300624,25.518579807163817,5.241487093559515,1.4359356363249095E-6-3.435041811910203E-11i,0.007179678161721085-1.7175209011937997E-7i
62.76240398264686,30.46549180641894,5.500000000000004,1.4359356304617293E-6-3.4350417978843135E-11i,0.007179678161721082-1.7175209011937997E-7i
64.98082645033497,29.506848444468012,4.874999999999975,1.435935643016474E-6-3.4350418279177494E-11i,0.007179678161721082-1.7175209011937997E-7i
58.56816723366943,32.60343334523604,4.875000000000023,1.4359356395876262E-6-3.435041819715264E-11i,0.007179678161721085-1.7175209011937992E-7i
56.72291992954769,31.870032902869358,4.988095238095242,1.4359356367723257E-6-3.435041812980513E-11i,0.007179678161721084-1.7175209011937992E-7i
59.171642043184534,30.832868169714377,5.114401870671922,1.4359356394456057E-6-3.4350418193755205E-11i,0.007179678161721084-1.7175209011937992E-7i
60.63217385869631,30.9677004405618,4.249999999999987,1.4359356458433743E-6-3.435041834680254E-11i,0.0071796781617210845-1.7175209011937992E-7i
56.32003656357278,30.056485460626646,5.484951314458827,1.4359356313840044E-6-3.435041800090585E-11i,0.007179678161721084-1.7175209011937995E-7i
57.997551357373816,28.50053645313855,5.714001493298366,1.4359356308224317E-6-3.435041798747187E-11i,0.0071796781617210845-1.7175209011937992E-7i
58.13217385869421,30.101675036775998,4.249999999999989,1.4359356481652714E-6-3.435041840234688E-11i,0.007179678161721085-1.7175209011937992E-7i
60.501569838341446,29.00076577121261,5.4043150736595145,1.435935630661153E-6-3.435041798361384E-11i,0.007179678161721083-1.7175209011937997E-7i
60.04392475151333,26.916015043805377,7.4022253787878824,1.435935623488341E-6-3.435041781202592E-11i,0.007179678161721086-1.7175209011937992E-7i
63.55236910882815,21.81733514841397,7.954054958432807,1.4359356206031693E-6-3.435041774300689E-11i,0.007179678161721084-1.7175209011937995E-7i
59.13349771853792,26.005990353453075,5.49999999999999,1.4359356321398824E-6-3.4350418018987936E-11i,0.007179678161721084-1.7175209011937995E-7i
58.961993496887835,28.12129786245152,4.249999999999982,1.4359356491910685E-6-3.435041842688601E-11i,0.0071796781617210845-1.7175209011937992E-7i
66.9284328139395,21.6730984261735,5.353669818918314,1.435935633433067E-6-3.435041804992347E-11i,0.007179678161721084-1.7175209011937992E-7i
68.26019993912888,21.8738500277318,4.249999999999999,1.4359356495961303E-6-3.4350418436575916E-11i,0.0071796781617210845-1.7175209011937992E-7i
67.26019993912874,23.60590083530047,4.249999999999991,1.4359356504999752E-6-3.435041845819761E-11i,0.0071796781617210845-1.7175209011937992E-7i
66.25909941388703,25.330092571179897,4.249999999999996,1.435935643957116E-6-3.4350418301679495E-11i,0.007179678161721084-1.7175209011937992E-7i
64.96735996733807,27.639139377673658,4.249999999999987,1.4359356458639536E-6-3.43504183472948E-11i,0.007179678161721086-1.7175209011937995E-7i
61.29981202372786,26.781430179760527,5.4999999999999964,1.4359356307217798E-6-3.435041798506412E-11i,0.007179678161721084-1.7175209011937995E-7i
63.8705310265524,25.82901842869927,4.249999999999977,1.4359356423382327E-6-3.435041826295258E-11i,0.007179678161721084-1.7175209011937992E-7i
61.766877410895255,29.319554056004478,4.250000000000001,1.4359356478611595E-6-3.4350418395071915E-11i,0.0071796781617210845-1.7175209011937992E-7i
62.37053102655313,26.69504383248444,4.250000000000009,1.4359356475903247E-6-3.435041838859303E-11i,0.007179678161721086-1.7175209011937992E-7i
65.01819882777508,22.08134681747363,5.500000000000019,1.4359356327401801E-6-3.435041803334823E-11i,0.007179678161721083-1.7175209011937997E-7i
64.50909941388782,23.165029061718773,4.250000000000031,1.4359356529748596E-6-3.435041851740177E-11i,0.0071796781617210845-1.7175209011937992E-7i
62.01599777729174,23.797679481664055,5.4999999999999805,1.4359356335287996E-6-3.43504180522136E-11i,0.007179678161721082-1.7175209011938003E-7i
61.592771820362486,24.904842791733763,4.146833713745605,1.4359356484983152E-6-3.4350418410314036E-11i,0.0071796781617210845-1.7175209011937992E-7i
62.94141081967879,24.067728791151055,4.067676557385973,1.4359356478798107E-6-3.43504183955181E-11i,0.007179678161721085-1.7175209011937992E-7i
66.96051211521132,11.792978700388826,6.750000000000003,1.435935623220812E-6-3.435041780562612E-11i,0.007179678161721083-1.7175209011937997E-7i
69.22985470898423,12.24328743540615,5.187500000000009,1.4359356354657003E-6-3.435041809854804E-11i,0.007179678161721084-1.7175209011937995E-7i
69.94611902137746,15.023744872631543,4.249999999999977,1.4359356509027436E-6-3.43504184678326E-11i,0.007179678161721084-1.7175209011937995E-7i
69.43140772721733,18.146865729788836,4.542495485336074,1.4359356471924748E-6-3.4350418379075716E-11i,0.007179678161721085-1.7175209011937992E-7i
68.62886140257011,16.78535154489226,4.656295453429853,1.4359356450889722E-6-3.435041832875572E-11i,0.007179678161721085-1.7175209011937992E-7i
67.94611902137738,15.023744872631566,4.249999999999965,1.4359356472046928E-6-3.4350418379367956E-11i,0.007179678161721086-1.7175209011937995E-7i
67.43584825861932,20.03350482952962,4.040903226141831,1.435935647658609E-6-3.435041839022651E-11i,0.007179678161721086-1.7175209011937995E-7i
66.73082518471061,18.296965000912035,4.250000000000033,1.435935644716342E-6-3.435041831984166E-11i,0.0071796781617210845-1.7175209011937992E-7i
66.24403224248208,16.56844813738318,5.500000000000018,1.4359356274053494E-6-3.435041790572855E-11i,0.007179678161721082-1.7175209011938003E-7i
65.02641411554282,13.863474348630982,5.500000000000012,1.4359356334342264E-6-3.435041804995124E-11i,0.0071796781617210845-1.7175209011937992E-7i
63.970834920244755,17.034866353522464,7.9999999999999964,1.4359356257558018E-6-3.4350417866268093E-11i,0.0071796781617210845-1.7175209011937992E-7i
64.96634284008256,19.73701039227424,4.492862442499913,1.4359356419032612E-6-3.435041825254724E-11i,0.007179678161721083-1.7175209011937997E-7i
64.00551809712292,18.430720473233347,5.479549079998571,1.435935630150147E-6-3.4350417971389476E-11i,0.007179678161721082-1.7175209011937997E-7i
61.982813375559495,20.094251199756126,5.499999999999986,1.4359356359271196E-6-3.4350418109586133E-11i,0.007179678161721085-1.7175209011937992E-7i
64.83060281448888,17.51665981393395,4.0429465020453215,1.4359356468682539E-6-3.4350418371319657E-11i,0.007179678161721086-1.7175209011937992E-7i
64.1266083966528,16.25821302212179,5.499999999999994,1.4359356281880593E-6-3.43504179244525E-11i,0.007179678161721086-1.7175209011937992E-7i
61.948995690111445,16.19217731017268,5.741345422495599,1.4359356319249044E-6-3.435041801384523E-11i,0.007179678161721084-1.7175209011937992E-7i
66.5132070577714,13.859940404591029,4.250000000000024,1.4359356457901978E-6-3.4350418345530504E-11i,0.007179678161721082-1.7175209011937997E-7i
68.1149273544921,12.183821544194132,4.093749999999995,1.4359356472791807E-6-3.435041838114984E-11i,0.0071796781617210845-1.7175209011937992E-7i
76.93523061011862,9.749821285183716,4.250000000000024,1.4359356495888856E-6-3.435041843640253E-11i,0.007179678161721084-1.7175209011937992E-7i
68.8946101148798,9.722483052146671,7.999999999999993,1.435935621864155E-6-3.435041777317213E-11i,0.007179678161721084-1.7175209011937995E-7i
72.06540557757015,0,9.073912435213572,1.4359356239507846E-6-3.4350417823088445E-11i,0.007179678161721086-1.7175209011937995E-7i
73.22810664996709,1.8333277043659395,6.581579711783213,1.4359356329742302E-6-3.435041803894718E-11i,0.007179678161721086-1.7175209011937992E-7i
69.18335570581114,9.55764952637799,5.235564660295525,1.4359356377865428E-6-3.435041815406715E-11i,0.007179678161721084-1.7175209011937995E-7i
72.73201316001617,3.585158963723485,5.469450372120513,1.4359356298893836E-6-3.435041796515159E-11i,0.007179678161721084-1.7175209011937995E-7i
75.3258312226764,2.2171618667810704,5.126315165642861,1.435935639028514E-6-3.435041818377762E-11i,0.007179678161721084-1.7175209011937995E-7i
75.80471912270991,7.66804459697791,4.378744443460125,1.4359356421887081E-6-3.4350418259375643E-11i,0.007179678161721084-1.7175209011937992E-7i
74.13444302633799,9.462908487050973,4.250000000000012,1.4359356518887814E-6-3.4350418491420595E-11i,0.0071796781617210845-1.7175209011937992E-7i
75.58450115809356,6.317494455474506,5.443315296694086,1.4359356354306295E-6-3.4350418097709073E-11i,0.0071796781617210845-1.7175209011937992E-7i
71.0028119012145,7.731267957907475,5.4999999999999885,1.43593563395984E-6-3.4350418062524856E-11i,0.007179678161721084-1.7175209011937995E-7i
71.50140595060724,9.06178640166038,4.250000000000015,1.4359356468323943E-6-3.435041837046184E-11i,0.007179678161721084-1.7175209011937992E-7i
73.65050293216696,8.182546680693116,5.263841874813632,1.4359356361466182E-6-3.435041811483688E-11i,0.007179678161721084-1.7175209011937992E-7i
70.00140595060726,8.195760997875958,4.250000000000012,1.4359356479136319E-6-3.435041839632717E-11i,0.007179678161721085-1.7175209011937992E-7i
73.31157618106894,5.874697273635811,5.660566743919953,1.4359356275298336E-6-3.4350417908706356E-11i,0.007179678161721083-1.7175209011937997E-7i
74.14775538344351,4.8153871068965195,4.38423905440169,1.4359356505953954E-6-3.4350418460480285E-11i,0.0071796781617210845-1.7175209011937992E-7i
70.36598134574055,4.545496515207965,5.500000000000005,1.4359356343787325E-6-3.435041807254562E-11i,0.007179678161721084-1.7175209011937992E-7i
70.49343646528828,2.272748257603974,5.560141596106109,1.4359356310138357E-6-3.435041799205062E-11i,0.007179678161721084-1.7175209011937992E-7i
71.68299067287028,4.87082446895732,4.24999999999998,1.435935647451253E-6-3.435041838526615E-11i,0.007179678161721086-1.7175209011937992E-7i
71.24671823264414,2.8684249363708454,4.28007079805306,1.4359356452933844E-6-3.4350418333645696E-11i,0.007179678161721085-1.7175209011937997E-7i
73.19830160486731,1.784298193650991,4.922075996804229,1.4359356446691467E-6-3.4350418318712714E-11i,0.007179678161721082-1.7175209011937997E-7i
75.13113272528093,0,4.314957244467475,1.4359356417396828E-6-3.435041824863412E-11i,0.0071796781617210845-1.7175209011938E-7i
73.20218488569509,0,5.151347769610112,1.435935641532822E-6-3.4350418243685585E-11i,0.007179678161721084-1.7175209011937997E-7i
68.75011913370524,7.234943980371768,6.762088254623148,1.4359356265195613E-6-3.435041788453871E-11i,0.007179678161721084-1.7175209011937995E-7i
68.10621346537285,4.1384624053052335,7.4958880809488235,1.435935625199714E-6-3.435041785296534E-11i,0.007179678161721083-1.7175209011937997E-7i
67.86069258619578,0,7.231097867241234,1.435935627841514E-6-3.4350417916162426E-11i,0.007179678161721086-1.7175209011937995E-7i
65.56735587743532,8.835281404914516,8.193533819576755,1.4359356271347975E-6-3.435041789925635E-11i,0.007179678161721084-1.7175209011937992E-7i
65.83031350903401,6.513506369021923,7.99999999999999,1.4359356278276112E-6-3.4350417915829835E-11i,0.007179678161721086-1.7175209011937992E-7i
67.44180226874236,10.983049324194198,4.731186520172104,1.4359356433903188E-6-3.435041828812057E-11i,0.007179678161721084-1.7175209011937992E-7i
66.3209564189239,8.908030066619418,5.7276951296375,1.4359356331394672E-6-3.435041804289997E-11i,0.007179678161721083-1.7175209011937997E-7i
64.4307428613203,11.048154769698064,5.968910415903457,1.4359356306208599E-6-3.435041798264989E-11i,0.007179678161721085-1.7175209011937992E-7i
63.20542567676005,8.83193293446344,5.500000000000008,1.4359356337284183E-6-3.435041805698884E-11i,0.007179678161721085-1.7175209011937992E-7i
62.64670086514663,14.247072933741304,8.066105769230763,1.4359356284430782E-6-3.4350417930553113E-11i,0.007179678161721083-1.7175209011937997E-7i
67.1056564621711,12.15262720530201,13,1.4359356262011097E-6-3.43504178769207E-11i,0.007179678161721084-1.7175209011937992E-7i
62.06953976570021,9.881737162360096,8.021133066640777,1.4359356246835926E-6-3.4350417840618664E-11i,0.007179678161721084-1.7175209011937995E-7i
65.0528282310856,12.138491429142087,7.999999999999994,1.4359356291739251E-6-3.4350417948036344E-11i,0.007179678161721085-1.7175209011937992E-7i
60.68841034329387,11.969831846879135,6.5778104333490575,1.4359356262923324E-6-3.4350417879102925E-11i,0.007179678161721086-1.7175209011937995E-7i
61.325076692349526,17.920414055584082,7.859337439903834,1.43593562369945E-6-3.435041781707615E-11i,0.007179678161721083-1.7175209011937997E-7i
63.84660147768562,18.203960247199447,13,1.4359356225654111E-6-3.435041778994764E-11i,0.007179678161721085-1.7175209011937992E-7i
60.11365758144293,17.231334884268918,5.525507079031394,1.4359356339491314E-6-3.435041806226877E-11i,0.007179678161721086-1.7175209011937995E-7i
58.960817122344096,16.09237082378644,7.807692307692297,1.4359356255532114E-6-3.4350417861421713E-11i,0.0071796781617210845-1.7175209011937992E-7i
58.518298265132316,18.85149238086971,5.718111833032039,1.4359356315457775E-6-3.4350418004775745E-11i,0.007179678161721084-1.7175209011937995E-7i
61.00795276339569,21.04555125592699,7.999999999999991,1.4359356212332318E-6-3.435041775807928E-11i,0.0071796781617210845-1.7175209011937992E-7i
59.84192573988995,21.355600413476928,5.560747561298032,1.4359356329504315E-6-3.4350418038377877E-11i,0.007179678161721084-1.7175209011937992E-7i
58.26699543707702,24.29916778580306,8.000000000000021,1.4359356255427692E-6-3.435041786117192E-11i,0.007179678161721082-1.7175209011937997E-7i
56.6284383315307,28.017829527421775,8.000000000000018,1.4359356240606115E-6-3.435041782571582E-11i,0.007179678161721082-1.7175209011937997E-7i
56.89700888974619,26.74427431147022,5.499999999999992,1.4359356345203668E-6-3.435041807593384E-11i,0.007179678161721085-1.7175209011937992E-7i
60.533990874154,24.349624265642206,13,1.435935619618183E-6-3.4350417719444103E-11i,0.0071796781617210845-1.7175209011937992E-7i
58.05323580119637,20.669469455617403,7.999999999999981,1.4359356247844545E-6-3.4350417843031556E-11i,0.0071796781617210845-1.7175209011937992E-7i
47.19805390262918,41.984612552272964,7.38167503171693,1.4359356251248097E-6-3.435041785117355E-11i,0.007179678161721083-1.7175209011937997E-7i
49.996279119212126,39.71630350827994,8.088365131790669,1.4359356254610917E-6-3.435041785921801E-11i,0.007179678161721086-1.7175209011937995E-7i
48.60537893001385,37.8524728861246,8.46882202207144,1.4359356249635082E-6-3.435041784731485E-11i,0.007179678161721085-1.7175209011937992E-7i
46.44764940385474,38.602234521961584,6.708062744241535,1.4359356288467409E-6-3.4350417940209465E-11i,0.007179678161721086-1.7175209011937992E-7i
54.98988122598439,31.73649126904049,8.000000000000014,1.4359356288477948E-6-3.435041794023464E-11i,0.007179678161721082-1.7175209011937997E-7i
54.145655744285754,29.804946041976997,6.43650439708464,1.4359356319709192E-6-3.435041801494599E-11i,0.007179678161721086-1.7175209011937995E-7i
51.56693037537993,32.20523163716658,8.000000000000007,1.435935625920271E-6-3.435041787020244E-11i,0.007179678161721084-1.7175209011937992E-7i
50.17510763860619,34.82912326889154,8.237987400028205,1.4359356243084394E-6-3.435041783164435E-11i,0.0071796781617210845-1.7175209011937992E-7i
50.28346518769007,32.557098490487654,5.500000000000005,1.435935634275568E-6-3.435041807007769E-11i,0.007179678161721084-1.7175209011937992E-7i
56.979762451966714,30.56401719427143,13,1.4359356176714286E-6-3.43504176728739E-11i,0.007179678161721086-1.7175209011937995E-7i
53.22325032628888,37.18686984138405,13,1.4359356240544915E-6-3.435041782556943E-11i,0.007179678161721083-1.7175209011937997E-7i
49.51850849439908,44.03682924615399,13,1.435935625129194E-6-3.435041785127841E-11i,0.007179678161721083-1.7175209011938003E-7i
44.38826728214037,44.10504509182346,7.84708369358244,1.4359356264344374E-6-3.435041788250232E-11i,0.007179678161721084-1.7175209011937992E-7i
3.7153304858141842,68.32605257433237,7.752824149114802,1.4359356267150378E-6-3.435041788921491E-11i,0.007179678161721082-1.7175209011937997E-7i
6.568008721947762,66.00569608054859,7.8566860801513005,1.4359356295828093E-6-3.4350417957817645E-11i,0.007179678161721083-1.7175209011937997E-7i
2.77646544643197,66.16282061717907,5.905241604534216,1.4359356266062902E-6-3.43504178866135E-11i,0.007179678161721086-1.7175209011937992E-7i
9.536077566993487,68.14877278889989,8.234342393390687,1.4359356246660018E-6-3.435041784019792E-11i,0.007179678161721083-1.7175209011937997E-7i
6.056995880714709,70.47521901369959,13,1.4359356237823309E-6-3.43504178190588E-11i,0.007179678161721084-1.7175209011937992E-7i
8.569841321806395,64.37425623451942,6.638739611095363,1.4359356266094408E-6-3.4350417886688805E-11i,0.0071796781617210845-1.7175209011937992E-7i
11.437780736930396,65.48208394058759,8.002874795291001,1.4359356265787468E-6-3.4350417885954675E-11i,0.007179678161721082-1.7175209011937997E-7i
12.810942594902034,63.78229938995525,5.5,1.4359356349786756E-6-3.4350418086897474E-11i,0.007179678161721086-1.7175209011937992E-7i
10.86516136896871,62.92270894180103,5.52985011649563,1.43593563182748E-6-3.43504180115146E-11i,0.007179678161721084-1.7175209011937992E-7i
15.921601601788586,62.69805033979025,8.000000000000018,1.435935627771069E-6-3.435041791447732E-11i,0.007179678161721084-1.7175209011937995E-7i
13.385460722213308,66.73052632455097,9.843262120705159,1.4359356252137242E-6-3.435041785330064E-11i,0.007179678161721084-1.7175209011937992E-7i
12.740182390508046,62.66591517138453,7.386576753057912,1.4359356267243904E-6-3.4350417889438715E-11i,0.0071796781617210845-1.7175209011937992E-7i
9.902300446110571,62.187868166083746,7.88378836907285,1.435935623372363E-6-3.435041780925153E-11i,0.007179678161721086-1.7175209011937992E-7i
8.550717928952164,62.474513069911104,5.39836660633396,1.4359356312730314E-6-3.435041799825112E-11i,0.007179678161721084-1.7175209011937992E-7i
12.146047433723723,67.17746852575941,13,1.435935619995349E-6-3.4350417728466763E-11i,0.0071796781617210845-1.7175209011937997E-7i
23.413886751206554,60.91600333970732,8.000000000000014,1.4359356248984143E-6-3.43504178457577E-11i,0.007179678161721082-1.7175209011937997E-7i
23.91187173065051,57.14436787688883,6.118865009141291,1.4359356295674433E-6-3.4350417957450145E-11i,0.0071796781617210845-1.7175209011937992E-7i
18.327887107879747,63.60675974953041,13,1.4359356235310867E-6-3.435041781304859E-11i,0.007179678161721084-1.7175209011937992E-7i
19.11646114164235,60.80420239510122,7.810267857142868,1.4359356242382565E-6-3.4350417829965456E-11i,0.007179678161721084-1.7175209011937992E-7i
42.94390790027856,48.38946511836471,13,1.4359356207155649E-6-3.4350417745695637E-11i,0.007179678161721084-1.7175209011937992E-7i
39.87225210659682,49.161004247800804,6.708061126093578,1.435935626231851E-6-3.435041787765614E-11i,0.007179678161721085-1.7175209011937992E-7i
35.70412361417265,50.88940690818483,7.986786034688992,1.4359356247060362E-6-3.435041784115559E-11i,0.007179678161721086-1.7175209011937992E-7i
25.5374325703731,61.73679461530474,13,1.4359356207286676E-6-3.435041774600911E-11i,0.007179678161721084-1.7175209011937992E-7i
26.27445872323751,57.18974708632909,8.000000000000021,1.4359356245098498E-6-3.435041783646245E-11i,0.007179678161721082-1.7175209011937997E-7i
26.98433450179953,54.7083366484093,7.639008691478403,1.4359356283640013E-6-3.4350417928661364E-11i,0.007179678161721084-1.7175209011937992E-7i
30.989172676370643,56.58909647075111,13,1.4359356240573945E-6-3.4350417825638914E-11i,0.007179678161721083-1.7175209011937997E-7i
31.580143708990914,52.14039635551489,8.000000000000004,1.4359356266518469E-6-3.4350417887703283E-11i,0.007179678161721083-1.7175209011937997E-7i
28.94626439703656,52.854021262543,8.066964285714292,1.435935627817541E-6-3.4350417915589E-11i,0.007179678161721084-1.7175209011937992E-7i
27.958752290060527,52.03165907009019,5.707455738705744,1.4359356338791932E-6-3.435041806059572E-11i,0.007179678161721084-1.7175209011937995E-7i
36.610689339906074,52.76487569955499,13,1.4359356240931337E-6-3.43504178264938E-11i,0.007179678161721086-1.7175209011937992E-7i
32.73058709504583,48.898354861253274,8.000000000000012,1.4359356254058476E-6-3.4350417857896476E-11i,0.007179678161721084-1.7175209011937992E-7i
3.2863926352532444,64.0717544473419,7.943344119602645,1.4359356253579858E-6-3.4350417856751574E-11i,0.007179678161721082-1.7175209011938E-7i
0,66.48848988282609,7.121939111197243,1.4359356258980178E-6-3.435041786967018E-11i,0.007179678161721085-1.7175209011938E-7i
0,67.01415606054829,13,1.435935620386297E-6-3.4350417737818906E-11i,0.007179678161721084-1.7175209011937997E-7i
67.01576634521945,0,13.000000000000004,1.435935622363146E-6-3.4350417785109087E-11i,0.0071796781617210845-1.7175209011938E-7i
0,62.31769120962822,7.886688239205267,1.4359356258967672E-6-3.435041786964032E-11i,0.007179678161721085-1.7175209011938E-7i
7.966636071168967,66.25174179932567,4.2500000000000036,1.435935644600811E-6-3.435041831707798E-11i,0.007179678161721086-1.7175209011937992E-7i
6.113500497210913,66.38628294468015,4.190774719333929,1.435935646599657E-6-3.43504183648943E-11i,0.0071796781617210845-1.7175209011937992E-7i
2.5995976146113384,68.73445637438014,5.280484777799319,1.4359356341238885E-6-3.435041806644927E-11i,0.007179678161721083-1.7175209011937997E-7i
2.1658242110901287,69.86722818719005,4.140242388899652,1.4359356458478437E-6-3.435041834690944E-11i,0.007179678161721086-1.7175209011937992E-7i
0,68.74599394347499,5.421829719512871,1.4359356375927417E-6-3.435041814943107E-11i,0.0071796781617210845-1.7175209011937997E-7i
2.986661668274394,67.10034968133846,4.655484777799322,1.4359356407899946E-6-3.435041822591575E-11i,0.007179678161721083-1.7175209011937997E-7i
0,66.86176201483963,4.631677421415796,1.4359356460288824E-6-3.435041835124025E-11i,0.007179678161721086-1.7175209011937995E-7i
1.852525871160871,61.68897860053792,6.254464931574236,1.4359356318092003E-6-3.435041801107738E-11i,0.0071796781617210845-1.7175209011937992E-7i
0,64.91263118372537,5.166418515148029,1.4359356347765634E-6-3.4350418082062545E-11i,0.007179678161721085-1.7175209011937997E-7i
2.120636264489995,64.60034968133846,4.655484777799311,1.4359356421852755E-6-3.4350418259293604E-11i,0.007179678161721084-1.7175209011937992E-7i
2.3894750038196473,62.72241949080371,4.641358621793222,1.4359356454214054E-6-3.4350418336708235E-11i,0.007179678161721085-1.7175209011937992E-7i
0,62.764055213347326,4.565585743545782,1.435935638073738E-6-3.43504181609375E-11i,0.007179678161721085-1.7175209011937997E-7i
0,59.070099097120746,6.2480964410576725,1.4359356349279667E-6-3.43504180856844E-11i,0.007179678161721085-1.7175209011937997E-7i
2.225301041257089,59.43852504549251,5.859884250429526,1.4359356323013398E-6-3.4350418022850314E-11i,0.007179678161721086-1.7175209011937992E-7i
0,58.7417202204618,8.336718832391465,1.4359356266578303E-6-3.435041788784642E-11i,0.007179678161721085-1.7175209011937997E-7i
21.991123985356527,57.70890089604845,7.983106030262138,1.435935622056174E-6-3.435041777776572E-11i,0.007179678161721083-1.7175209011937997E-7i
24.947883422675417,54.141772396134115,7.919428627051194,1.4359356278568304E-6-3.4350417916528835E-11i,0.007179678161721086-1.7175209011937992E-7i
22.092079880235357,54.83029296472888,6.750000000000018,1.435935626861193E-6-3.4350417892711255E-11i,0.007179678161721084-1.7175209011937995E-7i
10.856073379965222,60.61867788643484,5.499999999999983,1.4359356319094579E-6-3.435041801347569E-11i,0.0071796781617210845-1.7175209011937992E-7i
10.822362658294407,59.67417000633814,7.045572504683748,1.435935624177456E-6-3.435041782851097E-11i,0.007179678161721084-1.7175209011937995E-7i
14.885031015577399,60.09272080481519,8.00000000000003,1.4359356265894716E-6-3.435041788621118E-11i,0.007179678161721083-1.7175209011937997E-7i
17.595161173914526,58.64074091796722,8.45129864240281,1.435935625021315E-6-3.4350417848697724E-11i,0.007179678161721085-1.7175209011937992E-7i
17.49195294699979,59.74489710264066,6.122209821428582,1.4359356331497837E-6-3.435041804314679E-11i,0.007179678161721085-1.7175209011937992E-7i
6.6382203057170095,64.5157933644813,5.499999999999995,1.4359356278502496E-6-3.4350417916371425E-11i,0.007179678161721084-1.7175209011937995E-7i
7.6492371717806895,64.75789668224067,4.249999999999992,1.4359356476383758E-6-3.43504183897425E-11i,0.007179678161721084-1.7175209011937995E-7i
5.107297932764361,63.03587722367094,5.471672059801302,1.4359356306576336E-6-3.43504179835296E-11i,0.007179678161721083-1.7175209011937997E-7i
4.241272528979968,64.9564544212639,4.249999999999994,1.435935645984877E-6-3.435041835018755E-11i,0.007179678161721084-1.7175209011937995E-7i
6.74972078863982,62.747733401646315,4.242918014950332,1.4359356510818875E-6-3.4350418472118096E-11i,0.007179678161721084-1.7175209011937992E-7i
6.571238347004129,61.49546680329268,5.485836029900655,1.435935638056132E-6-3.435041816051634E-11i,0.007179678161721086-1.7175209011937995E-7i
8.035178761243891,59.955056382914435,5.500000000000009,1.4359356331812429E-6-3.435041804389931E-11i,0.007179678161721083-1.7175209011937997E-7i
7.6157461924242575,61.24773340164635,4.242918014950335,1.4359356464635083E-6-3.435041836163737E-11i,0.0071796781617210845-1.7175209011937992E-7i
12.928675677904497,61.68240926718824,5.4999999999999964,1.4359356302457943E-6-3.435041797367758E-11i,0.0071796781617210845-1.7175209011937992E-7i
13.33367452772654,64.89114969497767,4.24999999999998,1.4359356429492673E-6-3.43504182775698E-11i,0.007179678161721084-1.7175209011937995E-7i
13.333674527726496,62.89114969497765,4.2500000000000036,1.435935648122046E-6-3.4350418401312864E-11i,0.0071796781617210845-1.7175209011937992E-7i
9.784129895663288,65.07144574715164,4.249999999999992,1.4359356363692852E-6-3.435041812016361E-11i,0.007179678161721082-1.7175209011937997E-7i
9.398678165527672,62.75868555598282,4.051080980979251,1.4359356471889914E-6-3.4350418378992345E-11i,0.0071796781617210845-1.7175209011937992E-7i
11.601623720157676,63.8911496949776,4.250000000000024,1.435935646414504E-6-3.435041836046506E-11i,0.0071796781617210845-1.7175209011937992E-7i
11.503197609852947,61.940392345184556,4.250000000000009,1.43593564255978E-6-3.4350418268252416E-11i,0.0071796781617210845-1.7175209011937992E-7i
9.758163708904801,60.809338943217426,4.249999999999999,1.4359356405770247E-6-3.435041822082102E-11i,0.0071796781617210845-1.7175209011937992E-7i
20.22221811118941,60.521862060129976,5.500000000000012,1.4359356353642702E-6-3.435041809612163E-11i,0.007179678161721082-1.7175209011938E-7i
11.490214516473705,59.80933894321745,4.249999999999975,1.4359356465451538E-6-3.435041836359045E-11i,0.007179678161721084-1.7175209011937992E-7i
14.3727052458604,61.174512584947635,4.250000000000002,1.4359356447554962E-6-3.435041832077837E-11i,0.007179678161721084-1.7175209011937995E-7i
16.52931292324176,60.925758806718775,5.187500000000011,1.4359356368258173E-6-3.435041813108475E-11i,0.007179678161721084-1.7175209011937992E-7i
24.72344316905641,53.11231230668253,5.900720191785911,1.4359356313969436E-6-3.435041800121535E-11i,0.0071796781617210845-1.7175209011937992E-7i
24.698965164004846,55.04775220160175,5.547768358240469,1.435935635737176E-6-3.4350418105042256E-11i,0.0071796781617210845-1.7175209011937992E-7i
23.606992465382678,58.97900083492701,4.2500000000000115,1.4359356494430265E-6-3.4350418432913354E-11i,0.007179678161721084-1.7175209011937992E-7i
21.450239599457717,58.655959717189695,4.249999999999996,1.4359356475215096E-6-3.43504183869469E-11i,0.007179678161721085-1.7175209011937992E-7i
22.1158695080889,57.311919434379284,5.499999999999987,1.4359356325299576E-6-3.4350418028319264E-11i,0.007179678161721085-1.7175209011937992E-7i
24.221937710813897,56.62541663017719,4.8750000000000115,1.4359356434408429E-6-3.435041828932921E-11i,0.007179678161721086-1.7175209011937992E-7i
23.584950399927113,54.00277421625116,4.249999999999999,1.4359356482833387E-6-3.4350418405171345E-11i,0.007179678161721084-1.7175209011937995E-7i
22.607226141612898,51.73691117650665,5.239953834426807,1.4359356329271967E-6-3.4350418037822024E-11i,0.007179678161721084-1.7175209011937995E-7i
21.200606153453467,53.81368001196634,5.500000000000011,1.4359356344842502E-6-3.435041807506985E-11i,0.007179678161721084-1.7175209011937992E-7i
21.45185378927697,50.995718815155804,4.458103690814022,1.4359356460584023E-6-3.435041835194645E-11i,0.007179678161721085-1.7175209011937992E-7i
19.780214869630043,51.95171709076033,5.373345525212986,1.4359356363105885E-6-3.4350418118759457E-11i,0.007179678161721085-1.7175209011937992E-7i
19.667674491810867,58.107814783801985,5.629303906686996,1.4359356327273635E-6-3.4350418033041644E-11i,0.007179678161721083-1.7175209011937997E-7i
17.395180885748434,57.14447886576659,5.500000000000023,1.4359356312028841E-6-3.4350417996573106E-11i,0.007179678161721085-1.7175209011937992E-7i
18.169621815313764,59.502492443542394,4.875000000000009,1.4359356433100612E-6-3.435041828620068E-11i,0.007179678161721085-1.7175209011937992E-7i
22.850409954008008,55.657346825315216,4.874999999999993,1.435935638009617E-6-3.43504181594036E-11i,0.0071796781617210845-1.7175209011937992E-7i
26.413866294045015,55.91575457718786,4.8449421032829445,1.4359356385938266E-6-3.435041817337904E-11i,0.007179678161721083-1.7175209011937997E-7i
27.07798976838344,54.07511112460494,4.962900365373072,1.4359356397708996E-6-3.4350418201536907E-11i,0.007179678161721084-1.7175209011937992E-7i
25.317001207496013,54.00277421625094,4.250000000000031,1.4359356495822457E-6-3.4350418436243706E-11i,0.007179678161721085-1.7175209011937992E-7i
28.54480717754986,55.02411288707864,4.249999999999974,1.4359356474071494E-6-3.435041838421111E-11i,0.007179678161721085-1.7175209011937992E-7i
30.27685798511895,55.024112887078815,4.249999999999979,1.4359356475244135E-6-3.435041838701625E-11i,0.0071796781617210845-1.7175209011937992E-7i
25.60811510610876,51.88041155479644,4.562500000000018,1.4359356428360747E-6-3.435041827486197E-11i,0.007179678161721084-1.7175209011937992E-7i
28.379879704546198,53.511602139965376,4.093750000000005,1.43593564933066E-6-3.435041843022527E-11i,0.0071796781617210845-1.7175209011937992E-7i
30.0586071137266,52.59034120525437,4.35193811349978,1.4359356473740823E-6-3.435041838342014E-11i,0.0071796781617210845-1.7175209011937992E-7i
25.59463583512028,51.09124095113989,6.740908115268595,1.4359356296167135E-6-3.435041795862875E-11i,0.007179678161721082-1.7175209011938E-7i
28.719161787286872,50.464675868512515,7.866777231577587,1.435935629291754E-6-3.4350417950855046E-11i,0.007179678161721085-1.7175209011937992E-7i
47.08228585933063,40.741123920533916,4.249999999999997,1.4359356505006598E-6-3.4350418458214E-11i,0.0071796781617210845-1.7175209011937992E-7i
44.43903823239619,47.76977482431282,5.500000000000005,1.435935631010662E-6-3.435041799197471E-11i,0.0071796781617210845-1.7175209011937992E-7i
46.08708216756446,46.72017376562914,4.406249999999988,1.435935643306297E-6-3.435041828611061E-11i,0.0071796781617210845-1.7175209011937992E-7i
45.03184651838491,44.89139283507641,4.250000000000008,1.4359356477233476E-6-3.4350418391775155E-11i,0.007179678161721085-1.7175209011937992E-7i
44.730288245285756,49.93509435766425,5.499999999999994,1.4359356377840373E-6-3.435041815400727E-11i,0.007179678161721082-1.7175209011938003E-7i
42.61772347861663,50.987959326347834,4.046956380208323,1.4359356488282816E-6-3.435041841820743E-11i,0.007179678161721085-1.7175209011937992E-7i
39.4599786252561,50.760966260590806,5.499999999999983,1.435935631048669E-6-3.435041799288396E-11i,0.0071796781617210845-1.7175209011937992E-7i
37.0504973883163,51.88048313029205,4.250000000000001,1.435935645400617E-6-3.4350418336210887E-11i,0.007179678161721086-1.7175209011937995E-7i
42.00647106521332,49.19081685390104,5.458422668978699,1.4359356294535741E-6-3.435041795472606E-11i,0.007179678161721083-1.7175209011937997E-7i
40.53101154945476,51.08859722963383,4.64062499999999,1.435935644193389E-6-3.435041830733161E-11i,0.007179678161721082-1.7175209011938003E-7i
44.33667379029876,46.263166843944646,4.953125000000001,1.4359356373431776E-6-3.435041814346102E-11i,0.007179678161721084-1.7175209011937992E-7i
24.124200249964087,50.73315171451335,4.562500000000012,1.4359356461540874E-6-3.4350418354235365E-11i,0.007179678161721082-1.7175209011937997E-7i
37.00590282612549,50.35507184560825,5.499999999999992,1.4359356328792987E-6-3.4350418036676185E-11i,0.007179678161721084-1.7175209011937995E-7i
41.28709643693353,46.61089932624304,7.915506212061583,1.4359356294093508E-6-3.43504179536681E-11i,0.007179678161721082-1.7175209011938E-7i
37.803444352030034,48.42667414793988,7.999999999999996,1.4359356262274111E-6-3.4350417877549874E-11i,0.007179678161721082-1.7175209011937997E-7i
43.65430107911337,43.07413187598602,5.499999999999977,1.4359356329453972E-6-3.435041803825743E-11i,0.007179678161721084-1.7175209011937992E-7i
42.58626541303306,45.80615992226014,5.500000000000013,1.4359356289638076E-6-3.4350417943009885E-11i,0.007179678161721084-1.7175209011937995E-7i
41.3908313771548,44.60841548334525,6.749999999999994,1.435935633373352E-6-3.4350418048494897E-11i,0.0071796781617210845-1.7175209011937992E-7i
42.625389309024584,48.13268527122975,4.2500000000000036,1.4359356506689487E-6-3.4350418462239834E-11i,0.0071796781617210845-1.7175209011937992E-7i
38.82030646305725,47.71333707397183,5.499999999999983,1.435935636311715E-6-3.4350418118786366E-11i,0.007179678161721086-1.7175209011937992E-7i
40.694740749583566,46.83059670612096,5.252856916927797,1.4359356378764636E-6-3.435041815621826E-11i,0.007179678161721084-1.7175209011937992E-7i
39.677771864838554,48.60899218717631,4.373003666844509,1.4359356463477646E-6-3.43504183588685E-11i,0.0071796781617210845-1.7175209011937992E-7i
39.40420185228064,46.37987424905915,4.249999999999976,1.43593565224081E-6-3.435041849984183E-11i,0.007179678161721086-1.7175209011937992E-7i
26.74380958633504,50.242324188917536,4.866297695648063,1.4359356445189229E-6-3.435041831511902E-11i,0.0071796781617210845-1.7175209011937992E-7i
27.884724709857387,51.0995887153129,4.249999999999999,1.4359356473972806E-6-3.435041838397507E-11i,0.007179678161721085-1.7175209011937992E-7i
29.78868730618131,50.199177430626314,5.5000000000000115,1.4359356237967787E-6-3.4350417819404395E-11i,0.007179678161721082-1.7175209011938003E-7i
28.14699159084438,49.10151721236896,5.474231285909413,1.4359356342608707E-6-3.435041806972615E-11i,0.007179678161721084-1.7175209011937995E-7i
37.555510296320136,49.17753592280555,4.249999999999993,1.4359356511126204E-6-3.435041847285326E-11i,0.007179678161721084-1.7175209011937992E-7i
35.9555152431288,48.07014830133292,4.875000000000003,1.4359356409176956E-6-3.435041822897054E-11i,0.0071796781617210845-1.7175209011937992E-7i
32.1702571665881,50.074177430626,5.500000000000005,1.4359356313089708E-6-3.4350417999110896E-11i,0.007179678161721084-1.7175209011937995E-7i
34.551827026994886,49.9491774306257,5.5,1.4359356375936927E-6-3.4350418149453835E-11i,0.007179678161721084-1.7175209011937995E-7i
35.53796352731232,47.140296602663966,6.7499999999999964,1.4359356271401175E-6-3.4350417899383636E-11i,0.007179678161721085-1.7175209011937992E-7i
32.81977621942721,47.94917743062705,5.500000000000013,1.435935633082736E-6-3.43504180415428E-11i,0.007179678161721082-1.7175209011937997E-7i
42.634996757883016,43.58515826924111,4.249999999999974,1.435935648917125E-6-3.4350418420332686E-11i,0.007179678161721083-1.7175209011937997E-7i
48.052781936639164,32.86093081754309,7.188745905280989,1.4359356293204167E-6-3.435041795154067E-11i,0.007179678161721084-1.7175209011937995E-7i
63.660627018068,6.098809507768294,13,1.4359356245312232E-6-3.4350417836973744E-11i,0.007179678161721084-1.7175209011937992E-7i
50.63272046785678,39.35598760842121,5.351292474454576,1.435935636621513E-6-3.435041812619737E-11i,0.007179678161721084-1.7175209011937992E-7i
51.41187292394715,34.2035189672872,4.249999999999981,1.4359356434845205E-6-3.435041829037411E-11i,0.0071796781617210845-1.7175209011937992E-7i
49.555812581572674,35.7104922757717,5.500000000000031,1.43593563463874E-6-3.43504180787655E-11i,0.007179678161721082-1.7175209011937997E-7i
47.00002622912026,35.011617260686016,5.500000000000003,1.4359356362335187E-6-3.4350418116915794E-11i,0.007179678161721085-1.7175209011937992E-7i
46.49597712022773,35.73278437322854,6.892001832090404,1.4359356319726516E-6-3.4350418014987393E-11i,0.007179678161721084-1.7175209011937992E-7i
50.755464134788475,37.678365522618485,4.24999999999998,1.4359356509861825E-6-3.435041846982867E-11i,0.0071796781617210845-1.7175209011937992E-7i
46.191090809280304,37.12561100647459,5.499999999999999,1.4359356341345533E-6-3.435041806670437E-11i,0.007179678161721084-1.7175209011937992E-7i
43.622207825503914,37.68254542017274,6.594785981921679,1.4359356288994867E-6-3.435041794147129E-11i,0.007179678161721084-1.7175209011937995E-7i
48.84271985258636,37.86577530704514,5.500000000000015,1.435935633386984E-6-3.4350418048821006E-11i,0.007179678161721082-1.7175209011938E-7i
47.064813561797585,39.063088052417704,4.249999999999996,1.4359356473633718E-6-3.435041838316385E-11i,0.0071796781617210845-1.7175209011937992E-7i
45.068279963754456,39.946196618017666,5.499999999999963,1.4359356358860848E-6-3.435041810860446E-11i,0.007179678161721082-1.7175209011938003E-7i
44.568784907581694,39.013929978299295,4.2499999999999565,1.4359356506678055E-6-3.4350418462212485E-11i,0.0071796781617210845-1.7175209011937992E-7i
42.15258497643718,40.01807579184723,5.499999999999991,1.4359356335413056E-6-3.435041805251274E-11i,0.007179678161721084-1.7175209011937992E-7i
43.13495642964061,40.655488290098276,4.249999999999999,1.4359356466798441E-6-3.4350418366812524E-11i,0.007179678161721083-1.7175209011937997E-7i
44.8779703196249,42.05596411706304,4.249999999999993,1.4359356489720252E-6-3.435041842164601E-11i,0.007179678161721085-1.7175209011937992E-7i
47.09554540464081,37.61536438649552,4.250000000000023,1.4359356499730222E-6-3.435041844559186E-11i,0.007179678161721085-1.7175209011937997E-7i
48.27790629078597,36.04177961735988,4.250000000000015,1.4359356496634791E-6-3.4350418438186953E-11i,0.0071796781617210845-1.7175209011937992E-7i
53.306718482242324,28.32388278457647,8.00509265638749,1.4359356247395154E-6-3.43504178419565E-11i,0.007179678161721084-1.7175209011937995E-7i
55.8700307857155,24.95876581914049,5.49999999999998,1.4359356321212472E-6-3.4350418018542105E-11i,0.007179678161721086-1.7175209011937992E-7i
54.05724739906359,24.488286556560205,7.204197621510923,1.4359356263695983E-6-3.4350417880951325E-11i,0.0071796781617210845-1.7175209011937992E-7i
55.11053069981494,23.43625225085391,5.557931591003738,1.4359356307395986E-6-3.435041798549036E-11i,0.007179678161721084-1.7175209011937995E-7i
52.28346518769052,30.825047682918935,5.500000000000013,1.4359356339222745E-6-3.435041806162629E-11i,0.007179678161721082-1.7175209011937997E-7i
57.94850444487242,26.362518212501808,4.249999999999988,1.435935646242243E-6-3.4350418356344275E-11i,0.007179678161721086-1.7175209011937992E-7i
54.99747030649688,30.883796017547365,4.249999999999996,1.4359356500539863E-6-3.4350418447528705E-11i,0.007179678161721086-1.7175209011937995E-7i
56.15710958288238,28.655092476465786,4.250000000000009,1.435935648974879E-6-3.435041842171437E-11i,0.007179678161721083-1.7175209011937997E-7i
53.77411126971976,29.283959055641215,4.875000000000009,1.435935645720955E-6-3.435041834387407E-11i,0.007179678161721084-1.7175209011937992E-7i
52.883553940629305,27.7283110815525,5.500000000000012,1.4359356358606088E-6-3.435041810799504E-11i,0.007179678161721084-1.7175209011937992E-7i
54.376792363172406,26.343538450346497,5.4999999999999964,1.4359356338414737E-6-3.435041805969337E-11i,0.0071796781617210845-1.7175209011937992E-7i
55.31421916576591,27.86532122426182,5.500000000000012,1.4359356328582273E-6-3.435041803617218E-11i,0.007179678161721085-1.7175209011937992E-7i
48.90448082447979,33.7693198331376,4.249999999999996,1.4359356447530828E-6-3.435041832072057E-11i,0.0071796781617210845-1.7175209011937992E-7i
47.808961648960214,32.89762351489745,5.500000000000006,1.4359356346396524E-6-3.435041807878731E-11i,0.0071796781617210845-1.7175209011937992E-7i
51.64173259384505,31.867006513364117,4.249999999999983,1.4359356496980154E-6-3.43504184390131E-11i,0.007179678161721084-1.7175209011937992E-7i
46.08512063916006,31.310946508124204,6.125000000000006,1.4359356370918532E-6-3.435041813744878E-11i,0.007179678161721085-1.7175209011937992E-7i
49.306254149982664,30.545653504713986,5.414977179049211,1.435935635299458E-6-3.4350418094571177E-11i,0.007179678161721082-1.7175209011938E-7i
51.00495477271847,29.671565008337993,4.875,1.4359356429202532E-6-3.435041827687569E-11i,0.007179678161721084-1.7175209011937992E-7i
49.141732593845205,31.867006513363876,4.250000000000015,1.4359356492096626E-6-3.4350418427330744E-11i,0.0071796781617210845-1.7175209011937992E-7i
48.11345387768546,29.551478883072566,4.415642400175913,1.435935648625176E-6-3.435041841334868E-11i,0.007179678161721086-1.7175209011937992E-7i
48.59764019415229,28.272644134559147,5.690297094537601,1.4359356354665393E-6-3.4350418098568094E-11i,0.007179678161721086-1.7175209011937992E-7i
49.72644435774643,28.518082333757057,4.249999999999987,1.43593565256311E-6-3.435041850755186E-11i,0.0071796781617210845-1.7175209011937992E-7i
50.420582429318685,27.47654117444152,5.400980946353155,1.435935637806403E-6-3.4350418154542275E-11i,0.007179678161721084-1.7175209011937992E-7i
51.941776970314585,28.58658740511187,4.250000000000014,1.4359356499913647E-6-3.435041844603069E-11i,0.007179678161721086-1.7175209011937992E-7i
59.83659618709302,25.11385697607373,4.137236142812118,1.435935650503598E-6-3.435041845828433E-11i,0.007179678161721085-1.7175209011937992E-7i
55.94850444487337,26.362518212501502,4.250000000000013,1.4359356471824934E-6-3.435041837883692E-11i,0.007179678161721084-1.7175209011937992E-7i
57.6650289047837,24.89014488938109,4.249999999999982,1.4359356479022545E-6-3.4350418396055026E-11i,0.007179678161721085-1.7175209011937992E-7i
54.748764373093266,20.871217976971618,7.606917576685574,1.435935628752922E-6-3.435041793796509E-11i,0.007179678161721083-1.7175209011937997E-7i
54.328501915529166,21.40425306514979,5.572929301102862,1.4359356359415143E-6-3.435041810993045E-11i,0.007179678161721084-1.7175209011937992E-7i
58.33005780956799,23.79952766522966,5.499999999999998,1.4359356346593033E-6-3.4350418079257466E-11i,0.007179678161721082-1.7175209011937997E-7i
62.4914066877801,21.305455849075788,4.250000000000005,1.435935648032802E-6-3.4350418399177956E-11i,0.007179678161721083-1.7175209011937997E-7i
61.991406687779865,18.707379637722504,4.249999999999971,1.4359356453238824E-6-3.435041833437528E-11i,0.007179678161721083-1.7175209011937997E-7i
60.00198819084843,23.01490859156305,4.249999999999972,1.435935647571752E-6-3.43504183881488E-11i,0.0071796781617210845-1.7175209011937992E-7i
60.99140668777957,20.439430445291446,4.249999999999976,1.435935646509331E-6-3.43504183627335E-11i,0.007179678161721085-1.7175209011937992E-7i
57.35544721410486,21.501721139888662,5.389961573959332,1.435935634762276E-6-3.435041808172078E-11i,0.007179678161721084-1.7175209011937992E-7i
58.93564848404275,21.645943845601778,4.114670907566717,1.4359356504448975E-6-3.4350418456880085E-11i,0.007179678161721086-1.7175209011937995E-7i
60.35222397833226,18.943990637029124,4.882354025140509,1.435935635821095E-6-3.435041810704982E-11i,0.007179678161721084-1.7175209011937992E-7i
56.43501539285761,23.73771315876779,4.250000000000005,1.4359356479885098E-6-3.435041839811841E-11i,0.007179678161721085-1.7175209011937992E-7i
58.83565919823844,19.745709822124148,4.1959999404098705,1.4359356488204001E-6-3.435041841801884E-11i,0.007179678161721084-1.7175209011937992E-7i
56.26330895029917,22.05486273770074,4.250000000000026,1.4359356494657107E-6-3.4350418433455965E-11i,0.007179678161721085-1.7175209011937992E-7i
54.42972544539905,22.706943957371074,4.028687887913877,1.4359356483408893E-6-3.435041840654803E-11i,0.007179678161721084-1.7175209011937992E-7i
56.2666763219684,19.856565973702622,5.192824172308374,1.4359356357388983E-6-3.435041810508349E-11i,0.007179678161721082-1.7175209011937997E-7i
55.02462970974934,21.094816883839,4.249999999999974,1.4359356434771302E-6-3.4350418290197266E-11i,0.007179678161721085-1.7175209011937997E-7i
58.92723435607118,12.140117067702331,7.906469831109509,1.4359356232954659E-6-3.435041780741199E-11i,0.0071796781617210845-1.7175209011937992E-7i
64.06330419832646,15.057309741336377,4.249999999999987,1.4359356444616973E-6-3.435041831375005E-11i,0.007179678161721083-1.7175209011937997E-7i
65.24696252623801,11.52090540538793,4.434562974986406,1.4359356444361601E-6-3.435041831313923E-11i,0.007179678161721084-1.7175209011937992E-7i
64.01320705777144,12.993915000806586,4.250000000000021,1.4359356465779651E-6-3.435041836437542E-11i,0.007179678161721085-1.7175209011937992E-7i
59.1252848842317,17.371875231777977,4.249999999999993,1.4359356462048981E-6-3.435041835545088E-11i,0.007179678161721086-1.7175209011937992E-7i
60.62528488423182,16.50584982799365,4.24999999999997,1.4359356492384892E-6-3.4350418428020374E-11i,0.0071796781617210845-1.7175209011937992E-7i
63.06330419832653,16.78936054890534,4.249999999999974,1.4359356461275378E-6-3.43504183536003E-11i,0.007179678161721085-1.7175209011937992E-7i
61.23364717012298,15.020927001414945,4.142363166435318,1.4359356469237547E-6-3.435041837264736E-11i,0.007179678161721086-1.7175209011937992E-7i
62.2524395749133,13.445494488069274,5.499999999999993,1.4359356338762588E-6-3.4350418060525515E-11i,0.007179678161721082-1.7175209011937997E-7i
55.17361567701275,18.235974020855277,5.376174980696606,1.4359356282077473E-6-3.4350417924923464E-11i,0.007179678161721084-1.7175209011937995E-7i
57.24597749305189,18.1095074722814,4.249999999999973,1.4359356514785183E-6-3.4350418481606284E-11i,0.0071796781617210845-1.7175209011937992E-7i
57.99195498610397,16.300430657520813,5.500000000000009,1.4359356339301619E-6-3.435041806181491E-11i,0.007179678161721082-1.7175209011937997E-7i
55.653872906833186,15.99702471547278,4.249999999999964,1.4359356448097601E-6-3.4350418322076425E-11i,0.007179678161721085-1.7175209011937992E-7i
59.136394167266985,14.067903368426252,5.390644239081651,1.435935635240587E-6-3.435041809316292E-11i,0.007179678161721082-1.7175209011938003E-7i
67.6617798614995,7.850076274546155,4.875000000000025,1.4359356420175643E-6-3.435041825528159E-11i,0.007179678161721084-1.7175209011937992E-7i
68.66177986149953,6.118025466977274,4.875000000000004,1.4359356426543183E-6-3.4350418270514E-11i,0.007179678161721084-1.7175209011937992E-7i
68.99027290058966,3.7374039645941224,4.284505701399479,1.435935647721359E-6-3.435041839172766E-11i,0.0071796781617210845-1.7175209011937992E-7i
70.24671823264413,1.1363741288020093,4.280070798053048,1.4359356492375033E-6-3.435041842799681E-11i,0.007179678161721085-1.7175209011937992E-7i
70.62089158483599,0,5.62028319221219,1.4359356416865862E-6-3.4350418247363934E-11i,0.007179678161721085-1.7175209011937997E-7i
68.14816381941918,2.2727482576040074,5.307774466810324,1.435935634745685E-6-3.4350418081323853E-11i,0.007179678161721084-1.7175209011937995E-7i
68.76447555686194,0,4.614835094958481,1.4359356440490009E-6-3.435041830387752E-11i,0.007179678161721084-1.7175209011937997E-7i
67.05267665235918,0,4.576247897861737,1.435935646327554E-6-3.435041835838503E-11i,0.007179678161721084-1.7175209011937997E-7i
65.96430292244276,1.9495597917223666,5.16600320247435,1.4359356382981236E-6-3.4350418166305217E-11i,0.007179678161721085-1.7175209011937992E-7i
65.00073474654663,0,5.553119171543532,1.4359356325373945E-6-3.4350418028497166E-11i,0.007179678161721085-1.7175209011937997E-7i
66.41515675451701,5.854829395864293,5.499999999999994,1.4359356351876177E-6-3.435041809189575E-11i,0.007179678161721084-1.7175209011937995E-7i
66.85125451770102,3.853685202258806,4.679699176274882,1.4359356434880736E-6-3.435041829045904E-11i,0.0071796781617210845-1.7175209011937992E-7i
64.87144024243484,2.9782317756715866,6.968704803325503,1.435935625488148E-6-3.435041785986526E-11i,0.007179678161721082-1.7175209011938E-7i
64.11941955875622,0,8.983487155331773,1.4359356262347649E-6-3.4350417877725805E-11i,0.007179678161721085-1.7175209011938E-7i
62.651303472563896,0,6.205008611242578,1.435935631533217E-6-3.435041800447527E-11i,0.007179678161721084-1.7175209011937997E-7i
61.828931820754555,6.785370317790359,7.403855880400352,1.4359356253479851E-6-3.435041785651227E-11i,0.007179678161721085-1.7175209011937992E-7i
63.91515675451701,6.720854799648737,5.500000000000001,1.4359356353752929E-6-3.435041809638527E-11i,0.007179678161721082-1.7175209011937997E-7i
62.80547146626277,5.156621481798003,6.877215854151443,1.4359356277177364E-6-3.43504179132014E-11i,0.007179678161721085-1.7175209011937992E-7i
63.95734949693803,3.5944126212452474,4.69824559946749,1.4359356417122769E-6-3.4350418247978516E-11i,0.007179678161721084-1.7175209011937995E-7i
64.9575783772585,9.422605226315442,4.249999999999999,1.4359356469463745E-6-3.4350418373188445E-11i,0.007179678161721084-1.7175209011937992E-7i
64.95757837725849,7.690554418746533,4.250000000000015,1.435935648540175E-6-3.43504184113153E-11i,0.0071796781617210845-1.7175209011937992E-7i
62.49569459900309,10.943011069278144,5.500000000000015,1.4359356331882767E-6-3.4350418044067606E-11i,0.007179678161721082-1.7175209011938003E-7i
62.602712838380036,7.880068082369498,4.25000000000001,1.4359356462538257E-6-3.435041835662135E-11i,0.007179678161721086-1.7175209011937992E-7i
62.602712838380036,9.61211888993839,4.250000000000002,1.4359356448048035E-6-3.435041832195785E-11i,0.007179678161721086-1.7175209011937995E-7i
61.19550400418787,7.6936488330664705,5.275626076405339,1.4359356358731157E-6-3.4350418108294194E-11i,0.007179678161721082-1.7175209011938003E-7i
62.176445893315574,6.0674205078007155,4.650626076405334,1.4359356408474565E-6-3.4350418227290283E-11i,0.007179678161721086-1.7175209011937995E-7i
57.775104685869366,12.025722299805583,5.187500000000011,1.4359356379370428E-6-3.435041815766739E-11i,0.007179678161721083-1.7175209011937997E-7i
59.37817908824647,10.147884673311772,5.402401383539334,1.4359356340713276E-6-3.435041806519187E-11i,0.007179678161721084-1.7175209011937995E-7i
59.742463558072394,11.9759794557076,4.8750000000000036,1.435935641169047E-6-3.4350418234983406E-11i,0.007179678161721086-1.7175209011937992E-7i
60.59775200209391,9.042976839239888,4.1378130382026885,1.4359356496511292E-6-3.435041843789154E-11i,0.007179678161721085-1.7175209011937992E-7i
58.92995016492667,7.384841542006106,8.000000000000002,1.4359356238661533E-6-3.4350417821063965E-11i,0.007179678161721084-1.7175209011937995E-7i
59.37780095060432,5.857484280464133,6.301252152810659,1.4359356328928703E-6-3.435041803700083E-11i,0.007179678161721086-1.7175209011937995E-7i
60.456221934802485,3.622827420408621,7.758128249890312,1.4359356252068002E-6-3.4350417853134824E-11i,0.007179678161721082-1.7175209011938E-7i
55.892679200534474,13.454551924244244,7.648395664689567,1.4359356275658318E-6-3.435041790956757E-11i,0.007179678161721082-1.7175209011937997E-7i
55.750209040005565,17.02309467074322,7.182326090360332,1.4359356271566927E-6-3.435041789978018E-11i,0.007179678161721084-1.7175209011937995E-7i
60.28648055584961,12.2621005547483,13,1.4359356202938342E-6-3.4350417735607025E-11i,0.0071796781617210845-1.7175209011937992E-7i
53.23056749207812,17.788323838797286,7.886652543110513,1.435935628627283E-6-3.4350417934959595E-11i,0.007179678161721085-1.7175209011937992E-7i
56.96781994441598,18.436350825723466,13,1.4359356224401428E-6-3.4350417786950966E-11i,0.0071796781617210845-1.7175209011937992E-7i
52.59318147577982,19.22362729462047,9.707694045436362,1.4359356280199546E-6-3.43504179204311E-11i,0.007179678161721086-1.7175209011937995E-7i
51.213127705786114,23.574371263693866,7.999999999999965,1.43593562315287E-6-3.435041780400089E-11i,0.007179678161721082-1.7175209011937997E-7i
53.426255411572086,24.632082028992286,13,1.4359356233568017E-6-3.4350417808879304E-11i,0.0071796781617210845-1.7175209011937992E-7i
50.55945256838578,26.388105513923428,7.9999999999999805,1.4359356252811947E-6-3.4350417854914574E-11i,0.007179678161721084-1.7175209011937995E-7i
49.890251025167665,29.078208695092947,7.719110985481652,1.435935629035165E-6-3.435041794471692E-11i,0.007179678161721084-1.7175209011937992E-7i
43.750874108891665,40.49819283441567,8.35886546637581,1.4359356246420596E-6-3.4350417839625194E-11i,0.007179678161721084-1.7175209011937995E-7i
45.82092526122085,36.94621038459752,9.76304091939298,1.4359356263967284E-6-3.435041788160036E-11i,0.007179678161721082-1.7175209011938E-7i
49.81155486197096,30.69086660720383,13,1.4359356205199113E-6-3.4350417741015164E-11i,0.007179678161721084-1.7175209011937992E-7i
47.1874739290185,29.790750770529957,7.61016177145547,1.435935627754522E-6-3.435041791408139E-11i,0.007179678161721084-1.7175209011937995E-7i
46.29352049235022,36.755166029060796,13,1.4359356205826608E-6-3.435041774251636E-11i,0.007179678161721084-1.7175209011937995E-7i
40.274542146614536,39.018609947967754,8.103317443959709,1.43593562442523E-6-3.4350417834438183E-11i,0.007179678161721082-1.7175209011937997E-7i
39.21674879751954,42.439476268428564,7.906418070149814,1.4359356282794653E-6-3.4350417926639114E-11i,0.007179678161721083-1.7175209011937997E-7i
36.52410002762976,44.331415774702236,7.999999999999994,1.4359356286408295E-6-3.4350417935283656E-11i,0.007179678161721083-1.7175209011937997E-7i
42.20383000361184,42.0287859853149,13,1.4359356209622556E-6-3.435041775159696E-11i,0.007179678161721086-1.7175209011937992E-7i
6.646421424634987,61.425628880299094,7.971672059801327,1.4359356242914712E-6-3.43504178312384E-11i,0.007179678161721083-1.7175209011937997E-7i
6.217367310737501,63.651635370111194,13,1.4359356209922613E-6-3.4350417752314813E-11i,0.0071796781617210845-1.7175209011937992E-7i
3.609529851877059,60.55811386628575,8.184565896814767,1.4359356239616708E-6-3.435041782334897E-11i,0.007179678161721084-1.7175209011937992E-7i
9.581612749478689,57.45886000072433,5.571025630155794,1.4359356329184977E-6-3.435041803761391E-11i,0.007179678161721085-1.7175209011937992E-7i
7.398360660913108,58.727530241557275,7.617290400302746,1.435935625784889E-6-3.435041786696393E-11i,0.007179678161721085-1.7175209011937992E-7i
4.530882292451745,57.04079412505141,8.143283136709677,1.4359356245218328E-6-3.435041783674912E-11i,0.007179678161721082-1.7175209011937997E-7i
12.449553955466001,60.18544160963031,13,1.4359356224249587E-6-3.43504177865878E-11i,0.007179678161721082-1.7175209011937997E-7i
15.681664939121337,55.35358371573557,7.814618689392637,1.4359356256961294E-6-3.435041786484066E-11i,0.007179678161721082-1.7175209011938E-7i
9.078561383621256,56.782515220976705,7.518377163988269,1.4359356247161947E-6-3.4350417841398695E-11i,0.007179678161721083-1.7175209011937997E-7i
12.46179200167633,57.84829097625902,5.499999999999982,1.43593563116864E-6-3.435041799575389E-11i,0.007179678161721084-1.7175209011937992E-7i
11.400211960805853,55.86026104389581,5.650172371321228,1.435935630785724E-6-3.4350417986593785E-11i,0.007179678161721085-1.7175209011937992E-7i
12.703317077251222,56.64481309856659,7.753159008284916,1.4359356259060248E-6-3.435041786986176E-11i,0.007179678161721084-1.7175209011937992E-7i
23.999689193963977,49.46630342902727,6.1249999999999964,1.4359356295353075E-6-3.435041795668131E-11i,0.0071796781617210845-1.7175209011937992E-7i
19.336250979477814,55.15358215973124,7.951980155755505,1.4359356252707558E-6-3.435041785466487E-11i,0.007179678161721084-1.7175209011937995E-7i
20.97401175238523,52.11977430947961,7.877331228765287,1.4359356240936003E-6-3.435041782650495E-11i,0.007179678161721084-1.7175209011937995E-7i
19.181445729600185,57.24767773751639,13,1.435935622568315E-6-3.4350417790017143E-11i,0.007179678161721086-1.7175209011937992E-7i
17.700392749741315,52.65855865212994,7.999999999999994,1.4359356226116483E-6-3.435041779105375E-11i,0.007179678161721085-1.7175209011937992E-7i
32.62692042447437,45.08318560864492,8.10510743824151,1.4359356270883358E-6-3.435041789814494E-11i,0.007179678161721083-1.7175209011937997E-7i
36.67513309631236,45.66283154940649,13,1.4359356240203973E-6-3.435041782475373E-11i,0.0071796781617210845-1.7175209011937992E-7i
30.300639552647727,47.37033834805589,7.52076270237682,1.4359356273189492E-6-3.435041790366168E-11i,0.007179678161721084-1.7175209011937992E-7i
30.636076867473204,47.018335550620826,5.499999999999996,1.4359356301954664E-6-3.435041797247362E-11i,0.007179678161721084-1.7175209011937992E-7i
30.5499465734517,44.69930302913109,5.764423076923073,1.435935632275062E-6-3.4350418022221695E-11i,0.0071796781617210845-1.7175209011937992E-7i
24.930354288834593,54.06059132162435,13,1.4359356216589682E-6-3.435041776826378E-11i,0.007179678161721083-1.7175209011937997E-7i
27.24068261347094,47.976908509653015,8.659477524774726,1.4359356253771442E-6-3.4350417857209826E-11i,0.007179678161721084-1.7175209011937992E-7i
23.490946354831834,48.50964914297538,8.597079087506096,1.4359356245200204E-6-3.435041783670567E-11i,0.0071796781617210845-1.7175209011937992E-7i
30.820158038714396,49.7967097225052,13,1.4359356246470668E-6-3.435041783974495E-11i,0.007179678161721086-1.7175209011937992E-7i
0,60.20179293805742,13.000000000000002,1.4359356214886582E-6-3.435041776418959E-11i,0.0071796781617210845-1.7175209011938E-7i
0,56.193050137520224,9.70299009902174,1.4359356256982144E-6-3.435041786489052E-11i,0.007179678161721084-1.7175209011937997E-7i
0,55.89994258397119,7.0716199181221615,1.4359356298716806E-6-3.435041796472806E-11i,0.007179678161721086-1.7175209011937995E-7i
60.6646162372793,0,7.827090154135286,1.4359356279361083E-6-3.4350417918425314E-11i,0.007179678161721085-1.7175209011938E-7i
60.1980542954579,0,12.999999999999998,1.4359356246180193E-6-3.435041783905003E-11i,0.007179678161721084-1.7175209011937997E-7i
5.729542761363617,57.520397062525724,5.571641568354837,1.435935633565811E-6-3.435041805309894E-11i,0.007179678161721086-1.7175209011937992E-7i
9.626657078393633,58.77631948325624,4.250000000000014,1.4359356422058345E-6-3.435041825978538E-11i,0.007179678161721084-1.7175209011937992E-7i
0,53.63492942452778,8.686444307633382,1.4359356258978234E-6-3.435041786966554E-11i,0.007179678161721084-1.7175209011937997E-7i
0,52.479331887942195,6.430502259180233,1.435935628276297E-6-3.435041792656329E-11i,0.007179678161721085-1.7175209011937997E-7i
2.678356421290879,54.17277465178204,6.564141654956536,1.4359356274508033E-6-3.435041790681586E-11i,0.007179678161721083-1.7175209011937997E-7i
5.852605199923529,55.11727701308253,5.620849328882084,1.4359356320222303E-6-3.4350418016173364E-11i,0.007179678161721083-1.7175209011937997E-7i
7.590605188124519,57.446421096976735,4.670896560535252,1.4359356419276191E-6-3.435041825312989E-11i,0.007179678161721083-1.7175209011937997E-7i
6.328872995819581,58.760198531262844,4.2858207841774405,1.4359356453106442E-6-3.435041833405856E-11i,0.007179678161721084-1.7175209011937992E-7i
4.450602082514178,59.806950993864255,5.4716720598013495,1.4359356361374302E-6-3.435041811461716E-11i,0.007179678161721082-1.7175209011937997E-7i
2.6583137431492996,60.84448930026896,4.627232465787133,1.4359356460914726E-6-3.435041835273754E-11i,0.007179678161721084-1.7175209011937992E-7i
0,60.70036609426257,4.850837157184618,1.4359356418523647E-6-3.4350418251329696E-11i,0.007179678161721085-1.7175209011937997E-7i
1.9786759244129766,58.21926252274627,4.429942125214771,1.435935645764153E-6-3.435041834490742E-11i,0.007179678161721084-1.7175209011937992E-7i
0,59.120565315399745,4.268686933538337,1.4359356495760287E-6-3.435041843609506E-11i,0.007179678161721085-1.7175209011937997E-7i
3.13146655001031,57.020397062525724,5.571641568354846,1.4359356276075488E-6-3.435041791056555E-11i,0.007179678161721082-1.7175209011937997E-7i
4.596822188250672,57.76019853126288,4.285820784177414,1.435935648334328E-6-3.435041840639105E-11i,0.007179678161721086-1.7175209011937992E-7i
0,57.084291860647724,4.693376538305891,1.435935642388818E-6-3.435041826416273E-11i,0.0071796781617210845-1.7175209011937997E-7i
1.5657332750051438,55.94913005185776,5.178351362225611,1.4359356382554763E-6-3.435041816528499E-11i,0.0071796781617210845-1.7175209011937992E-7i
0,54.87786304118975,4.785061156096345,1.4359356423516438E-6-3.4350418263273396E-11i,0.007179678161721085-1.7175209011938E-7i
20.58421419567335,57.15595971718967,4.250000000000009,1.4359356499517848E-6-3.43504184450838E-11i,0.0071796781617210845-1.7175209011937992E-7i
19.93213106421851,55.59061296323323,5.500000000000005,1.4359356312257771E-6-3.43504179971207E-11i,0.0071796781617210845-1.7175209011937992E-7i
20.9926079221401,54.906840005983256,4.250000000000007,1.4359356480656836E-6-3.435041839996457E-11i,0.007179678161721085-1.7175209011937992E-7i
13.046408760906962,59.58251914442123,5.499999999999991,1.435935628198641E-6-3.4350417924705625E-11i,0.0071796781617210845-1.7175209011937992E-7i
15.236744141848694,58.54636040240761,5.5,1.4359356324924107E-6-3.435041802742113E-11i,0.007179678161721082-1.7175209011938E-7i
16.278626108768773,58.273180201203836,4.249999999999977,1.4359356491892796E-6-3.4350418426843205E-11i,0.007179678161721086-1.7175209011937992E-7i
18.211975070576365,55.831426198058246,4.875000000000006,1.4359356428576452E-6-3.435041827537795E-11i,0.007179678161721083-1.7175209011937997E-7i
18.200080256649546,53.59061296323308,5.500000000000023,1.4359356340780627E-6-3.4350418065353E-11i,0.007179678161721084-1.7175209011937992E-7i
15.53025440856276,53.74023509300525,5.520420507837018,1.4359356338667987E-6-3.4350418060299106E-11i,0.007179678161721083-1.7175209011937997E-7i
16.49181907693421,56.07223943288326,4.250000000000008,1.43593564740264E-6-3.435041838410327E-11i,0.0071796781617210845-1.7175209011937992E-7i
19.492344973738142,53.79530648161641,4.2499999999999964,1.4359356491747005E-6-3.435041842649441E-11i,0.007179678161721085-1.7175209011937992E-7i
14.028780827549351,55.95272201095556,5.499999999999993,1.435935636503318E-6-3.435041812336993E-11i,0.0071796781617210845-1.7175209011937992E-7i
11.321989842642248,56.910660538015165,4.211320632580802,1.4359356459106143E-6-3.4350418348411064E-11i,0.007179678161721084-1.7175209011937995E-7i
13.159099231113723,56.92414548812953,4.249999999999969,1.4359356505749376E-6-3.4350418459990904E-11i,0.0071796781617210845-1.7175209011937992E-7i
8.343976966129516,55.825483076536855,4.880809708828123,1.4359356391146161E-6-3.4350418185837335E-11i,0.007179678161721086-1.7175209011937992E-7i
9.564102454760157,56.59520131488097,4.109315773458811,1.4359356478670673E-6-3.4350418395213234E-11i,0.007179678161721086-1.7175209011937992E-7i
9.729569653834428,55.054359493126,5.368420975946926,1.435935633410031E-6-3.435041804937245E-11i,0.007179678161721084-1.7175209011937995E-7i
12.284916072857303,53.65022155011037,5.499999999999958,1.4359356322973579E-6-3.435041802275503E-11i,0.007179678161721084-1.7175209011937995E-7i
13.114880248908937,54.8746281315923,4.249999999999961,1.435935647332598E-6-3.4350418382427736E-11i,0.0071796781617210845-1.7175209011937992E-7i
14.104574663813416,53.00159149242594,4.348035558058999,1.4359356460443411E-6-3.435041835161001E-11i,0.0071796781617210845-1.7175209011937992E-7i
10.905597757243104,55.07511077505521,4.2499999999999964,1.4359356464035337E-6-3.4350418360202646E-11i,0.007179678161721085-1.7175209011937992E-7i
20.07309384828743,49.605349929440145,6.654757548549649,1.435935626053695E-6-3.435041787339425E-11i,0.007179678161721082-1.7175209011938E-7i
16.458138864555586,53.02857652282599,4.250000000000022,1.4359356519215548E-6-3.435041849220461E-11i,0.0071796781617210845-1.7175209011937992E-7i
16.820820568780565,51.067945688896735,5.5000000000000115,1.4359356341292773E-6-3.4350418066578144E-11i,0.007179678161721082-1.7175209011938E-7i
18.59575655351196,51.76837353034977,4.250000000000027,1.435935646319454E-6-3.435041835819124E-11i,0.007179678161721085-1.7175209011937992E-7i
19.46178195729638,50.268373530349834,4.250000000000015,1.4359356468327528E-6-3.435041837047042E-11i,0.007179678161721085-1.7175209011937992E-7i
29.040430293054616,43.631510608171254,7.394995144523907,1.4359356254803105E-6-3.435041785967779E-11i,0.007179678161721084-1.7175209011937995E-7i
21.29392923313557,48.95931399110304,4.1386898653721556,1.4359356478752124E-6-3.435041839540807E-11i,0.007179678161721084-1.7175209011937995E-7i
22.1367905184332,48.74632193851647,5.279986741218597,1.4359356348558721E-6-3.43504180839597E-11i,0.007179678161721086-1.7175209011937992E-7i
26.059649348053533,47.24244792656725,5.4930879759378355,1.435935634875064E-6-3.4350418084418866E-11i,0.007179678161721082-1.7175209011937997E-7i
23.358244259428186,46.18376659173503,5.499999999999993,1.4359356374981508E-6-3.435041814716827E-11i,0.007179678161721084-1.7175209011937992E-7i
26.17683150456166,45.333018142741736,7.999999999999984,1.435935624599223E-6-3.4350417838600433E-11i,0.007179678161721084-1.7175209011937992E-7i
24.99022565374849,49.233151714513696,4.562499999999975,1.435935644897445E-6-3.435041832417403E-11i,0.0071796781617210845-1.7175209011937992E-7i
26.923369895591993,48.32046095031748,4.089611695749519,1.4359356434004027E-6-3.435041828836182E-11i,0.007179678161721086-1.7175209011937995E-7i
23.215196898990754,48.20825453568544,4.250000000000002,1.4359356460871608E-6-3.435041835263435E-11i,0.007179678161721084-1.7175209011937995E-7i
25.163754057505816,46.58325453568555,4.25,1.4359356533742356E-6-3.4350418526955634E-11i,0.007179678161721086-1.7175209011937995E-7i
42.743227676347324,37.916948831082934,4.875000000000014,1.4359356394968612E-6-3.4350418194981365E-11i,0.0071796781617210845-1.7175209011937992E-7i
35.08948983934507,46.570148301332566,4.87500000000002,1.4359356333694553E-6-3.435041804840167E-11i,0.007179678161721085-1.7175209011937992E-7i
37.068074771993444,46.36792809434242,5.187500000000011,1.4359356351625694E-6-3.435041809129655E-11i,0.007179678161721083-1.7175209011937997E-7i
37.790870965665476,41.11674694828513,6.749999999999983,1.4359356320586828E-6-3.435041801704549E-11i,0.007179678161721084-1.7175209011937992E-7i
37.249578366946864,42.6579078030212,5.499999999999981,1.43593563010852E-6-3.435041797039371E-11i,0.007179678161721086-1.7175209011937992E-7i
38.18063430085809,44.66570788735191,5.500000000000019,1.4359356270356227E-6-3.435041789688397E-11i,0.007179678161721082-1.7175209011938E-7i
41.391124517127096,42.52209840750733,5.4999999999999805,1.4359356229877553E-6-3.435041780005095E-11i,0.007179678161721084-1.7175209011937995E-7i
41.27986727124554,41.25151266462694,4.249999999999993,1.4359356440371242E-6-3.43504183035935E-11i,0.007179678161721084-1.7175209011937992E-7i
40.61399997562061,44.804207741673416,4.875000000000019,1.4359356456775655E-6-3.435041834283601E-11i,0.007179678161721085-1.7175209011937992E-7i
30.482800921210448,49.09958871531342,4.250000000000007,1.435935639347127E-6-3.435041819139946E-11i,0.007179678161721085-1.7175209011937992E-7i
28.689302893142585,47.84142162549951,4.249999999999987,1.43593564146093E-6-3.435041824196577E-11i,0.007179678161721084-1.7175209011937992E-7i
28.4523775155192,46.0874936706146,5.499999999999978,1.4359356231326157E-6-3.435041780351629E-11i,0.007179678161721083-1.7175209011937997E-7i
27.810847616616382,44.16650907137065,5.500000000000005,1.4359356294973486E-6-3.435041795577325E-11i,0.0071796781617210845-1.7175209011937992E-7i
30.040470298072183,46.00916777531058,4.249999999999974,1.4359356519461686E-6-3.435041849279341E-11i,0.007179678161721085-1.7175209011937992E-7i
31.669108324004135,45.611476323728155,4.198224852070995,1.4359356538241664E-6-3.435041853771884E-11i,0.0071796781617210845-1.7175209011937992E-7i
30.135410975331087,44.00423913492892,4.250000000000006,1.435935646551681E-6-3.4350418363746676E-11i,0.007179678161721085-1.7175209011937992E-7i
36.84383792801058,44.08285394367504,4.25,1.4359356463175268E-6-3.4350418358145235E-11i,0.007179678161721085-1.7175209011937992E-7i
35.58255808950409,44.16570788735094,5.499999999999982,1.435935628876146E-6-3.4350417940912924E-11i,0.007179678161721085-1.7175209011937992E-7i
35.11178712044096,45.08285394367606,4.250000000000013,1.4359356457155505E-6-3.4350418343744706E-11i,0.007179678161721086-1.7175209011937995E-7i
33.97923233453592,42.52856510898071,6.75,1.4359356286875152E-6-3.435041793640048E-11i,0.007179678161721086-1.7175209011937992E-7i
33.204258155747574,44.58709307860461,5.499999999999984,1.4359356299809265E-6-3.435041796734144E-11i,0.007179678161721082-1.7175209011938E-7i
33.48962445167039,45.5435465393028,4.250000000000007,1.43593564659228E-6-3.43504183647178E-11i,0.007179678161721086-1.7175209011937992E-7i
27.216569814526235,45.543746835307374,4.249999999999965,1.4359356345912885E-6-3.4350418077630376E-11i,0.007179678161721083-1.7175209011937997E-7i
31.771426212845675,42.27665933987544,6.124999999999993,1.4359356333455355E-6-3.435041804782948E-11i,0.007179678161721086-1.7175209011937992E-7i
29.56362009115542,42.024753570770145,5.499999999999986,1.4359356323686986E-6-3.435041802446162E-11i,0.007179678161721083-1.7175209011937997E-7i
28.627855672643744,43.58325453568511,4.250000000000015,1.4359356470663232E-6-3.435041837605784E-11i,0.007179678161721085-1.7175209011937992E-7i
26.89580486507481,43.583254535685214,4.250000000000005,1.4359356505601882E-6-3.435041845963801E-11i,0.007179678161721086-1.7175209011937992E-7i
41.21834166646152,39.037325349971546,4.249999999999986,1.4359356490348494E-6-3.4350418423148926E-11i,0.007179678161721084-1.7175209011937992E-7i
40.93653050044498,36.82453648481815,5.499999999999999,1.4359356327873001E-6-3.4350418034475445E-11i,0.007179678161721084-1.7175209011937992E-7i
39.046691963897544,38.572444847598916,5.4999999999999964,1.4359356366167975E-6-3.435041812608458E-11i,0.007179678161721085-1.7175209011937992E-7i
38.49246889770129,42.872313343509575,4.250000000000014,1.435935645891399E-6-3.435041834795137E-11i,0.007179678161721084-1.7175209011937995E-7i
35.3468386030594,42.211095178755656,5.187499999999983,1.435935634321521E-6-3.435041807117707E-11i,0.007179678161721084-1.7175209011937995E-7i
34.336814943934236,40.44230908707453,6.411080012406711,1.4359356279827798E-6-3.435041791954181E-11i,0.007179678161721084-1.7175209011937992E-7i
38.916598644389644,41.15010771869147,5.4999999999999805,1.4359356336314013E-6-3.435041805466805E-11i,0.007179678161721084-1.7175209011937995E-7i
37.62208685958517,41.10295071369848,4.25,1.4359356480425935E-6-3.435041839941223E-11i,0.007179678161721084-1.7175209011937992E-7i
37.68231340011403,38.83507673241549,4.25,1.4359356496170014E-6-3.4350418437075126E-11i,0.007179678161721085-1.7175209011937992E-7i
35.75141195376088,40.040173678245196,5.4999999999999805,1.4359356290985672E-6-3.435041794623368E-11i,0.007179678161721086-1.7175209011937992E-7i
31.47417037454296,43.13832966993767,4.562499999999985,1.4359356513294498E-6-3.4350418478040296E-11i,0.007179678161721084-1.7175209011937995E-7i
33.44409883917194,41.76428255449011,4.874999999999985,1.4359356508443695E-6-3.4350418466436205E-11i,0.007179678161721084-1.7175209011937995E-7i
26.757026682791636,42.35376897152658,5.500000000000005,1.4359356360584099E-6-3.435041811272686E-11i,0.007179678161721084-1.7175209011937992E-7i
34.99392737721797,41.10554758937821,4.09375000000001,1.4359356536883057E-6-3.43504185344688E-11i,0.007179678161721085-1.7175209011937992E-7i
45.33445811023036,33.23814853930724,5.500000000000006,1.4359356354428355E-6-3.4350418098001055E-11i,0.0071796781617210845-1.7175209011937992E-7i
47.00001311455994,33.96029130224778,4.250000000000013,1.4359356473790385E-6-3.4350418383538646E-11i,0.007179678161721085-1.7175209011937992E-7i
44.913197633056335,35.0441226913617,5.500000000000002,1.4359356357248979E-6-3.4350418104748574E-11i,0.007179678161721084-1.7175209011937995E-7i
46.00001311455784,35.692342109815755,4.249999999999997,1.43593564605087E-6-3.4350418351766244E-11i,0.0071796781617210845-1.7175209011937992E-7i
44.180254509432906,37.05114265715203,4.874999999999987,1.4359356403046606E-6-3.4350418214305545E-11i,0.0071796781617210845-1.7175209011937992E-7i
44.46941029127928,32.36920643244726,7.5689084917168445,1.4359356315252056E-6-3.43504180042836E-11i,0.007179678161721082-1.7175209011938E-7i
42.157930157974974,34.882848107907826,7.579905890020038,1.435935625113884E-6-3.4350417850912086E-11i,0.007179678161721083-1.7175209011937997E-7i
43.459458110231104,32.58862948646811,5.500000000000005,1.4359356319805106E-6-3.43504180151754E-11i,0.007179678161721085-1.7175209011937992E-7i
42.82636903699241,35.07662812203738,5.500000000000001,1.435935633373487E-6-3.435041804849813E-11i,0.007179678161721082-1.7175209011937997E-7i
42.006793745551164,36.56595317048662,4.249999999999974,1.4359356479250086E-6-3.435041839659932E-11i,0.007179678161721086-1.7175209011937992E-7i
39.06088764174708,36.00173024251907,6.749999999999987,1.4359356265070182E-6-3.4350417884238663E-11i,0.007179678161721084-1.7175209011937992E-7i
56.859900329853296,6.109429046167861,13,1.4359356225178316E-6-3.4350417788809356E-11i,0.007179678161721086-1.7175209011937992E-7i
46.96630913682799,26.908270332351112,6.773009085291177,1.4359356277073918E-6-3.435041791295394E-11i,0.0071796781617210845-1.7175209011937992E-7i
44.780209547147926,28.648879532733716,7.078164012746276,1.4359356245515164E-6-3.435041783745915E-11i,0.007179678161721084-1.7175209011937992E-7i
45.26842658238627,29.89891150890408,5.605353648537187,1.4359356344464026E-6-3.435041807416439E-11i,0.007179678161721086-1.7175209011937995E-7i
46.813606469002934,30.544145366635554,4.528075666614529,1.435935641682075E-6-3.435041824725599E-11i,0.007179678161721084-1.7175209011937995E-7i
45.04256031957959,31.243930522181472,4.562500000000016,1.4359356539782688E-6-3.435041854140525E-11i,0.007179678161721082-1.7175209011938E-7i
43.497272494354924,30.622779903999117,5.343105115410387,1.4359356280256058E-6-3.435041792056628E-11i,0.0071796781617210845-1.7175209011937992E-7i
43.72972905511481,33.61482281892171,4.2500000000000036,1.4359356598916768E-6-3.4350418682865705E-11i,0.0071796781617210845-1.7175209011937992E-7i
46.52362470961297,28.384615908151748,4.954584832263576,1.4359356452352485E-6-3.435041833225496E-11i,0.007179678161721084-1.7175209011937992E-7i
44.66722905511543,28.743429922635364,4.250000000000018,1.4359356481638677E-6-3.435041840231327E-11i,0.0071796781617210845-1.7175209011937992E-7i
52.284750385916524,25.17184991728304,5.403081238819721,1.4359356281510801E-6-3.4350417923567915E-11i,0.007179678161721082-1.7175209011937997E-7i
54.18839618158648,25.296124878155354,4.249999999999974,1.435935646909047E-6-3.43504183722955E-11i,0.007179678161721084-1.7175209011937995E-7i
51.94177697031463,26.854536597542936,4.250000000000021,1.435935649922555E-6-3.43504184443846E-11i,0.007179678161721084-1.7175209011937995E-7i
49.726444357746374,26.78603152618821,4.24999999999999,1.4359356437542567E-6-3.435041829682669E-11i,0.007179678161721086-1.7175209011937995E-7i
47.93700016457525,26.479802813098942,4.876542025192175,1.4359356449599679E-6-3.435041832566969E-11i,0.007179678161721082-1.7175209011937997E-7i
47.67519703040143,24.69368849579642,6.972834667170568,1.4359356278305652E-6-3.435041791590055E-11i,0.007179678161721086-1.7175209011937992E-7i
49.2698591196349,24.274814813643367,5.508090239268149,1.4359356284618707E-6-3.435041793100262E-11i,0.007179678161721083-1.7175209011937997E-7i
51.143275708298475,23.22636189635582,5.268789966262588,1.4359356205333857E-6-3.435041774133758E-11i,0.007179678161721085-1.7175209011937997E-7i
50.48993254888757,19.523856589188167,7.40901178644821,1.4359356310226192E-6-3.4350417992260806E-11i,0.007179678161721085-1.7175209011937992E-7i
51.99695934939817,20.928595793432837,5.759957108756073,1.4359356240650565E-6-3.435041782582212E-11i,0.007179678161721084-1.7175209011937995E-7i
52.62267108263519,22.68203948843946,4.869934737346577,1.4359356270557967E-6-3.4350417897366537E-11i,0.007179678161721084-1.7175209011937992E-7i
52.51847260132921,23.647008191084197,4.150834765331049,1.4359356389408721E-6-3.435041818168102E-11i,0.007179678161721085-1.7175209011937992E-7i
50.280523063460905,25.00026344224024,4.228363729158752,1.4359356457803896E-6-3.435041834529581E-11i,0.007179678161721084-1.7175209011937992E-7i
50.195236417073765,22.74767599979662,4.181591676855009,1.43593562928532E-6-3.435041795070111E-11i,0.007179678161721084-1.7175209011937995E-7i
49.802977153660194,21.200644814543075,5.499999999999984,1.4359356220499378E-6-3.435041777761653E-11i,0.007179678161721082-1.7175209011937997E-7i
47.44088870192405,21.954972124400275,4.250000000000002,1.4359356386534776E-6-3.4350418174805997E-11i,0.007179678161721084-1.7175209011937992E-7i
46.84527469547076,23.08711379881942,5.530750982864367,1.435935632344311E-6-3.4350418023878234E-11i,0.0071796781617210845-1.7175209011937992E-7i
56.65387290683311,14.264973907903949,4.2499999999999805,1.4359356474713301E-6-3.43504183857464E-11i,0.007179678161721086-1.7175209011937992E-7i
55.30774581366636,14.673541355256857,5.49999999999997,1.4359356362844146E-6-3.43504181181333E-11i,0.007179678161721082-1.7175209011937997E-7i
49.99878090885448,16.194886997687558,8.00000000000004,1.4359356246632784E-6-3.4350417840132876E-11i,0.007179678161721083-1.7175209011937997E-7i
52.80637116442264,15.194464933887923,6.747484110222173,1.4359356262338304E-6-3.43504178777035E-11i,0.007179678161721084-1.7175209011937992E-7i
52.54867582792094,12.869163455632474,7.374999999999994,1.4359356245670646E-6-3.435041783783112E-11i,0.007179678161721086-1.7175209011937992E-7i
46.57819070461514,19.548412683903475,5.49999999999999,1.435935643464312E-6-3.43504182898907E-11i,0.007179678161721084-1.7175209011937992E-7i
52.30297715366024,18.602568603189756,5.499999999999983,1.435935635004406E-6-3.4350418087513E-11i,0.007179678161721082-1.7175209011938E-7i
49.3637511036891,17.617823975894815,5.571446226214959,1.4359356366708316E-6-3.435041812737721E-11i,0.007179678161721084-1.7175209011937995E-7i
54.115454049732605,18.44388955063755,4.194039753477376,1.4359356426485863E-6-3.435041827037684E-11i,0.007179678161721086-1.7175209011937992E-7i
53.52462970974944,20.22879148005466,4.24999999999999,1.435935642376675E-6-3.435041826387218E-11i,0.007179678161721083-1.7175209011937997E-7i
50.47839025936973,20.033456427814727,4.311467119884943,1.4359356387691214E-6-3.4350418177572405E-11i,0.007179678161721084-1.7175209011937995E-7i
58.43900463114961,8.03268044827267,5.554668307382558,1.4359356347751804E-6-3.4350418082029387E-11i,0.007179678161721086-1.7175209011937992E-7i
56.886360448064835,10.049006466914397,5.500000000000012,1.4359356309276156E-6-3.435041798998812E-11i,0.0071796781617210845-1.7175209011937992E-7i
55.65450098496292,8.874050187435486,7.792035627136195,1.4359356258752873E-6-3.435041786912635E-11i,0.007179678161721082-1.7175209011938003E-7i
48.59857235172155,18.43592382034901,4.387337774859635,1.4359356451280349E-6-3.4350418329690215E-11i,0.007179678161721084-1.7175209011937992E-7i
50.31238065465972,18.198428267711215,4.174614417304999,1.4359356460241131E-6-3.435041835112612E-11i,0.007179678161721086-1.7175209011937995E-7i
53.212913245395384,16.528187052549953,4.718749999999976,1.435935637001038E-6-3.435041813527638E-11i,0.007179678161721084-1.7175209011937995E-7i
51.356151849911306,17.075954996511282,5.1093750000000036,1.4359356334843917E-6-3.435041805115124E-11i,0.007179678161721085-1.7175209011937992E-7i
51.378098971234856,12.671243213481423,5.9687499999999885,1.4359356317231278E-6-3.435041800901834E-11i,0.007179678161721084-1.7175209011937992E-7i
53.60995609989781,13.053789613166593,5.050598555350833,1.4359356367780747E-6-3.4350418129942635E-11i,0.007179678161721084-1.7175209011937992E-7i
53.4656412274475,11.262020492771583,5.500000000000001,1.4359356325375576E-6-3.435041802850106E-11i,0.007179678161721085-1.7175209011937992E-7i
55.80774581366634,12.075465143903566,5.500000000000019,1.4359356268182899E-6-3.4350417891684924E-11i,0.007179678161721084-1.7175209011937992E-7i
55.15387290683321,13.398948504119494,4.250000000000002,1.4359356478793948E-6-3.4350418395508124E-11i,0.007179678161721085-1.7175209011937992E-7i
56.94318022403239,11.086681059948281,4.249999999999989,1.4359356491350968E-6-3.435041842554704E-11i,0.007179678161721086-1.7175209011937992E-7i
63.25692087741121,1.6802136999121813,4.728276674494554,1.4359356433417576E-6-3.43504182869589E-11i,0.007179678161721084-1.7175209011937992E-7i
62.80607969092727,0,4.5682735561032075,1.4359356464522229E-6-3.435041836136738E-11i,0.007179678161721084-1.7175209011937997E-7i
61.09825206802023,0,5.075005627010615,1.4359356468126788E-6-3.4350418369990196E-11i,0.007179678161721085-1.7175209011938E-7i
57.98248754123167,9.207426317669256,4.25,1.4359356465916985E-6-3.435041836470394E-11i,0.007179678161721084-1.7175209011937992E-7i
58.850666461707064,6.46180402638228,4.1799061216632944,1.4359356498627938E-6-3.4350418442955003E-11i,0.007179678161721084-1.7175209011937995E-7i
57.407135271394154,6.113694220309664,5.5614231056515155,1.435935630607614E-6-3.435041798233302E-11i,0.007179678161721085-1.7175209011937992E-7i
61.84790452111119,2.379941294488847,5.5526453036103485,1.4359356345265072E-6-3.43504180760807E-11i,0.007179678161721084-1.7175209011937995E-7i
59.56340353644501,2.0268622124369977,4.891110602040343,1.4359356451939112E-6-3.435041833126602E-11i,0.007179678161721084-1.7175209011937992E-7i
57.94956033517194,2.236211047484011,6.572580894728622,1.435935630828872E-6-3.4350417987625907E-11i,0.007179678161721086-1.7175209011937992E-7i
60.18890047530214,5.526818351585396,4.650626076405306,1.4359356454096632E-6-3.43504183364273E-11i,0.007179678161721084-1.7175209011937992E-7i
59.244664951783484,4.214840197069587,5.1125400843457545,1.4359356411063262E-6-3.4350418233482984E-11i,0.007179678161721084-1.7175209011937992E-7i
62.17644589331557,4.335369700231829,4.650626076405338,1.4359356441312363E-6-3.4350418305844796E-11i,0.007179678161721085-1.7175209011937992E-7i
52.54180346752534,9.831308011093723,7.425514254672053,1.4359356296641683E-6-3.4350417959763904E-11i,0.007179678161721084-1.7175209011937992E-7i
56.881930674281364,4.473171761990714,7.350587637404562,1.4359356265453674E-6-3.435041788515602E-11i,0.007179678161721083-1.7175209011937997E-7i
54.0780379257551,3.6181102045127487,7.941614894253407,1.4359356259023567E-6-3.43504178697739E-11i,0.007179678161721082-1.7175209011938E-7i
57.30581970525466,0,8.83669699887634,1.4359356307734692E-6-3.435041798630057E-11i,0.007179678161721086-1.7175209011937992E-7i
56.948512763306006,1.9945693474736854,5.49112156881097,1.4359356292057056E-6-3.4350417948796556E-11i,0.007179678161721086-1.7175209011937992E-7i
53.7740731201628,2.6062585140908707,6.194813703468189,1.435935639194673E-6-3.4350418187752336E-11i,0.007179678161721084-1.7175209011937995E-7i
51.31910469045822,2.6262117094664648,8.429095274628347,1.435935624549746E-6-3.435041783741681E-11i,0.0071796781617210845-1.7175209011937992E-7i
53.67319919497187,0,7.551987281983335,1.4359356319697808E-6-3.4350418014918666E-11i,0.007179678161721086-1.7175209011937995E-7i
59.023739141613895,0,5.705912816150759,1.4359356344937393E-6-3.4350418075296763E-11i,0.007179678161721085-1.7175209011937997E-7i
53.49414656491468,12.349439637887414,13,1.4359356223526852E-6-3.4350417784858806E-11i,0.007179678161721083-1.7175209011937997E-7i
48.21603722898829,13.757770964660114,8.000000000000012,1.4359356257484585E-6-3.435041786609247E-11i,0.007179678161721082-1.7175209011937997E-7i
50.05836040526071,10.885535041589536,7.4523393588229,1.4359356244367278E-6-3.43504178347132E-11i,0.007179678161721084-1.7175209011937995E-7i
51.796514422202904,8.659919103457005,9.850263702962005,1.4359356247902177E-6-3.4350417843169346E-11i,0.007179678161721086-1.7175209011937995E-7i
47.15638140923044,18.312215676980355,8.000000000000021,1.43593562649354E-6-3.4350417883916276E-11i,0.007179678161721083-1.7175209011937997E-7i
47.44390038819999,21.91596783343201,8.023036280395416,1.435935630579706E-6-3.4350417981665443E-11i,0.007179678161721084-1.7175209011937995E-7i
45.1078284841465,24.94434330758904,7.0392597433906765,1.4359356360055008E-6-3.4350418111461145E-11i,0.007179678161721085-1.7175209011937992E-7i
49.99756181770898,18.53336753482408,13,1.435935624463796E-6-3.43504178353608E-11i,0.007179678161721085-1.7175209011937992E-7i
46.90638140923051,16.147152167519266,8.000000000000007,1.4359356222880244E-6-3.435041778331206E-11i,0.007179678161721084-1.7175209011937992E-7i
47.52667290573835,15.690352793044081,5.784121159015365,1.4359356403911816E-6-3.435041821637534E-11i,0.007179678161721084-1.7175209011937992E-7i
46.5368780418199,24.66112324673827,13,1.4359356253672098E-6-3.4350417856972205E-11i,0.007179678161721083-1.7175209011937997E-7i
43.07551958213987,22.909044750547338,8.024687780486829,1.4359356284925856E-6-3.435041793173737E-11i,0.007179678161721084-1.7175209011937992E-7i
36.8618077561446,38.08034735649202,7.9999999999999964,1.4359356259360481E-6-3.435041787057992E-11i,0.007179678161721082-1.7175209011938E-7i
33.82230459504829,38.33129065174297,5.9739250132929085,1.4359356358456555E-6-3.435041810763731E-11i,0.007179678161721084-1.7175209011937992E-7i
40.4844344220284,36.752361547340634,13,1.435935622284122E-6-3.435041778321869E-11i,0.007179678161721086-1.7175209011937992E-7i
37.80020479188176,34.19244949512847,7.470579698871505,1.4359356297578974E-6-3.435041796200615E-11i,0.007179678161721084-1.7175209011937992E-7i
41.162204743832454,27.44999843197529,7.289898846610821,1.435935624265186E-6-3.435041783060964E-11i,0.007179678161721087-1.7175209011938005E-7i
39.49848576565049,32.16502067386209,8.219963874202197,1.4359356273264878E-6-3.4350417903842E-11i,0.007179678161721084-1.7175209011937995E-7i
42.33783244092674,30.761596510662542,13,1.4359356207193172E-6-3.435041774578541E-11i,0.007179678161721086-1.7175209011937992E-7i
33.632786412933264,37.51298046536235,8.40983208565367,1.4359356254532412E-6-3.4350417859030244E-11i,0.007179678161721084-1.7175209011937992E-7i
35.05564840952484,41.26602553407614,9.874999999999996,1.43593562824634E-6-3.4350417925846675E-11i,0.007179678161721084-1.7175209011937992E-7i
31.927279060522917,40.90323676328734,8.001538088040304,1.4359356315989119E-6-3.435041800604681E-11i,0.0071796781617210845-1.7175209011937992E-7i
36.13206448451376,40.00348595917159,13,1.4359356233321962E-6-3.435041780829067E-11i,0.007179678161721085-1.7175209011937997E-7i
8.9223597345186,53.69403712404896,7.374330191984511,1.43593562466048E-6-3.4350417840065855E-11i,0.007179678161721082-1.7175209011938003E-7i
6.159952931442433,56.82022553165764,13,1.4359356227124436E-6-3.4350417793465E-11i,0.0071796781617210845-1.7175209011937992E-7i
5.137026804965163,52.96397639093615,8.15594768263432,1.4359356246796691E-6-3.435041784052487E-11i,0.0071796781617210845-1.7175209011937992E-7i
2.7000330000301616,54.57036706891334,9.147878421544899,1.4359356251482422E-6-3.4350417851734084E-11i,0.007179678161721086-1.7175209011937992E-7i
13.517279373517935,51.71816723900721,7.999999999999973,1.4359356268345669E-6-3.435041789207426E-11i,0.007179678161721083-1.7175209011937997E-7i
14.32968187515458,50.899777245493254,5.504041746930058,1.435935636144189E-6-3.435041811477877E-11i,0.007179678161721085-1.7175209011937992E-7i
16.1696809835648,50.20061918677581,8.02441450385451,1.435935625669465E-6-3.435041786420271E-11i,0.007179678161721084-1.7175209011937995E-7i
12.766597332482732,53.600886200441664,13,1.4359356242027127E-6-3.435041782911517E-11i,0.0071796781617210845-1.7175209011937992E-7i
12.454498974853715,49.19991328149745,6.774086459306268,1.4359356274014841E-6-3.435041790563605E-11i,0.0071796781617210845-1.7175209011937992E-7i
21.016163103189395,46.65902797379463,7.862596604854874,1.4359356239861082E-6-3.4350417823933474E-11i,0.007179678161721083-1.7175209011937997E-7i
18.785859663193648,50.27178275558725,13,1.4359356240911686E-6-3.435041782644678E-11i,0.007179678161721085-1.7175209011937992E-7i
14.47534662693402,47.07120212940553,7.878283771965265,1.4359356258097737E-6-3.4350417867559187E-11i,0.007179678161721084-1.7175209011937992E-7i
17.538236749047993,47.36425424042136,8.590849856318306,1.4359356265319383E-6-3.435041788483479E-11i,0.007179678161721085-1.7175209011937992E-7i
19.165212853407837,46.189689337184156,6.460695821359844,1.4359356299277682E-6-3.435041796606978E-11i,0.007179678161721085-1.7175209011937992E-7i
17.860802886056188,44.6930267390002,8.000000000000002,1.4359356277726593E-6-3.435041791451531E-11i,0.007179678161721086-1.7175209011937995E-7i
29.91104360747681,38.98332778108358,8.000000000000002,1.4359356292367252E-6-3.4350417949538666E-11i,0.007179678161721083-1.7175209011937997E-7i
30.458071327343816,43.271116436357104,13,1.43593562624287E-6-3.435041787791973E-11i,0.007179678161721084-1.7175209011937992E-7i
22.920799897029895,44.19230494485525,8.374045892681119,1.4359356236951058E-6-3.435041781697221E-11i,0.0071796781617210845-1.7175209011937992E-7i
24.640850088021054,46.66603628548341,13,1.4359356245479733E-6-3.435041783737443E-11i,0.007179678161721086-1.7175209011937995E-7i
27.600094980994047,40.7848945097118,7.855263863783977,1.435935625972269E-6-3.435041787144641E-11i,0.007179678161721086-1.7175209011937992E-7i
0,53.40147348163215,13,1.4359356205040265E-6-3.4350417740635314E-11i,0.0071796781617210845-1.7175209011938E-7i
53.39451767837038,0,13,1.4359356221863203E-6-3.435041778087898E-11i,0.007179678161721084-1.7175209011937997E-7i
49.67807314220185,0,9.082196908265072,1.4359356228337368E-6-3.435041779636645E-11i,0.007179678161721085-1.7175209011938E-7i
3.0712290182143396,55.08638732589101,4.782070827478257,1.435935641471004E-6-3.435041824220679E-11i,0.0071796781617210845-1.7175209011937992E-7i
5.462847592035127,56.260198531262866,4.28582078417742,1.4359356460626065E-6-3.4350418352046975E-11i,0.007179678161721085-1.7175209011937992E-7i
5.669305229567641,53.8669215655936,4.335805538454152,1.435935649603533E-6-3.435041843675293E-11i,0.0071796781617210845-1.7175209011937992E-7i
8.717267253041236,52.724637828578786,4.578284079065142,1.4359356431689993E-6-3.43504182828262E-11i,0.007179678161721084-1.7175209011937992E-7i
7.5136416866527025,53.961956108032695,4.384041729449479,1.4359356421149987E-6-3.435041825761239E-11i,0.007179678161721085-1.7175209011937992E-7i
10.472585055350878,52.825110775055165,4.249999999999979,1.4359356411978998E-6-3.435041823567362E-11i,0.007179678161721085-1.7175209011937992E-7i
12.204635862919725,52.325110775055165,4.249999999999989,1.4359356424095953E-6-3.435041826465978E-11i,0.007179678161721085-1.7175209011937992E-7i
10.501812269339142,50.415207054815006,8.13572270819785,1.4359356264646926E-6-3.435041788322621E-11i,0.007179678161721085-1.7175209011937992E-7i
8.196351812882215,50.85193255710043,7.968801264857647,1.4359356252917497E-6-3.435041785516709E-11i,0.007179678161721086-1.7175209011937992E-7i
8.708806809087141,50.650101472359744,5.420560087314554,1.4359356270424788E-6-3.435041789704797E-11i,0.007179678161721084-1.7175209011937992E-7i
10.589185107020773,51.640856288272566,5.461539672660816,1.435935631067683E-6-3.4350417993338836E-11i,0.007179678161721083-1.7175209011937997E-7i
10.957935797086757,49.03624934474223,5.4999999999999964,1.435935630967203E-6-3.4350417990935127E-11i,0.007179678161721084-1.7175209011937992E-7i
9.894073581771199,47.994156375973446,8.029445615027482,1.4359356240005226E-6-3.435041782427841E-11i,0.0071796781617210845-1.7175209011937992E-7i
2.271108535381367,51.527221630042575,7.4703014311347244,1.4359356252580084E-6-3.4350417854359904E-11i,0.007179678161721084-1.7175209011937995E-7i
0,50.27058254424573,9.115034099819741,1.4359356247593076E-6-3.435041784243E-11i,0.0071796781617210845-1.7175209011937997E-7i
3.2380868071506153,49.97204143990263,9.692856369113803,1.4359356238184676E-6-3.4350417819923283E-11i,0.007179678161721086-1.7175209011937992E-7i
5.636232127197734,50.133330912151735,7.309942768577286,1.4359356240590182E-6-3.43504178256777E-11i,0.007179678161721084-1.7175209011937992E-7i
2.4612477549859686,48.21527857824582,7.7141861767328885,1.4359356245546854E-6-3.435041783753501E-11i,0.0071796781617210845-1.7175209011937992E-7i
5.625985453632783,47.56817697082378,7.510536888127061,1.4359356238707747E-6-3.435041782117455E-11i,0.007179678161721084-1.7175209011937995E-7i
3.4972561775830644,49.769182051704526,5.412438717506074,1.4359356350914803E-6-3.435041808959597E-11i,0.007179678161721086-1.7175209011937992E-7i
0,49.376018457748536,6.081685841398517,1.4359356353130901E-6-3.435041809489731E-11i,0.007179678161721086-1.7175209011937995E-7i
0,46.23378401978701,7.519135290027574,1.4359356277813524E-6-3.435041791472326E-11i,0.007179678161721086-1.7175209011937995E-7i
6.365063354812186,52.28095163323389,5.628708307681269,1.435935635236431E-6-3.435041809306351E-11i,0.007179678161721083-1.7175209011937997E-7i
6.521573526287346,49.48568624462342,5.447825869000459,1.4359356342770539E-6-3.435041807011326E-11i,0.007179678161721084-1.7175209011937992E-7i
7.059663844343991,50.876504015521746,4.205491036417051,1.435935647878733E-6-3.4350418395492323E-11i,0.007179678161721086-1.7175209011937995E-7i
3.937254421998755,52.21092618003072,5.106226998803788,1.4359356377094145E-6-3.435041815222214E-11i,0.007179678161721083-1.7175209011937997E-7i
1.968627210999397,51.5994478492409,4.74689157667056,1.4359356462387286E-6-3.435041835626016E-11i,0.0071796781617210845-1.7175209011937992E-7i
2.8346526147838067,52.60546309001535,4.053113499401886,1.4359356466988573E-6-3.4350418367267363E-11i,0.007179678161721085-1.7175209011937992E-7i
1.5356145091071698,53.906386701677825,4.48035929474851,1.4359356462069581E-6-3.4350418355500125E-11i,0.007179678161721085-1.7175209011937992E-7i
0,52.726386077464625,4.17864776201877,1.435935648212603E-6-3.435041840347913E-11i,0.007179678161721084-1.7175209011937997E-7i
5.133018612222464,50.242640526915565,4.70345458637372,1.4359356429315402E-6-3.435041827714572E-11i,0.007179678161721084-1.7175209011937995E-7i
0,50.98796951845106,4.387556154537322,1.4359356455184203E-6-3.435041833902893E-11i,0.0071796781617210845-1.7175209011937997E-7i
14.905600812773566,51.78397284444829,4.250000000000002,1.4359356453526271E-6-3.4350418335062863E-11i,0.007179678161721085-1.7175209011937992E-7i
12.669469716874518,50.4641178834832,4.562499999999984,1.4359356457443994E-6-3.435041834443484E-11i,0.007179678161721084-1.7175209011937995E-7i
13.134303570829312,48.60312499191122,4.874999999999979,1.4359356365300802E-6-3.4350418124010095E-11i,0.007179678161721084-1.7175209011937992E-7i
14.90560081277356,49.783972844448385,4.2499999999999964,1.4359356469686336E-6-3.435041837372094E-11i,0.007179678161721085-1.7175209011937992E-7i
9.481285907327699,50.369570421347724,4.271451384613529,1.4359356386444997E-6-3.4350418174591175E-11i,0.007179678161721086-1.7175209011937992E-7i
11.363006328885087,46.42227713937407,5.50000000000002,1.4359356300187221E-6-3.4350417968245504E-11i,0.007179678161721082-1.7175209011938E-7i
11.541145725034433,48.0181246723711,4.250000000000008,1.435935643581332E-6-3.435041829268999E-11i,0.007179678161721085-1.7175209011937992E-7i
15.568281640703722,48.26392867672315,5.812499999999995,1.435935628114484E-6-3.435041792269244E-11i,0.007179678161721083-1.7175209011937997E-7i
16.444394858196226,49.131964338361556,4.406249999999978,1.4359356466131725E-6-3.4350418365217616E-11i,0.007179678161721086-1.7175209011937995E-7i
18.635226126614494,48.742227380133805,5.499999999999978,1.4359356340283114E-6-3.4350418064162854E-11i,0.007179678161721083-1.7175209011937997E-7i
25.51002379861126,45.317815065587446,4.249999999999972,1.435935641247912E-6-3.435041823687001E-11i,0.007179678161721084-1.7175209011937992E-7i
23.803477782696287,45.09188329586752,4.249999999999977,1.4359356487267088E-6-3.4350418415777584E-11i,0.007179678161721085-1.7175209011937992E-7i
20.21046746190865,47.207742032441956,4.874999999999999,1.4359356378401469E-6-3.435041815534949E-11i,0.007179678161721084-1.7175209011937992E-7i
17.11716349983448,46.979955832274754,4.562499999999981,1.4359356467230727E-6-3.4350418367846616E-11i,0.007179678161721084-1.7175209011937995E-7i
14.023859537760323,46.7521696321076,4.249999999999973,1.435935646303773E-6-3.435041835781614E-11i,0.007179678161721084-1.7175209011937992E-7i
24.534806026839046,43.95102411209921,5.499999999999987,1.435935636005842E-6-3.4350418111469294E-11i,0.007179678161721082-1.7175209011937997E-7i
25.12327506605722,42.99205298378176,7.999999999999973,1.4359356255572006E-6-3.435041786151716E-11i,0.007179678161721083-1.7175209011937997E-7i
20.094102875315144,42.985390579989456,7.274795255299668,1.4359356246528832E-6-3.43504178398841E-11i,0.0071796781617210845-1.7175209011937992E-7i
14.191312614969636,45.50433926421519,5.499999999999996,1.4359356346409606E-6-3.435041807881872E-11i,0.007179678161721084-1.7175209011937995E-7i
16.913818923980212,45.959911664549516,6.124999999999988,1.4359356348471958E-6-3.435041808375216E-11i,0.007179678161721084-1.7175209011937992E-7i
16.251138096050028,44.47995583227475,4.5624999999999964,1.435935645063893E-6-3.43504183281558E-11i,0.007179678161721084-1.7175209011937995E-7i
19.233128943053185,45.44347428854007,4.572990494417486,1.435935642287038E-6-3.435041826172794E-11i,0.007179678161721083-1.7175209011937997E-7i
21.34047527393476,44.765139980617555,5.499999999999986,1.4359356291458437E-6-3.4350417947364564E-11i,0.007179678161721083-1.7175209011937997E-7i
21.92856788616508,45.8825699903088,4.2500000000000036,1.4359356455657415E-6-3.4350418340161004E-11i,0.007179678161721084-1.7175209011937992E-7i
19.322706288441342,43.34651336950007,5.499999999999979,1.4359356304037558E-6-3.4350417977456335E-11i,0.007179678161721082-1.7175209011937997E-7i
16.84851965110336,42.184670637007606,7.065323793175477,1.4359356253258928E-6-3.435041785598383E-11i,0.007179678161721084-1.7175209011937992E-7i
21.062542482380636,43.38256999030874,4.249999999999971,1.4359356385863922E-6-3.435041817320116E-11i,0.007179678161721086-1.7175209011937992E-7i
23.81058901035803,39.303443669070546,6.124999999999983,1.435935629672289E-6-3.4350417959958176E-11i,0.007179678161721085-1.7175209011937992E-7i
22.598944587081576,40.97107830565571,7.999999999999952,1.4359356246117777E-6-3.4350417838900803E-11i,0.0071796781617210845-1.7175209011937992E-7i
25.929400881762007,39.121348185313195,6.749999999999971,1.4359356254565896E-6-3.435041785911036E-11i,0.007179678161721085-1.7175209011937992E-7i
18.256064331818404,42.8632000621582,4.037827860084088,1.4359356510512166E-6-3.4350418471384406E-11i,0.007179678161721085-1.7175209011937992E-7i
22.5578025427385,41.985539152827776,5.4999999999999645,1.435935631804464E-6-3.435041801096408E-11i,0.007179678161721083-1.7175209011937997E-7i
20.082397660688972,42.11038132210829,4.136363636363616,1.4359356444796623E-6-3.435041831417985E-11i,0.007179678161721086-1.7175209011937992E-7i
23.52573326261724,43.475512056049524,4.249999999999981,1.4359356479546783E-6-3.4350418397309096E-11i,0.007179678161721085-1.7175209011937992E-7i
25.703205748966887,40.5410288716825,5.500000000000005,1.4359356311464385E-6-3.4350417995222766E-11i,0.007179678161721084-1.7175209011937992E-7i
25.502868994377934,42.1768844857632,4.250000000000011,1.4359356526403165E-6-3.435041850939882E-11i,0.0071796781617210845-1.7175209011937992E-7i
40.695390175374165,34.370393238087864,5.500000000000007,1.4359356290538364E-6-3.4350417945163585E-11i,0.0071796781617210845-1.7175209011937992E-7i
38.14854759432551,37.08223534281492,4.5625000000000036,1.4359356457876292E-6-3.435041834546899E-11i,0.007179678161721084-1.7175209011937992E-7i
40.495916225670456,35.743066076073,4.249999999999976,1.435935648377636E-6-3.435041840742709E-11i,0.0071796781617210845-1.7175209011937992E-7i
38.614781788536995,35.32939395321436,4.875000000000006,1.435935642744941E-6-3.435041827268186E-11i,0.007179678161721086-1.7175209011937992E-7i
36.39348602291918,37.794464504785374,4.249999999999989,1.4359356454760712E-6-3.4350418338015905E-11i,0.007179678161721085-1.7175209011937992E-7i
32.296241839692264,40.06777910909022,5.50000000000002,1.435935636088695E-6-3.4350418113451245E-11i,0.007179678161721082-1.7175209011937997E-7i
34.168285200460225,39.10629586424186,4.562500000000024,1.435935648739248E-6-3.4350418416077547E-11i,0.007179678161721084-1.7175209011937992E-7i
28.811928264289307,39.491663890541915,5.500000000000002,1.4359356362492202E-6-3.435041811729136E-11i,0.007179678161721082-1.7175209011938E-7i
30.370267313697383,41.0123767853853,4.24999999999997,1.435935644569057E-6-3.43504183163183E-11i,0.0071796781617210845-1.7175209011937992E-7i
28.262370592695643,40.74583194527074,4.250000000000015,1.435935645247666E-6-3.435041833255198E-11i,0.007179678161721086-1.7175209011937992E-7i
26.708009335034347,40.27051443584138,4.250000000000004,1.4359356460961524E-6-3.435041835284948E-11i,0.007179678161721086-1.7175209011937992E-7i
24.89567556194556,39.151721834535415,4.5625,1.435935645777953E-6-3.4350418345237515E-11i,0.0071796781617210845-1.7175209011937992E-7i
24.84419637311699,37.01847025450957,5.430147058823502,1.4359356332833625E-6-3.435041804634217E-11i,0.007179678161721082-1.7175209011937997E-7i
31.81566655159926,36.67252150335637,5.33534461393099,1.4359356340590422E-6-3.435041806489801E-11i,0.007179678161721082-1.7175209011937997E-7i
33.67364335441934,35.8373175087537,5.5000000000000195,1.4359356267957E-6-3.4350417891144503E-11i,0.007179678161721085-1.7175209011937992E-7i
32.28732893746125,37.81321654518765,4.250000000000005,1.4359356456080383E-6-3.435041834117273E-11i,0.0071796781617210845-1.7175209011937992E-7i
34.13740550032917,36.93896697808494,4.2500000000000115,1.435935645461814E-6-3.435041833767486E-11i,0.0071796781617210845-1.7175209011937992E-7i
36.084717809483614,36.00299249976232,5.380320465231127,1.4359356356344125E-6-3.435041810258396E-11i,0.007179678161721082-1.7175209011937997E-7i
34.519144902709186,33.400604886739266,7.486111111111101,1.435935627893469E-6-3.435041791740531E-11i,0.007179678161721084-1.7175209011937995E-7i
35.17265078793188,33.596096444887465,5.5000000000000036,1.4359356363647296E-6-3.4350418120054595E-11i,0.007179678161721085-1.7175209011937992E-7i
34.87495500864521,35.36970546846953,4.249999999999986,1.4359356482902867E-6-3.4350418405337543E-11i,0.0071796781617210845-1.7175209011937992E-7i
36.937487573639324,34.486438212372406,5.10605281402022,1.4359356414470635E-6-3.4350418241634073E-11i,0.007179678161721085-1.7175209011937992E-7i
30.417328122024067,38.707774335997435,4.249999999999964,1.43593564128074E-6-3.43504182376553E-11i,0.0071796781617210845-1.7175209011937992E-7i
29.655697956145254,37.38057826157396,5.542598781270273,1.4359356367952235E-6-3.435041813035289E-11i,0.007179678161721086-1.7175209011937995E-7i
30.41920185649051,36.71931733496865,4.249999999999966,1.435935647037029E-6-3.4350418375357086E-11i,0.007179678161721085-1.7175209011937992E-7i
30.326186146046915,35.322016297807636,5.4999999999999805,1.4359356288577438E-6-3.435041794047268E-11i,0.007179678161721084-1.7175209011937995E-7i
27.92569090023991,36.415548671993946,5.500000000000011,1.4359356343017144E-6-3.435041807070327E-11i,0.0071796781617210845-1.7175209011937992E-7i
26.821106901432053,38.56067409265679,4.875000000000004,1.4359356395487102E-6-3.435041819622172E-11i,0.007179678161721084-1.7175209011937992E-7i
28.68527731445544,37.70777433599739,4.250000000000005,1.4359356491063256E-6-3.4350418424858786E-11i,0.0071796781617210845-1.7175209011937992E-7i
26.868051051016757,36.71327293775372,4.0625000000000036,1.4359356492925327E-6-3.4350418429313225E-11i,0.007179678161721086-1.7175209011937995E-7i
27.819251910670943,35.207774335996724,4.249999999999981,1.4359356486052519E-6-3.435041841287211E-11i,0.007179678161721084-1.7175209011937995E-7i
44.446419906890604,20.495289340282625,7.62809609059061,1.4359356294687064E-6-3.4350417955088156E-11i,0.007179678161721083-1.7175209011937997E-7i
33.03682058260476,33.85875301147122,5.225360993436847,1.4359356268775002E-6-3.4350417893101315E-11i,0.007179678161721084-1.7175209011937992E-7i
36.1460044542572,33.30086444532468,4.249999999999991,1.4359356494139237E-6-3.4350418432217094E-11i,0.007179678161721085-1.7175209011937992E-7i
40.97124795551256,30.341637811258668,4.2443332560624825,1.4359356533506311E-6-3.435041852639097E-11i,0.007179678161721084-1.7175209011937995E-7i
41.57765362777524,32.23524578075141,5.647407100963282,1.435935625887084E-6-3.435041786940857E-11i,0.007179678161721084-1.7175209011937992E-7i
38.95456246082529,30.05441632477312,5.698255954888748,1.435935633071321E-6-3.4350418041269804E-11i,0.007179678161721086-1.7175209011937992E-7i
41.84769508768781,33.63967929094742,4.2499999999999964,1.4359356522059644E-6-3.4350418499008225E-11i,0.007179678161721085-1.7175209011937992E-7i
42.72972905511674,31.882772011353797,4.249999999999996,1.435935652495728E-6-3.4350418505939967E-11i,0.007179678161721085-1.7175209011937992E-7i
39.28220565687791,32.420536445189875,4.250000000000008,1.4359356498145574E-6-3.435041844180103E-11i,0.007179678161721084-1.7175209011937995E-7i
38.56441131375591,33.664158354138344,5.500000000000013,1.4359356369461366E-6-3.435041813396301E-11i,0.0071796781617210845-1.7175209011937992E-7i
36.223958322306295,29.704118316280557,7.999999999999998,1.4359356294293841E-6-3.4350417954147445E-11i,0.007179678161721083-1.7175209011937997E-7i
36.67050993603513,31.51645627869106,5.364634908867801,1.4359356343810371E-6-3.435041807260079E-11i,0.007179678161721082-1.7175209011938003E-7i
34.63839450324881,32.39092014558514,4.249999999999989,1.4359356463295585E-6-3.4350418358433E-11i,0.007179678161721086-1.7175209011937992E-7i
36.160850116185586,28.95646690132678,5.499999999999998,1.4359356351288319E-6-3.435041809048953E-11i,0.007179678161721084-1.7175209011937992E-7i
38.29222905511496,29.82596167736567,4.2500000000000195,1.4359356469282577E-6-3.4350418372755106E-11i,0.0071796781617210845-1.7175209011937992E-7i
40.15182639532816,28.376375792083994,4.265157567891917,1.4359356466366927E-6-3.4350418365780306E-11i,0.0071796781617210845-1.7175209011937992E-7i
38.50325157367004,27.781597759762384,5.499999999999999,1.4359356301823219E-6-3.4350417972159206E-11i,0.0071796781617210845-1.7175209011937992E-7i
50.14029968684015,6.093897048718858,13,1.435935620854858E-6-3.4350417749027804E-11i,0.0071796781617210845-1.7175209011937992E-7i
36.45640661905096,27.086450392807656,5.3255443595992995,1.4359356387064077E-6-3.4350418176072203E-11i,0.0071796781617210845-1.7175209011937992E-7i
37.08042505809219,28.334639911214285,4.250000000000002,1.4359356506164488E-6-3.435041846098393E-11i,0.007179678161721086-1.7175209011937992E-7i
45.79144211965624,27.070344545505762,4.093750000000011,1.4359356462358648E-6-3.435041835619164E-11i,0.0071796781617210845-1.7175209011937992E-7i
46.816499228575765,24.534908742630297,4.250000000000018,1.435935653478516E-6-3.43504185294502E-11i,0.0071796781617210845-1.7175209011937992E-7i
45.6329984571514,24.821106179296244,5.500000000000001,1.435935635927475E-6-3.4350418109594625E-11i,0.0071796781617210845-1.7175209011937992E-7i
44.297065169423846,26.555474975983675,5.363950797405287,1.4359356306421718E-6-3.4350417983159674E-11i,0.007179678161721084-1.7175209011937995E-7i
42.916641832727,28.601939680991244,4.580641025641036,1.4359356474722788E-6-3.4350418385769106E-11i,0.007179678161721084-1.7175209011937995E-7i
45.940888701923825,22.820997528184666,4.250000000000005,1.4359356436983381E-6-3.435041829548902E-11i,0.007179678161721085-1.7175209011937992E-7i
41.67104827592156,26.524283025307234,4.429803686123222,1.4359356441722029E-6-3.435041830682485E-11i,0.0071796781617210845-1.7175209011937992E-7i
44.1921097552273,25.382794553291294,4.249999999999993,1.4359356445473622E-6-3.435041831579929E-11i,0.007179678161721084-1.7175209011937992E-7i
42.193735542062996,24.118148866944797,5.499999999999998,1.4359356340564128E-6-3.4350418064835074E-11i,0.007179678161721082-1.7175209011937997E-7i
40.41739231906627,23.34757813453306,5.986793154761912,1.4359356294841162E-6-3.435041795545675E-11i,0.007179678161721085-1.7175209011937992E-7i
44.643531131522245,23.53833788566931,5.43148059253626,1.4359356401921867E-6-3.435041821161493E-11i,0.007179678161721084-1.7175209011937992E-7i
44.8676455701455,21.910906552217806,4.845304604543834,1.4359356381569647E-6-3.4350418162928426E-11i,0.007179678161721084-1.7175209011937992E-7i
42.56907436322114,21.324126484221345,5.19534868788452,1.4359356414821272E-6-3.435041824247292E-11i,0.007179678161721084-1.7175209011937992E-7i
39.59849355786712,25.51686061146117,5.500000000000003,1.4359356312068627E-6-3.435041799666825E-11i,0.007179678161721084-1.7175209011937992E-7i
39.857438169965235,26.560334568565544,4.2291214566113275,1.4359356444881654E-6-3.4350418314383264E-11i,0.007179678161721085-1.7175209011937992E-7i
41.59686777103189,25.049455490239165,4.250000000000018,1.4359356454292936E-6-3.435041833689683E-11i,0.007179678161721086-1.7175209011937995E-7i
41.01069239240732,23.624371777345665,4.2500000000000115,1.4359356468557652E-6-3.435041837102092E-11i,0.007179678161721086-1.7175209011937995E-7i
38.29924677893345,25.748811362496976,4.250000000000017,1.4359356433271882E-6-3.4350418286610345E-11i,0.007179678161721084-1.7175209011937992E-7i
41.010692392407186,21.89232096977684,4.250000000000026,1.435935649311727E-6-3.4350418429772355E-11i,0.007179678161721084-1.7175209011937995E-7i
45.0003957017167,19.96703082242824,4.484134567924536,1.4359356450093583E-6-3.4350418326851235E-11i,0.0071796781617210845-1.7175209011937992E-7i
43.03199095480333,19.524545268819278,5.5,1.4359356324773911E-6-3.435041802706182E-11i,0.007179678161721086-1.7175209011937992E-7i
44.906990954803234,16.709962706519914,5.499999999999968,1.4359356353285913E-6-3.435041809526818E-11i,0.007179678161721084-1.7175209011937992E-7i
46.57834309100841,17.524051809192535,4.874999999999994,1.435935645857773E-6-3.435041834714704E-11i,0.007179678161721084-1.7175209011937995E-7i
49.99969522721365,16.17307740240406,4.250000000000015,1.4359356461140727E-6-3.435041835327816E-11i,0.007179678161721085-1.7175209011937992E-7i
44.49259082970926,18.56220039710392,5.499999999999996,1.4359356309265017E-6-3.435041798996153E-11i,0.007179678161721084-1.7175209011937995E-7i
50.477948670146546,7.6047439436370015,7.808476803330057,1.4359356257772493E-6-3.435041786678114E-11i,0.007179678161721086-1.7175209011937992E-7i
47.840343165957954,8.981672195470383,7.882134488827677,1.4359356262378114E-6-3.4350417877798746E-11i,0.007179678161721082-1.7175209011937997E-7i
52.11111474667906,6.962548950463961,5.544998461599534,1.435935631300733E-6-3.435041799891375E-11i,0.007179678161721085-1.7175209011937992E-7i
48.037644664767015,6.264649373820715,7.96232275147643,1.4359356252649187E-6-3.435041785452521E-11i,0.0071796781617210845-1.7175209011937992E-7i
50.54245747802143,5.044626420891809,6.601570200726597,1.4359356243309817E-6-3.435041783218357E-11i,0.007179678161721084-1.7175209011937995E-7i
52.21291324539533,14.796136244981078,4.718749999999985,1.4359356446838101E-6-3.435041831906345E-11i,0.007179678161721084-1.7175209011937992E-7i
49.99939045442724,15.025646729119305,5.500000000000041,1.4359356282531637E-6-3.4350417926009875E-11i,0.007179678161721084-1.7175209011937992E-7i
52.23282061372379,11.693188072876868,4.249999999999996,1.435935647834156E-6-3.435041839442596E-11i,0.007179678161721086-1.7175209011937992E-7i
51.12353664122867,10.448575841639599,5.499999999999983,1.4359356374594026E-6-3.435041814624133E-11i,0.007179678161721084-1.7175209011937995E-7i
49.74093001425461,12.918053964711088,4.8750000000000195,1.4359356449054227E-6-3.4350418324364924E-11i,0.007179678161721082-1.7175209011937997E-7i
49.182814379468354,9.752639807818845,5.187499999999997,1.4359356383276884E-6-3.4350418167012456E-11i,0.0071796781617210845-1.7175209011937992E-7i
48.109903320655185,15.964078817722326,4.240201084629956,1.4359356479087077E-6-3.4350418396209386E-11i,0.0071796781617210845-1.7175209011937992E-7i
48.87627641963897,14.560464259422771,4.392046714958997,1.4359356419716987E-6-3.4350418254184445E-11i,0.007179678161721085-1.7175209011937992E-7i
44.48582534825439,14.868399510537749,4.562500000000017,1.4359356449236094E-6-3.4350418324799995E-11i,0.007179678161721085-1.7175209011937992E-7i
43.95349547740162,16.1492099873199,4.250000000000008,1.4359356505119148E-6-3.435041845848326E-11i,0.007179678161721085-1.7175209011937992E-7i
43.971650696508895,14.148341752955549,6.124999999999997,1.4359356314052537E-6-3.4350418001414174E-11i,0.007179678161721084-1.7175209011937992E-7i
45.97659535230756,15.728130992969767,4.250000000000026,1.4359356478414261E-6-3.435041839459989E-11i,0.007179678161721085-1.7175209011937992E-7i
45.719508026434845,14.502076710394222,5.031250000000007,1.4359356368414501E-6-3.4350418131458753E-11i,0.007179678161721086-1.7175209011937995E-7i
46.716646774561035,13.454556099876283,5.500000000000002,1.4359356373483574E-6-3.4350418143584995E-11i,0.007179678161721082-1.7175209011937997E-7i
45.91388120370749,11.690805514641982,7.636935047596605,1.4359356253769443E-6-3.435041785720506E-11i,0.0071796781617210845-1.7175209011937992E-7i
44.690103287245734,11.577746782419371,5.812499999999999,1.4359356325129995E-6-3.435041802791364E-11i,0.007179678161721084-1.7175209011937992E-7i
46.8583233872805,14.52150668399809,4.250000000000011,1.4359356508465876E-6-3.435041846648928E-11i,0.007179678161721086-1.7175209011937995E-7i
48.10832338728054,11.490417770752584,4.250000000000019,1.435935649733037E-6-3.4350418439851E-11i,0.007179678161721084-1.7175209011937992E-7i
47.216646774561035,10.856479888522966,5.499999999999996,1.4359356376258003E-6-3.435041815022193E-11i,0.0071796781617210845-1.7175209011937992E-7i
45.408555877982565,9.007151811883194,5.5,1.4359356351373429E-6-3.4350418090693134E-11i,0.007179678161721085-1.7175209011937992E-7i
54.732820613723746,10.82716266909243,4.250000000000024,1.4359356445071913E-6-3.43504183148384E-11i,0.007179678161721084-1.7175209011937995E-7i
53.23282061372376,9.961137265307975,4.250000000000007,1.435935643322148E-6-3.4350418286489855E-11i,0.007179678161721086-1.7175209011937992E-7i
54.2408415522676,8.813353858407282,5.427619411657325,1.4359356349268651E-6-3.435041808565805E-11i,0.007179678161721082-1.7175209011938E-7i
56.66338209719152,7.371785597741256,4.783135105585804,1.4359356423390645E-6-3.435041826297252E-11i,0.007179678161721084-1.7175209011937995E-7i
55.64712793092302,8.731401575867272,4.250000000000008,1.4359356491460271E-6-3.4350418425808506E-11i,0.007179678161721085-1.7175209011937992E-7i
54.66169833165359,5.895157516524559,5.138896982608777,1.4359356391670782E-6-3.4350418187092336E-11i,0.007179678161721083-1.7175209011937997E-7i
52.740034059678656,6.509258277439868,4.193998410247911,1.4359356453931829E-6-3.435041833603304E-11i,0.007179678161721086-1.7175209011937992E-7i
57.43769076436496,3.9682618550528748,5.219624486653233,1.435935641147524E-6-3.4350418234468486E-11i,0.007179678161721084-1.7175209011937995E-7i
57.988297469263145,1.8580908675476686,4.226612938224581,1.4359356469832738E-6-3.435041837407108E-11i,0.007179678161721085-1.7175209011937992E-7i
55.74003405967866,5.643232873655426,4.193998410247905,1.4359356459371946E-6-3.4350418349046875E-11i,0.007179678161721086-1.7175209011937992E-7i
50.534789002782865,8.455188703913866,5.782971215602381,1.4359356291998655E-6-3.435041794865692E-11i,0.007179678161721084-1.7175209011937992E-7i
51.790720624706424,8.507371652974063,4.1438742051239625,1.4359356500908517E-6-3.435041844841059E-11i,0.0071796781617210845-1.7175209011937992E-7i
50.2907206247064,9.373397056758517,4.143874205123943,1.4359356528605955E-6-3.435041851466834E-11i,0.007179678161721086-1.7175209011937995E-7i
45.045240176915726,7.091768762606933,7.618434156166196,1.4359356261269232E-6-3.4350417875146016E-11i,0.007179678161721084-1.7175209011937995E-7i
46.31664139686629,6.783404952174112,5.58328425445453,1.4359356329462787E-6-3.4350418038278525E-11i,0.0071796781617210845-1.7175209011937992E-7i
43.317769951557075,6.9387252100648515,5.499999999999986,1.435935633454301E-6-3.435041805043143E-11i,0.0071796781617210845-1.7175209011937992E-7i
47.17946432697394,3.2555250697485727,8.309748135012597,1.4359356233556175E-6-3.4350417808850896E-11i,0.007179678161721084-1.7175209011937995E-7i
45.92199741145298,4.383124677907836,5.887292879540434,1.4359356299759118E-6-3.435041796722145E-11i,0.007179678161721084-1.7175209011937992E-7i
49.39964993916321,2.6359035487994795,6.593668008889131,1.4359356259738713E-6-3.435041787148468E-11i,0.007179678161721085-1.7175209011937992E-7i
50.57992380483384,0,6.097503872529062,1.4359356327065677E-6-3.435041803254409E-11i,0.007179678161721085-1.7175209011937997E-7i
46.2887788105278,0,8.619496270025195,1.435935624495862E-6-3.435041783612783E-11i,0.007179678161721084-1.7175209011937997E-7i
47.42355953507657,0,6.673956952111862,1.435935627771558E-6-3.435041791448894E-11i,0.007179678161721086-1.7175209011937995E-7i
52.6278164301571,4.349875747165151,4.833395133854452,1.4359356322434216E-6-3.4350418021464715E-11i,0.007179678161721082-1.7175209011937997E-7i
55.018793496584735,3.5157426457394845,4.564605417976256,1.4359356414887747E-6-3.435041824263191E-11i,0.007179678161721084-1.7175209011937992E-7i
55.816232406222035,1.86614206594426,4.37034147032844,1.4359356429590975E-6-3.435041827780489E-11i,0.007179678161721085-1.7175209011937992E-7i
56.5154991126876,0,5.686827266245125,1.4359356322422448E-6-3.4350418021436546E-11i,0.007179678161721085-1.7175209011937997E-7i
53.61731873599131,1.5225783311510592,4.4181635576036244,1.4359356470049148E-6-3.435041837458885E-11i,0.007179678161721085-1.7175209011937992E-7i
54.494603412303924,0,4.642328704959311,1.435935644145693E-6-3.4350418306190576E-11i,0.0071796781617210845-1.7175209011938E-7i
51.52999596209557,2.1791312585176974,5.742750346512456,1.4359356311669894E-6-3.435041799571436E-11i,0.007179678161721084-1.7175209011937995E-7i
50.831259206031724,3.4119574787904847,4.012187984066147,1.435935650013703E-6-3.4350418446564975E-11i,0.007179678161721086-1.7175209011937992E-7i
52.740034059678656,3.045156662302146,4.193998410247936,1.4359356486373354E-6-3.435041841363959E-11i,0.007179678161721086-1.7175209011937992E-7i
52.401516851411344,0,4.6967029563954785,1.4359356484113296E-6-3.4350418408233076E-11i,0.007179678161721085-1.7175209011937997E-7i
50.199301530067856,1.6799066712215986,4.622691328545754,1.4359356453083747E-6-3.4350418334004266E-11i,0.0071796781617210845-1.7175209011937992E-7i
50.73608464807222,0,4.221006688959246,1.4359356504118806E-6-3.435041845609022E-11i,0.007179678161721084-1.7175209011937997E-7i
46.86658709824426,12.249005017852085,13,1.4359356232848058E-6-3.4350417807157024E-11i,0.007179678161721084-1.7175209011937992E-7i
43.96910165846787,15.743955497044903,8.100795669839771,1.4359356264003708E-6-3.4350417881687535E-11i,0.007179678161721084-1.7175209011937995E-7i
43.383867167719856,9.871312551828856,8.09188825152598,1.4359356237281333E-6-3.4350417817762274E-11i,0.0071796781617210845-1.7175209011937992E-7i
43.19380790651065,12.567533023225655,7.899462088810879,1.4359356224862201E-6-3.435041778805325E-11i,0.007179678161721086-1.7175209011937992E-7i
40.07903599191367,20.848476207264284,8.000000000000002,1.4359356247995779E-6-3.4350417843393325E-11i,0.007179678161721082-1.7175209011937997E-7i
43.6279638192132,18.342428214150956,13,1.4359356225641516E-6-3.435041778991753E-11i,0.007179678161721084-1.7175209011937992E-7i
36.70047020174222,26.0313194251608,7.706253934728027,1.435935628550462E-6-3.435041793312186E-11i,0.007179678161721083-1.7175209011937997E-7i
40.14827523526736,23.88028789503973,13,1.4359356238439769E-6-3.4350417820533445E-11i,0.007179678161721086-1.7175209011937995E-7i
38.416238944174616,23.642853660263924,7.862064054274095,1.4359356256533985E-6-3.4350417863818404E-11i,0.007179678161721085-1.7175209011937992E-7i
35.930502406944385,33.606191893462864,13,1.4359356201811729E-6-3.435041773291197E-11i,0.0071796781617210845-1.7175209011937992E-7i
32.66195730518207,31.075160179049476,8.14775429968477,1.4359356264421696E-6-3.435041788268739E-11i,0.007179678161721085-1.7175209011937992E-7i
33.29761870381742,28.95221266346338,8.937500000000012,1.4359356264530315E-6-3.4350417882947234E-11i,0.007179678161721083-1.7175209011937997E-7i
36.344646173203465,28.21518852702893,13,1.4359356198444626E-6-3.43504177248572E-11i,0.007179678161721085-1.7175209011937997E-7i
31.003751018753952,34.520882984622524,8.000000000000002,1.4359356235166145E-6-3.435041781270232E-11i,0.007179678161721082-1.7175209011938E-7i
27.24781718411442,36.86311516292089,7.657902501623806,1.4359356260689605E-6-3.435041787375951E-11i,0.007179678161721082-1.7175209011937997E-7i
28.231573672085215,33.9656239300904,6.629195468781504,1.4359356261403148E-6-3.4350417875466426E-11i,0.007179678161721084-1.7175209011937992E-7i
23.421441029575515,37.32127725452301,7.999999999999961,1.4359356253838582E-6-3.435041785737047E-11i,0.007179678161721085-1.7175209011937992E-7i
30.296375645221644,36.662194687975855,13,1.4359356221428546E-6-3.435041777983931E-11i,0.007179678161721086-1.7175209011937995E-7i
6.293061825466879,50.13981321517199,13,1.4359356260512662E-6-3.4350417873336216E-11i,0.007179678161721084-1.7175209011937995E-7i
4.800167778697702,45.2227814604744,8.50169931830174,1.4359356258676985E-6-3.435041786894484E-11i,0.007179678161721082-1.7175209011937997E-7i
9.070856931871655,44.64926580528562,8.207789365597394,1.4359356243672097E-6-3.435041783305023E-11i,0.007179678161721082-1.7175209011937997E-7i
7.307218649131999,45.58986831362976,5.769223492194056,1.4359356350566844E-6-3.435041808876358E-11i,0.007179678161721086-1.7175209011937992E-7i
12.731304476904185,43.88146567906703,8.000000000000018,1.4359356253553983E-6-3.435041785668962E-11i,0.007179678161721082-1.7175209011937997E-7i
12.543059971731623,46.68910855749618,13,1.435935625136041E-6-3.435041785144219E-11i,0.0071796781617210845-1.7175209011937992E-7i
18.40109769642359,43.38605347800035,13,1.4359356261389995E-6-3.435041787543496E-11i,0.007179678161721084-1.7175209011937995E-7i
24.413279483336694,39.9421566113115,13,1.4359356249723163E-6-3.4350417847525577E-11i,0.007179678161721084-1.7175209011937992E-7i
0,46.6054823216304,13,1.4359356252374041E-6-3.4350417853867015E-11i,0.007179678161721085-1.7175209011937997E-7i
2.3101064895095784,44.6813186046872,8.001490595981338,1.4359356251588935E-6-3.4350417851988785E-11i,0.007179678161721085-1.7175209011937992E-7i
46.59852651836911,0,13,1.4359356215325781E-6-3.435041776524026E-11i,0.007179678161721084-1.7175209011937997E-7i
0,42.50037744318482,8.72053667517982,1.4359356194816662E-6-3.435041771617833E-11i,0.007179678161721085-1.7175209011938E-7i
8.495088443917227,47.87543521284428,5.663479535812617,1.4359356276355104E-6-3.435041791123447E-11i,0.007179678161721082-1.7175209011938003E-7i
9.564439404717016,44.27862188828977,5.5150032600060515,1.4359356369232977E-6-3.4350418133416606E-11i,0.007179678161721085-1.7175209011937992E-7i
9.809094917465558,49.018124672371115,4.249999999999999,1.4359356416954165E-6-3.435041824757516E-11i,0.007179678161721086-1.7175209011937992E-7i
10.260417610939346,46.913190070447065,4.2575016300030395,1.4359356453345337E-6-3.435041833463002E-11i,0.007179678161721086-1.7175209011937992E-7i
7.443518514450567,49.282056916749156,4.126861277742575,1.4359356459050186E-6-3.435041834827718E-11i,0.007179678161721084-1.7175209011937992E-7i
7.247638689275406,46.80825546852303,4.265003260006068,1.4359356487287952E-6-3.435041841582746E-11i,0.007179678161721085-1.7175209011937992E-7i
8.979689496844264,45.80825546852303,4.265003260006071,1.4359356461833668E-6-3.4350418354935794E-11i,0.0071796781617210845-1.7175209011937992E-7i
6.130273187348908,47.55254676410604,4.005958663467453,1.4359356451439985E-6-3.4350418330072056E-11i,0.007179678161721086-1.7175209011937995E-7i
2.6146534925759752,50.38459102585228,4.2062193587530246,1.4359356446485075E-6-3.435041831821896E-11i,0.007179678161721083-1.7175209011937997E-7i
1.5286289665836787,48.260026424448526,4.967892212745251,1.43593563937442E-6-3.4350418192052325E-11i,0.007179678161721084-1.7175209011937992E-7i
0,49.19261492551875,4.2171339892820985,1.4359356478717368E-6-3.435041839532495E-11i,0.0071796781617210845-1.7175209011938E-7i
3.0886484790811917,47.17867467954861,5.701406764794494,1.4359356314262692E-6-3.435041800191689E-11i,0.007179678161721084-1.7175209011937995E-7i
5.332971374083613,46.477494580952595,5.5955677498151895,1.435935633771481E-6-3.435041805801898E-11i,0.007179678161721084-1.7175209011937992E-7i
4.126705177936975,48.16371896168918,4.359325218104189,1.4359356472219994E-6-3.435041837978199E-11i,0.007179678161721084-1.7175209011937992E-7i
3.009844720701039,44.35153835350555,5.620828067402196,1.4359356343333273E-6-3.435041807145943E-11i,0.007179678161721086-1.7175209011937992E-7i
3.6692235019332173,42.25531809515475,6.816109646484582,1.4359356300530598E-6-3.4350417969066966E-11i,0.007179678161721084-1.7175209011937995E-7i
0,47.380994646449906,4.752763640256408,1.4359356475935729E-6-3.435041838867072E-11i,0.0071796781617210845-1.7175209011937997E-7i
6.381613285490975,45.30825546852302,4.265003260006072,1.4359356512743029E-6-3.4350418476721046E-11i,0.0071796781617210845-1.7175209011937992E-7i
4.719435609329172,44.846571058318055,4.942514670027241,1.4359356433980272E-6-3.4350418288305E-11i,0.007179678161721084-1.7175209011937992E-7i
1.5286289665836676,46.325717387400665,5.107545766356828,1.43593564123377E-6-3.435041823653166E-11i,0.0071796781617210845-1.7175209011937992E-7i
0,45.32399685142297,4.496441096505253,1.4359356500398576E-6-3.435041844719068E-11i,0.007179678161721084-1.7175209011937997E-7i
0,43.40877918376597,5.632219292969143,1.4359356350350033E-6-3.4350418088244887E-11i,0.007179678161721086-1.7175209011937992E-7i
2.394654370368144,43.692443324056555,4.310013040024193,1.4359356524881606E-6-3.4350418505758924E-11i,0.0071796781617210845-1.7175209011937992E-7i
18.863523590461757,39.759971622798936,7.843712718265591,1.4359356250410415E-6-3.435041784916963E-11i,0.007179678161721084-1.7175209011937995E-7i
19.1035331335927,41.001246095273245,5.244580190228051,1.4359356365949703E-6-3.435041812556243E-11i,0.007179678161721083-1.7175209011937997E-7i
14.86095194902039,39.91837707938598,8.000000000000023,1.4359356258189793E-6-3.4350417867779436E-11i,0.007179678161721084-1.7175209011937995E-7i
15.528910622137008,38.958821717687215,5.656249999999994,1.435935631170332E-6-3.435041799579432E-11i,0.007179678161721083-1.7175209011937997E-7i
11.303154226787967,43.33307733161976,5.612102587818676,1.435935636768985E-6-3.43504181297252E-11i,0.007179678161721084-1.7175209011937992E-7i
11.586236113882801,40.52775832281033,7.761027899206235,1.4359356244948834E-6-3.4350417836104435E-11i,0.007179678161721084-1.7175209011937995E-7i
9.547686961800048,42.19279930876478,6.190524115436777,1.4359356335005726E-6-3.435041805153832E-11i,0.007179678161721085-1.7175209011937997E-7i
12.51785507190962,45.07182510418005,4.878750815001518,1.4359356424384003E-6-3.4350418265348825E-11i,0.007179678161721085-1.7175209011937992E-7i
13.516963269309938,43.4791621843961,4.656942063449108,1.4359356463598603E-6-3.4350418359157846E-11i,0.007179678161721086-1.7175209011937992E-7i
10.844397528849607,44.63931094414491,4.257501630003041,1.4359356472359242E-6-3.435041838011505E-11i,0.007179678161721084-1.7175209011937992E-7i
10.247238854848298,43.16449051816875,4.125539035783064,1.4359356482940278E-6-3.435041840542699E-11i,0.007179678161721086-1.7175209011937995E-7i
6.369218179018823,43.310744734718014,5.560013040024196,1.4359356326837114E-6-3.435041803199739E-11i,0.007179678161721082-1.7175209011938003E-7i
8.24632131749626,44.13931094414489,4.2575016300030155,1.435935650276582E-6-3.4350418452853576E-11i,0.007179678161721084-1.7175209011937995E-7i
4.432687962319938,42.627659047577374,4.908054823242292,1.435935642765131E-6-3.4350418273164835E-11i,0.0071796781617210845-1.7175209011937992E-7i
5.293327625419243,40.539959278374035,6.158054823242293,1.4359356328054408E-6-3.435041803490938E-11i,0.007179678161721085-1.7175209011937992E-7i
9.055189935178467,41.510647461519255,4.875000000000005,1.4359356358014093E-6-3.435041810657884E-11i,0.007179678161721082-1.7175209011937997E-7i
11.889666753800574,41.74393661196887,4.738281249999993,1.4359356436250435E-6-3.4350418293735666E-11i,0.007179678161721083-1.7175209011937997E-7i
9.874624457671159,39.493529512114456,5.518860058580366,1.4359356274680954E-6-3.435041790722953E-11i,0.007179678161721084-1.7175209011937995E-7i
23.72673905234203,40.568630493681596,5.031249999999981,1.4359356399388645E-6-3.435041820555492E-11i,0.007179678161721082-1.7175209011937997E-7i
21.378944456223053,39.66153688274073,5.68962415198563,1.4359356268165556E-6-3.435041789164347E-11i,0.007179678161721083-1.7175209011937997E-7i
21.321975534030365,40.95768003237657,4.1709090824407005,1.4359356482759437E-6-3.435041840499439E-11i,0.007179678161721085-1.7175209011937992E-7i
23.60888103497488,38.08031931363087,4.249999999999973,1.4359356467496655E-6-3.43504183684828E-11i,0.007179678161721086-1.7175209011937992E-7i
21.982666335073006,37.947418826185896,4.2500000000000115,1.4359356479739764E-6-3.43504183977707E-11i,0.0071796781617210845-1.7175209011937992E-7i
14.376538879783222,42.25618420503153,5.9347280451199875,1.4359356319138728E-6-3.4350418013581316E-11i,0.007179678161721082-1.7175209011938E-7i
13.297667900102827,39.94708900178944,5.779872796474349,1.4359356313627409E-6-3.435041800039716E-11i,0.007179678161721085-1.7175209011937997E-7i
14.308274644817407,40.315023693850506,4.216356587206199,1.4359356477735284E-6-3.435041839297563E-11i,0.007179678161721085-1.7175209011937992E-7i
16.340143193425355,42.3162226122215,4.875000000000003,1.4359356436309408E-6-3.4350418293876714E-11i,0.007179678161721086-1.7175209011937992E-7i
19.88306635391605,40.34835975883912,4.099147706101793,1.4359356492913903E-6-3.435041842928585E-11i,0.007179678161721086-1.7175209011937995E-7i
16.807932649862394,40.493732939005625,4.621994012129963,1.4359356408471579E-6-3.435041822728317E-11i,0.007179678161721083-1.7175209011937997E-7i
16.474107115014114,37.01996735895655,8.000000000000021,1.4359356266687058E-6-3.435041788810657E-11i,0.007179678161721085-1.7175209011937992E-7i
24.243937472069444,33.671476203390306,7.999999999999971,1.435935625168414E-6-3.435041785221662E-11i,0.007179678161721084-1.7175209011937995E-7i
20.696001545231706,36.5881697350672,7.852941176470579,1.4359356255481695E-6-3.435041786130108E-11i,0.007179678161721082-1.7175209011937997E-7i
21.448672171750673,36.8948376523716,5.500000000000039,1.4359356344072473E-6-3.435041807322775E-11i,0.007179678161721084-1.7175209011937992E-7i
22.51427358144798,33.83573810169512,5.4999999999999805,1.4359356362798141E-6-3.4350418118023305E-11i,0.0071796781617210845-1.7175209011937992E-7i
23.465409420065704,35.82416868170546,4.154235878216696,1.435935644240066E-6-3.4350418308448224E-11i,0.007179678161721084-1.7175209011937992E-7i
25.34093184254383,36.08031931363067,4.249999999999996,1.4359356491349039E-6-3.4350418425542386E-11i,0.007179678161721086-1.7175209011937992E-7i
31.9003843437711,34.14252174589608,4.250000000000016,1.4359356369796825E-6-3.4350418134765524E-11i,0.0071796781617210845-1.7175209011937992E-7i
33.78373579245007,30.187749530349166,5.443577266832973,1.4359356398802865E-6-3.435041820415369E-11i,0.007179678161721082-1.7175209011937997E-7i
31.33521396038477,29.259336683537732,5.500000000000019,1.4359356341575102E-6-3.43504180672536E-11i,0.007179678161721083-1.7175209011937997E-7i
35.00352138597238,30.415367824541313,4.13067263059731,1.4359356483410974E-6-3.435041840655296E-11i,0.007179678161721086-1.7175209011937992E-7i
32.40653962149309,31.679909983256014,5.499999999999991,1.4359356370814516E-6-3.4350418137199917E-11i,0.007179678161721083-1.7175209011937997E-7i
28.652360709665,31.520330064206412,7.502285007060886,1.4359356234857307E-6-3.435041781196355E-11i,0.007179678161721083-1.7175209011937997E-7i
33.95218180436519,31.943111067579125,5.004009267544233,1.4359356395469314E-6-3.4350418196179116E-11i,0.007179678161721085-1.7175209011937992E-7i
30.99463058428504,33.22848392362086,5.499999999999987,1.4359356280423906E-6-3.435041792096779E-11i,0.0071796781617210845-1.7175209011937992E-7i
29.199317262140355,31.691936677542685,5.209248450786124,1.4359356383746814E-6-3.4350418168136575E-11i,0.007179678161721084-1.7175209011937992E-7i
27.141365200130913,30.577796079547813,5.477476146169333,1.4359356309036564E-6-3.435041798941491E-11i,0.007179678161721083-1.7175209011937997E-7i
29.01603989804509,28.573774525685348,6.124999999999993,1.4359356315574648E-6-3.435041800505533E-11i,0.007179678161721084-1.7175209011937995E-7i
28.921800658269518,33.58444519894829,4.8749999999999964,1.4359356418424675E-6-3.435041825109295E-11i,0.007179678161721086-1.7175209011937992E-7i
25.965721547485145,33.84551998015762,5.4791552362103095,1.4359356353096622E-6-3.4350418094815286E-11i,0.007179678161721082-1.7175209011938E-7i
24.76376696802356,31.361930348196456,6.174701846120688,1.4359356314088902E-6-3.435041800150113E-11i,0.007179678161721086-1.7175209011937992E-7i
31.90582899448812,30.148144786840657,4.250000000000033,1.4359356462904482E-6-3.435041835749744E-11i,0.007179678161721086-1.7175209011937995E-7i
34.42796508668875,28.729798931800296,4.874999999999997,1.4359356415602334E-6-3.435041824434133E-11i,0.0071796781617210845-1.7175209011937992E-7i
26.83712683939404,32.91655022980731,4.249999999999983,1.4359356480781954E-6-3.4350418400263824E-11i,0.0071796781617210845-1.7175209011937992E-7i
30.11662305073167,30.77158865619867,4.249999999999982,1.4359356451140415E-6-3.435041832935541E-11i,0.0071796781617210845-1.7175209011937992E-7i
40.53951799595693,19.95051754526101,5.500000000000015,1.4359356331367269E-6-3.4350418042834416E-11i,0.007179678161721084-1.7175209011937995E-7i
41.57840235715755,14.472984712796471,7.374999999999988,1.435935623999405E-6-3.4350417824251706E-11i,0.007179678161721084-1.7175209011937995E-7i
42.40699095480338,17.57598811030436,5.500000000000001,1.435935627227495E-6-3.435041790147393E-11i,0.007179678161721084-1.7175209011937992E-7i
42.015995477401766,19.288552076038506,4.250000000000014,1.4359356519915428E-6-3.435041849387887E-11i,0.0071796781617210845-1.7175209011937992E-7i
41.71133677851624,18.270370799012582,7.775511371916912,1.435935625581926E-6-3.435041786210867E-11i,0.0071796781617210845-1.7175209011937992E-7i
37.97171491096226,21.14699515784962,5.500000000000016,1.435935632660498E-6-3.435041803144206E-11i,0.007179678161721084-1.7175209011937992E-7i
35.84409007422094,21.267408058255413,8.000000000000002,1.4359356260257917E-6-3.435041787272679E-11i,0.0071796781617210845-1.7175209011937992E-7i
35.0000529890495,25.050789128991674,5.602870628996129,1.4359356293538076E-6-3.435041795233951E-11i,0.007179678161721086-1.7175209011937992E-7i
34.98851463243482,23.45206164572023,6.7500000000000036,1.4359356254100154E-6-3.4350417857996184E-11i,0.0071796781617210845-1.7175209011937992E-7i
32.91330302751334,25.622328334205896,7.216225700946524,1.4359356289948893E-6-3.435041794375346E-11i,0.007179678161721084-1.7175209011937992E-7i
33.395735154111584,24.76202495643132,5.719403508829972,1.4359356317030946E-6-3.43504180085391E-11i,0.007179678161721085-1.7175209011937997E-7i
32.70860467748846,22.566602709423346,7.266131463669683,1.4359356272939042E-6-3.4350417903062515E-11i,0.0071796781617210845-1.7175209011937992E-7i
38.95636342344423,16.754790999281465,8.015689936511741,1.4359356228722213E-6-3.4350417797287195E-11i,0.007179678161721084-1.7175209011937992E-7i
37.39497168746343,19.604116040771974,6.750000000000011,1.4359356236862653E-6-3.435041781676068E-11i,0.007179678161721084-1.7175209011937992E-7i
38.94585330070592,17.940824023288542,5.500000000000021,1.4359356338434865E-6-3.4350418059741483E-11i,0.0071796781617210845-1.7175209011937992E-7i
36.47641672390587,16.885161769983096,6.750000000000001,1.4359356248968524E-6-3.435041784572035E-11i,0.007179678161721085-1.7175209011937992E-7i
32.6950800571919,28.50313096227381,4.2499999999999964,1.4359356501725605E-6-3.4350418450365223E-11i,0.0071796781617210845-1.7175209011937992E-7i
32.86672536694999,27.98430331034215,5.500000000000015,1.4359356357473754E-6-3.435041810528629E-11i,0.007179678161721086-1.7175209011937995E-7i
30.56529884959035,26.742545142688936,6.750000000000006,1.435935630698839E-6-3.435041798451531E-11i,0.007179678161721085-1.7175209011937992E-7i
34.44085392561694,26.850600002868966,5.398524414853562,1.435935632055563E-6-3.435041801697078E-11i,0.007179678161721082-1.7175209011938E-7i
34.19279101430775,25.443809875224506,4.406249999999997,1.4359356429502666E-6-3.435041827759369E-11i,0.007179678161721085-1.7175209011937992E-7i
36.22220840057129,25.296469502151364,4.32812500000002,1.435935647040946E-6-3.435041837545079E-11i,0.007179678161721085-1.7175209011937992E-7i
37.50325157367071,24.317496144624208,5.500000000000019,1.4359356343218094E-6-3.43504180711839E-11i,0.007179678161721082-1.7175209011938E-7i
39.01069239240672,23.624371777345683,4.249999999999999,1.4359356479404187E-6-3.435041839696798E-11i,0.0071796781617210845-1.7175209011937992E-7i
34.99425731621757,22.984361072057858,4.87500000000002,1.4359356404397511E-6-3.435041821753717E-11i,0.007179678161721085-1.7175209011937992E-7i
30.256915497017424,29.28525324284585,4.250000000000008,1.4359356447416788E-6-3.4350418320447803E-11i,0.007179678161721085-1.7175209011937992E-7i
31.782649424794954,26.361653628111167,4.874999999999989,1.435935644523158E-6-3.435041831522033E-11i,0.007179678161721082-1.7175209011937997E-7i
33.19279101430735,23.711759067655603,4.406249999999974,1.4359356442351262E-6-3.435041830833003E-11i,0.007179678161721084-1.7175209011937995E-7i
30.897691869397768,24.237232453902216,5.500000000000003,1.4359356350750184E-6-3.435041808920211E-11i,0.007179678161721082-1.7175209011938003E-7i
43.401859925616314,6.114634442578037,13,1.435935623451502E-6-3.4350417811144726E-11i,0.007179678161721084-1.7175209011937992E-7i
39.27513662208311,13.65249512545698,6.021249803464564,1.435935630014473E-6-3.435041796814393E-11i,0.007179678161721085-1.7175209011937992E-7i
39.92721778860818,11.804004868990894,7.6113390079573024,1.4359356243614E-6-3.435041783291129E-11i,0.007179678161721084-1.7175209011937992E-7i
39.97292665035307,18.496691453273133,4.250000000000024,1.4359356473936951E-6-3.4350418383889254E-11i,0.007179678161721085-1.7175209011937992E-7i
38.485857455480996,20.09977702055367,4.250000000000021,1.4359356476000935E-6-3.435041838882671E-11i,0.007179678161721084-1.7175209011937992E-7i
36.98585745548122,20.965802424338047,4.250000000000006,1.4359356493837245E-6-3.435041843149467E-11i,0.007179678161721085-1.7175209011937992E-7i
42.113327309228374,15.21529233707735,4.875000000000021,1.4359356395057937E-6-3.4350418195195094E-11i,0.007179678161721084-1.7175209011937995E-7i
40.939847679152216,13.502485058773642,4.718750000000008,1.4359356404881167E-6-3.435041821869417E-11i,0.007179678161721086-1.7175209011937992E-7i
42.71283651370333,13.319416880871252,4.640625000000004,1.4359356403965857E-6-3.4350418216504604E-11i,0.007179678161721084-1.7175209011937995E-7i
44.48582534825444,13.136348702968862,4.562500000000001,1.435935643982098E-6-3.4350418302277133E-11i,0.007179678161721085-1.7175209011937992E-7i
45.845051643622874,11.851051217700752,4.406249999999994,1.4359356482817179E-6-3.435041840513251E-11i,0.007179678161721085-1.7175209011937992E-7i
42.023159141055054,11.250285773589294,5.500000000000006,1.435935632282279E-6-3.4350418022394376E-11i,0.007179678161721082-1.7175209011937997E-7i
43.84505164362287,11.851051217700773,4.406249999999982,1.43593564991192E-6-3.435041844413018E-11i,0.007179678161721086-1.7175209011937992E-7i
41.39054820830473,7.678964778130833,7.515339058117692,1.435935625359851E-6-3.435041785679621E-11i,0.007179678161721083-1.7175209011937997E-7i
43.744854386667974,3.69372212010557,8.30974813501257,1.4359356240943607E-6-3.435041782652317E-11i,0.007179678161721084-1.7175209011937992E-7i
42.303042554689924,0,9.317925449910273,1.4359356230708762E-6-3.43504178020394E-11i,0.0071796781617210845-1.7175209011937997E-7i
45.21213238010722,2.112919373113809,6.130436755044039,1.4359356317495925E-6-3.4350418009651374E-11i,0.0071796781617210845-1.7175209011937992E-7i
44.33453259672748,0,6.605999442581767,1.4359356312465722E-6-3.435041799761815E-11i,0.007179678161721085-1.7175209011938E-7i
42.61919908720342,4.711645807689919,5.695381381587681,1.4359356327246405E-6-3.435041803297649E-11i,0.007179678161721083-1.7175209011937997E-7i
41.329463395883245,0,6.399051515573969,1.4359356289128325E-6-3.43504179417905E-11i,0.007179678161721085-1.7175209011938E-7i
46.95283178594587,8.601353771828299,4.282482993709988,1.4359356490770244E-6-3.4350418424157854E-11i,0.007179678161721082-1.7175209011938E-7i
48.83701259069562,7.416025345937196,5.247283069779623,1.4359356396929133E-6-3.4350418199671375E-11i,0.007179678161721084-1.7175209011937995E-7i
50.32627623587106,6.0170675646720975,4.6091871891900755,1.4359356433546871E-6-3.435041828726823E-11i,0.007179678161721082-1.7175209011937997E-7i
48.37114231761455,4.665885322648124,5.936624222943247,1.4359356232077615E-6-3.435041780531388E-11i,0.007179678161721084-1.7175209011937992E-7i
47.767537460855,6.390902255688748,4.250000000000023,1.4359356492932455E-6-3.435041842933029E-11i,0.007179678161721086-1.7175209011937992E-7i
49.66251841206347,3.359813342443186,5.024375968132279,1.4359356391934506E-6-3.43504181877232E-11i,0.0071796781617210845-1.7175209011937992E-7i
42.670464546306064,9.094505491827073,5.4999999999999964,1.4359356339564703E-6-3.4350418062444374E-11i,0.007179678161721083-1.7175209011937997E-7i
44.704277938991254,7.967677521079333,4.250000000000018,1.4359356489142209E-6-3.435041842026326E-11i,0.0071796781617210845-1.7175209011937992E-7i
44.704277938991275,9.699728328648252,4.250000000000013,1.4359356489940074E-6-3.435041842217188E-11i,0.007179678161721085-1.7175209011937992E-7i
40.60046498140406,7.1578237352433645,5.499999999999985,1.4359356317743326E-6-3.435041801024329E-11i,0.007179678161721084-1.7175209011937992E-7i
42.33523227315305,8.011354361051295,4.249999999999993,1.4359356484788633E-6-3.435041840984864E-11i,0.007179678161721086-1.7175209011937992E-7i
46.37457201036736,5.906323850881047,4.288718516876597,1.435935643517355E-6-3.435041829115953E-11i,0.0071796781617210845-1.7175209011937992E-7i
42.18621359666703,5.686570250840813,4.327437033753141,1.4359356447211005E-6-3.435041831995554E-11i,0.007179678161721086-1.7175209011937992E-7i
43.903884002794065,5.228106822550129,4.486425204867523,1.4359356445398414E-6-3.435041831561945E-11i,0.007179678161721083-1.7175209011937997E-7i
45.00934669981763,3.651189580692605,4.296692521885613,1.4359356449981297E-6-3.4350418326582595E-11i,0.007179678161721084-1.7175209011937992E-7i
44.130284327592264,1.763896725360126,4.638067774898381,1.4359356405200736E-6-3.435041821945861E-11i,0.007179678161721085-1.7175209011937992E-7i
47.04486608174349,3.844970180682695,4.327437033753176,1.4359356443593385E-6-3.435041831130147E-11i,0.0071796781617210845-1.7175209011937992E-7i
46.10606619005362,1.9224850903413364,4.565218377522003,1.4359356416211253E-6-3.435041824579798E-11i,0.0071796781617210845-1.7175209011937992E-7i
45.09816377558718,0,4.801591589481305,1.4359356363348575E-6-3.435041811934003E-11i,0.007179678161721085-1.7175209011938E-7i
48.16251841206349,2.4937879386587376,5.024375968132254,1.4359356332810179E-6-3.435041804628606E-11i,0.007179678161721082-1.7175209011937997E-7i
48.962487996978595,0,4.454092187794972,1.4359356452653726E-6-3.4350418332975564E-11i,0.0071796781617210845-1.7175209011937997E-7i
47.155112174835565,0,4.187565736968615,1.4359356476419367E-6-3.435041838982769E-11i,0.007179678161721084-1.7175209011937997E-7i
39.59270004569962,9.207898524642236,5.499999999999973,1.4359356323691765E-6-3.4350418024473074E-11i,0.007179678161721084-1.7175209011937995E-7i
38.8389366985175,6.975846805020549,8.037311929378923,1.435935625801514E-6-3.43504178673616E-11i,0.0071796781617210845-1.7175209011937992E-7i
38.14691753139033,9.571772002158015,7.948980992525531,1.4359356258679932E-6-3.435041786895189E-11i,0.007179678161721085-1.7175209011937992E-7i
39.79499053702893,3.4289671854338963,7.848036942100353,1.4359356237514097E-6-3.435041781831911E-11i,0.007179678161721082-1.7175209011937997E-7i
40.09508005919892,12.115003902491637,13,1.4359356221756873E-6-3.43504177806247E-11i,0.007179678161721084-1.7175209011937995E-7i
37.02804416938985,14.13524205069116,8.182922509438995,1.4359356237139107E-6-3.435041781742202E-11i,0.0071796781617210845-1.7175209011937992E-7i
36.78341320282412,18.06972105851881,13,1.4359356225625384E-6-3.4350417789878946E-11i,0.0071796781617210845-1.7175209011937992E-7i
34.69006955371056,18.81385293456756,8.022081614152222,1.4359356268888734E-6-3.4350417893373335E-11i,0.0071796781617210845-1.7175209011937992E-7i
33.5411530794716,23.58897055702944,13,1.4359356209468777E-6-3.4350417751229145E-11i,0.007179678161721083-1.7175209011937997E-7i
32.151081835368096,19.46752734044103,7.999999999999993,1.4359356254965759E-6-3.4350417860066875E-11i,0.0071796781617210845-1.7175209011937992E-7i
29.346527842230195,21.225270379074242,8.086445138817064,1.435935624844424E-6-3.4350417844466094E-11i,0.0071796781617210845-1.7175209011937992E-7i
28.40031170480485,25.619538032730844,6.042725193232287,1.4359356319342E-6-3.4350418014067556E-11i,0.007179678161721083-1.7175209011937997E-7i
29.795383738795923,24.22575360184014,7.999999999999994,1.4359356242781264E-6-3.435041783091915E-11i,0.0071796781617210845-1.7175209011937992E-7i
24.229902092797623,29.49795871996048,6.125000000000005,1.4359356298656385E-6-3.435041796458348E-11i,0.007179678161721085-1.7175209011937992E-7i
26.300303088204277,29.71607998884953,8.075711110025974,1.4359356254280877E-6-3.435041785842855E-11i,0.007179678161721083-1.7175209011937997E-7i
30.371279085328542,28.200307010646206,9.875000000000025,1.4359356213820682E-6-3.435041776163975E-11i,0.007179678161721084-1.7175209011937992E-7i
30.177259321066742,29.658068878603515,13,1.4359356166770113E-6-3.4350417649085503E-11i,0.007179678161721086-1.7175209011937995E-7i
27.45158645885007,26.38839692248632,8.427389705882357,1.4359356251894743E-6-3.4350417852720394E-11i,0.007179678161721085-1.7175209011937992E-7i
26.501332973544375,27.359102091589623,6.399356617647056,1.4359356323301855E-6-3.4350418023540325E-11i,0.007179678161721086-1.7175209011937995E-7i
23.920420656349435,28.112433961678477,8.000000000000012,1.435935624430883E-6-3.435041783457343E-11i,0.0071796781617210845-1.7175209011937992E-7i
24.23916363817463,33.342952406780825,13,1.435935621046305E-6-3.435041775360764E-11i,0.007179678161721084-1.7175209011937995E-7i
21.901596882751825,31.687803637644294,5.499999999999986,1.4359356316325874E-6-3.43504180068524E-11i,0.0071796781617210845-1.7175209011937992E-7i
21.67967063066783,30.002641526691175,7.999999999999996,1.435935627066752E-6-3.435041789762865E-11i,0.007179678161721084-1.7175209011937995E-7i
7.338447003866385,41.10185700654348,7.999999999999984,1.435935625066586E-6-3.435041784978069E-11i,0.007179678161721082-1.7175209011937997E-7i
3.0662811646489994,40.7352359849366,8.477136745129842,1.435935625510311E-6-3.4350417860395415E-11i,0.007179678161721084-1.7175209011937992E-7i
3.0540362787524096,39.35049756633257,5.664715395662358,1.43593563372314E-6-3.435041805686256E-11i,0.007179678161721084-1.7175209011937995E-7i
6.016639969888402,43.20371401308694,13,1.4359356206851613E-6-3.435041774496834E-11i,0.007179678161721086-1.7175209011937992E-7i
5.299534084639158,38.95088867053278,7.891879283045055,1.435935625706556E-6-3.4350417865090027E-11i,0.007179678161721086-1.7175209011937992E-7i
12.401395822352043,39.83675415877195,13,1.435935621859203E-6-3.43504177730538E-11i,0.0071796781617210845-1.7175209011937992E-7i
18.244707191816232,36.57935060948631,13,1.4359356219060106E-6-3.435041777417357E-11i,0.007179678161721086-1.7175209011937992E-7i
13.504856388926916,35.46620396615214,8.000000000000021,1.4359356264976799E-6-3.4350417884015266E-11i,0.007179678161721082-1.7175209011938003E-7i
10.66791274011205,37.05746095960792,8,1.4359356268984361E-6-3.435041789360217E-11i,0.007179678161721083-1.7175209011937997E-7i
0,39.2061924356655,7.753299629878622,1.4359356269445617E-6-3.435041789470559E-11i,0.0071796781617210845-1.7175209011937997E-7i
3.2374367656018763,36.70136863774768,7.876649814939289,1.435935627186018E-6-3.435041790048168E-11i,0.007179678161721084-1.7175209011937995E-7i
0,37.20788481337106,6.168980864099268,1.4359356348181813E-6-3.43504180830581E-11i,0.0071796781617210845-1.7175209011938E-7i
8.040065616423172,37.72266457096398,7.799889576944703,1.4359356250319874E-6-3.435041784895298E-11i,0.007179678161721084-1.7175209011937992E-7i
10.035303464011871,37.38562655870576,5.500000000000003,1.4359356397837692E-6-3.435041820184479E-11i,0.007179678161721086-1.7175209011937992E-7i
0,39.801945704543485,12.999999999999998,1.4359356224178754E-6-3.43504177864183E-11i,0.007179678161721084-1.7175209011937997E-7i
39.79820706194519,0,13,1.4359356212008802E-6-3.435041775730538E-11i,0.007179678161721084-1.7175209011937997E-7i
0,35.72202489543865,8.965339761911503,1.4359356272595983E-6-3.435041790224185E-11i,0.007179678161721085-1.7175209011938E-7i
7.645811772578838,41.022607893391786,3.995454732547806,1.4359356457623639E-6-3.435041834486463E-11i,0.0071796781617210845-1.7175209011937992E-7i
6.560497164545494,41.11936194136905,5.303371557424695,1.4359356391196202E-6-3.4350418185957044E-11i,0.007179678161721085-1.7175209011937992E-7i
10.120877048592133,35.18803842504432,5.561687025464516,1.4359356347735988E-6-3.4350418081991595E-11i,0.007179678161721084-1.7175209011937992E-7i
7.897880157041745,36.23347538238588,5.559508509794038,1.4359356279590137E-6-3.435041791897331E-11i,0.007179678161721083-1.7175209011937997E-7i
6.982056790925763,38.909704590799485,5.405995205271974,1.4359356302554456E-6-3.4350417973908434E-11i,0.007179678161721082-1.7175209011938003E-7i
8.880803013961112,38.03262837835094,4.376886005858029,1.4359356391980406E-6-3.4350418187832986E-11i,0.007179678161721086-1.7175209011937995E-7i
9.42009268051032,40.367365829834384,4.250000000000013,1.4359356384504676E-6-3.4350418169949555E-11i,0.007179678161721085-1.7175209011937992E-7i
7.64602817964233,37.98845645492147,4.062395127810175,1.4359356401872409E-6-3.4350418211496627E-11i,0.0071796781617210845-1.7175209011937992E-7i
5.567113171529755,37.33764239023357,5.469162453734816,1.435935630875641E-6-3.4350417988744765E-11i,0.007179678161721084-1.7175209011937995E-7i
2.125519935001308,36.26095941217745,5.626014343013587,1.4359356289096746E-6-3.4350417941715E-11i,0.0071796781617210845-1.7175209011937992E-7i
4.12509435072952,38.17524878316627,4.332357697831193,1.4359356468368667E-6-3.435041837056883E-11i,0.007179678161721082-1.7175209011938E-7i
4.230048748800553,35.43853045822498,5.622290916718096,1.4359356287061995E-6-3.435041793684745E-11i,0.007179678161721086-1.7175209011937992E-7i
4.378714620278513,40.26997963918701,4.579027411621165,1.4359356457047887E-6-3.435041834348726E-11i,0.007179678161721084-1.7175209011937992E-7i
2.700637154751063,41.62765904757735,4.908054823242273,1.435935644194987E-6-3.435041830736986E-11i,0.0071796781617210845-1.7175209011937992E-7i
1.9113781002286616,37.6878144274172,4.23164882668767,1.4359356482865326E-6-3.435041840524769E-11i,0.0071796781617210845-1.7175209011937992E-7i
2.3930435431606565,40.17524878316627,4.332357697831162,1.435935645981241E-6-3.435041835010058E-11i,0.0071796781617210845-1.7175209011937992E-7i
0,40.79249220177138,5.5618254806408896,1.4359356305979226E-6-3.4350417982101174E-11i,0.007179678161721086-1.7175209011937995E-7i
0,38.80327594115886,5.081279200460738,1.4359356370309367E-6-3.435041813599161E-11i,0.007179678161721085-1.7175209011938E-7i
5.541825653712908,36.15779789095538,4.150919813063898,1.4359356485537874E-6-3.4350418411640944E-11i,0.007179678161721084-1.7175209011937992E-7i
0,37.11166349153548,4.61805475343156,1.4359356479138055E-6-3.435041839633135E-11i,0.007179678161721085-1.7175209011937997E-7i
0,34.92199657369668,5.54713921342033,1.4359356329043044E-6-3.435041803727442E-11i,0.007179678161721086-1.7175209011937995E-7i
19.72755506904496,38.7477614161531,5.4999999999999964,1.4359356349894545E-6-3.4350418087155373E-11i,0.007179678161721084-1.7175209011937995E-7i
17.763332999135862,38.0099836794783,5.499999999999999,1.435935629205422E-6-3.4350417948789854E-11i,0.0071796781617210845-1.7175209011937992E-7i
17.54192053741231,39.00499183973917,4.250000000000005,1.435935647254033E-6-3.435041838054826E-11i,0.007179678161721084-1.7175209011937992E-7i
18.719699838570886,35.85412106997882,5.499999999999994,1.4359356331534276E-6-3.435041804323393E-11i,0.007179678161721082-1.7175209011937997E-7i
20.250615527504195,36.94741882618584,4.250000000000036,1.4359356485178438E-6-3.435041841078112E-11i,0.007179678161721086-1.7175209011937992E-7i
21.649441636137297,34.917869050847564,4.2499999999999645,1.4359356492964646E-6-3.435041842940727E-11i,0.007179678161721084-1.7175209011937995E-7i
7.395648760588394,34.908698469414425,4.249999999999998,1.4359356454529567E-6-3.435041833746296E-11i,0.007179678161721085-1.7175209011937992E-7i
7.86309429090132,33.81739693882886,5.499999999999995,1.4359356339336966E-6-3.435041806189948E-11i,0.007179678161721083-1.7175209011937997E-7i
14.546656828523433,36.23310198307609,5.49999999999999,1.4359356347276964E-6-3.4350418080893526E-11i,0.007179678161721083-1.7175209011937997E-7i
12.971395512535231,35.630916231440025,5.500000000000005,1.4359356383121026E-6-3.4350418166639585E-11i,0.007179678161721086-1.7175209011937992E-7i
13.914312670166904,33.744982347767035,5.6622186648616655,1.4359356345761107E-6-3.43504180772673E-11i,0.0071796781617210845-1.7175209011937992E-7i
16.424730472613767,36.014154084433656,5.42275876696832,1.4359356339489182E-6-3.4350418062263654E-11i,0.007179678161721084-1.7175209011937992E-7i
16.675895133627904,37.50499183973917,4.24999999999998,1.435935648662074E-6-3.435041841423141E-11i,0.007179678161721085-1.7175209011937992E-7i
11.200460350265566,40.206920166858154,4.343066217828994,1.435935640886984E-6-3.4350418228235886E-11i,0.0071796781617210845-1.7175209011937992E-7i
15.125671243236242,38.22941085884363,4.328124999999976,1.4359356438990398E-6-3.4350418300290174E-11i,0.007179678161721086-1.7175209011937992E-7i
9.275464821345949,36.01826072887139,4.249999999999975,1.4359356431889314E-6-3.4350418283302987E-11i,0.0071796781617210845-1.7175209011937992E-7i
12.262159600331527,37.52873047980399,5.499999999999978,1.4359356349931696E-6-3.435041808724418E-11i,0.007179678161721082-1.7175209011938E-7i
13.55245355893329,38.95122857858857,4.374425208806287,1.4359356411361956E-6-3.4350418234197493E-11i,0.007179678161721084-1.7175209011937995E-7i
14.401677065791944,35.11411197358435,4.166784102273571,1.4359356495187276E-6-3.435041843472424E-11i,0.007179678161721084-1.7175209011937992E-7i
13.059283030441302,36.764365239902,4.249999999999988,1.4359356494056586E-6-3.435041843201939E-11i,0.0071796781617210845-1.7175209011937992E-7i
11.203544171534421,35.79645788756351,4.251053162684745,1.4359356492370584E-6-3.435041842798615E-11i,0.007179678161721084-1.7175209011937992E-7i
9.275464821345938,34.018260728871375,4.250000000000001,1.4359356460953732E-6-3.4350418352830806E-11i,0.0071796781617210845-1.7175209011937992E-7i
11.603014273001737,34.42380617304556,5.453057252122049,1.4359356330800241E-6-3.4350418041477956E-11i,0.007179678161721085-1.7175209011937992E-7i
11.019718216840472,33.02527615533054,6.750000000000009,1.4359356300399822E-6-3.435041796875412E-11i,0.0071796781617210845-1.7175209011937992E-7i
12.821029987672109,34.1924058602047,4.249999999999999,1.4359356485375153E-6-3.43504184112517E-11i,0.0071796781617210845-1.7175209011937992E-7i
25.20360093236688,31.427605767305774,4.874999999999989,1.4359356404962279E-6-3.435041821888824E-11i,0.0071796781617210845-1.7175209011937992E-7i
29.067061880599816,27.276097235580163,4.562500000000017,1.4359356467381335E-6-3.435041836820693E-11i,0.007179678161721082-1.7175209011937997E-7i
28.322698990074958,29.858086855417866,4.2499999999999885,1.4359356465734864E-6-3.435041836426825E-11i,0.0071796781617210845-1.7175209011937992E-7i
26.706625207711983,30.008981097340424,4.052061980041572,1.4359356512833513E-6-3.4350418476937496E-11i,0.007179678161721085-1.7175209011937992E-7i
25.29563110168994,25.52867565507879,7.503676470588238,1.4359356253202075E-6-3.435041785584778E-11i,0.007179678161721082-1.7175209011937997E-7i
17.265301900457864,34.03354517583857,8.180995475113123,1.4359356239673125E-6-3.4350417823483915E-11i,0.0071796781617210845-1.7175209011937992E-7i
19.837857725901863,32.05810188200605,7.999999999999994,1.4359356255397453E-6-3.435041786109963E-11i,0.007179678161721083-1.7175209011937997E-7i
15.27580658101386,31.62531496518922,7.655785391079516,1.4359356270093466E-6-3.4350417896255336E-11i,0.007179678161721084-1.7175209011937992E-7i
16.837859774563857,33.560778819263554,5.4999999999999964,1.435935629062862E-6-3.435041794537952E-11i,0.007179678161721083-1.7175209011937997E-7i
14.766536210508361,32.033402256027095,5.484833671328444,1.4359356366322233E-6-3.4350418126453606E-11i,0.007179678161721085-1.7175209011937992E-7i
16.97684320461798,35.02180576326371,4.250000000000016,1.4359356483826302E-6-3.4350418407546594E-11i,0.007179678161721086-1.7175209011937992E-7i
15.623995769603464,34.0058806277858,4.25000000000001,1.4359356417631963E-6-3.4350418249196585E-11i,0.0071796781617210845-1.7175209011937992E-7i
10.70601153112686,32.51263807766528,4.875000000000003,1.435935639553982E-6-3.435041819634779E-11i,0.007179678161721083-1.7175209011937997E-7i
9.251242416932289,31.54431243568154,5.499999999999996,1.4359356288265495E-6-3.4350417939726365E-11i,0.0071796781617210845-1.7175209011937992E-7i
15.691148992514869,30.226719986155544,5.50000000000002,1.4359356316687125E-6-3.435041800771659E-11i,0.007179678161721084-1.7175209011937992E-7i
13.002583644692255,30.507015426459176,5.50000000000003,1.4359356377115997E-6-3.435041815227442E-11i,0.007179678161721085-1.7175209011937992E-7i
12.394118579742733,32.4459135734343,5.500000000000023,1.4359356321996084E-6-3.4350418020416684E-11i,0.007179678161721084-1.7175209011937995E-7i
14.27114833458895,32.9899554923079,4.2500000000000036,1.435935649072336E-6-3.435041842404569E-11i,0.007179678161721085-1.7175209011937992E-7i
23.381492443706026,32.917869050847585,4.249999999999991,1.4359356460129128E-6-3.4350418350858207E-11i,0.007179678161721082-1.7175209011937997E-7i
19.676066678005917,33.69825846047934,5.4999999999999885,1.4359356253272567E-6-3.435041785601642E-11i,0.007179678161721082-1.7175209011937997E-7i
21.343103286789166,32.84390181882211,4.249999999999988,1.435935645142435E-6-3.435041833003473E-11i,0.0071796781617210845-1.7175209011937992E-7i
18.49828737684736,33.84912923023965,4.250000000000014,1.4359356467656714E-6-3.435041836886571E-11i,0.007179678161721085-1.7175209011937997E-7i
19.832974378192475,31.49406381703639,5.499999999999996,1.435935622101799E-6-3.4350417778857126E-11i,0.007179678161721084-1.7175209011937992E-7i
25.149539042556587,29.540618039088493,4.351307397421905,1.4359356467908923E-6-3.435041836946901E-11i,0.007179678161721086-1.7175209011937992E-7i
23.373281295596477,30.248979359980297,4.562499999999996,1.43593564449484E-6-3.435041831454297E-11i,0.007179678161721084-1.7175209011937995E-7i
23.986303200512815,27.09268128882841,5.500000000000018,1.4359356348782895E-6-3.435041808449602E-11i,0.007179678161721084-1.7175209011937992E-7i
21.28892018405566,29.539869173593466,5.499999999999992,1.4359356319744331E-6-3.4350418015030084E-11i,0.007179678161721083-1.7175209011937997E-7i
21.246021497509975,26.58439904973637,5.499999999999977,1.4359356324894253E-6-3.435041802734964E-11i,0.0071796781617210845-1.7175209011937992E-7i
21.3431032867892,30.843901818822197,4.250000000000016,1.4359356463103628E-6-3.43504183579738E-11i,0.007179678161721085-1.7175209011937992E-7i
30.817017905440277,21.725406694739547,5.5000000000000036,1.4359356346004784E-6-3.435041807785021E-11i,0.007179678161721084-1.7175209011937992E-7i
33.687064733286526,15.782470414427234,7.881562297729598,1.4359356250020287E-6-3.4350417848236377E-11i,0.007179678161721082-1.7175209011938E-7i
29.502291495509887,24.20920852909869,4.249999999999984,1.4359356461991781E-6-3.435041835531406E-11i,0.0071796781617210845-1.7175209011937992E-7i
25.60649923494399,28.126153891979424,5.272343245430066,1.4359356386989777E-6-3.435041817589448E-11i,0.007179678161721084-1.7175209011937995E-7i
27.184630324369316,28.24052819180659,4.937424368899572,1.4359356384696715E-6-3.435041817040896E-11i,0.0071796781617210845-1.7175209011937992E-7i
24.73546368119098,26.249612186685642,4.250000000000018,1.4359356492471722E-6-3.4350418428228106E-11i,0.0071796781617210845-1.7175209011937992E-7i
26.748194583930193,26.505910864394927,4.731404483189808,1.4359356439317997E-6-3.435041830107384E-11i,0.0071796781617210845-1.7175209011937992E-7i
26.090262180593168,24.272088675215006,5.0338397315955845,1.4359356366623476E-6-3.435041812717428E-11i,0.007179678161721083-1.7175209011937997E-7i
27.91632937536736,25.362689360943598,4.030602697856547,1.4359356472551815E-6-3.435041838057575E-11i,0.007179678161721086-1.7175209011937992E-7i
28.41089192575304,22.029614143833882,5.474283389315692,1.4359356317233116E-6-3.435041800902277E-11i,0.007179678161721082-1.7175209011937997E-7i
28.25201904345154,22.97318978747639,4.249999999999983,1.43593564137662E-6-3.435041823994897E-11i,0.0071796781617210845-1.7175209011937992E-7i
26.168140299406126,21.880700146591458,5.473849522447866,1.4359356362815345E-6-3.4350418118064405E-11i,0.007179678161721085-1.7175209011937992E-7i
35.61438173389335,11.051007501607073,8.9712951293533,1.4359356248478357E-6-3.4350417844547746E-11i,0.007179678161721084-1.7175209011937995E-7i
36.037550722896526,13.459210157418037,5.6262059751186335,1.4359356305713874E-6-3.43504179814664E-11i,0.007179678161721083-1.7175209011937997E-7i
28.602117315171423,19.360493287383168,5.499999999999993,1.4359356383349052E-6-3.4350418167185136E-11i,0.007179678161721085-1.7175209011937992E-7i
34.142097409236825,12.776963571206927,5.4999999999999805,1.4359356345515842E-6-3.435041807668055E-11i,0.007179678161721085-1.7175209011937992E-7i
40.52959030496715,16.578058180182946,5.187500000000021,1.435935635713722E-6-3.435041810448122E-11i,0.007179678161721082-1.7175209011938003E-7i
37.97292665035291,18.496691453273034,4.249999999999993,1.4359356475865582E-6-3.435041838850296E-11i,0.007179678161721086-1.7175209011937992E-7i
35.992486446375246,19.30492265870815,5.326835830474852,1.435935631521614E-6-3.435041800419773E-11i,0.007179678161721083-1.7175209011937997E-7i
34.35555960738621,18.16797960142792,5.269200455152901,1.4359356367003186E-6-3.4350418128082596E-11i,0.007179678161721084-1.7175209011937995E-7i
33.703270189088265,21.32036452383335,5.40451388888889,1.4359356367327724E-6-3.435041812885891E-11i,0.007179678161721082-1.7175209011938E-7i
35.60430187828087,21.416306788335543,5.500000000000012,1.43593563421076E-6-3.435041806852745E-11i,0.007179678161721084-1.7175209011937995E-7i
34.319602815406185,19.457301396524386,4.118778806348213,1.4359356522602139E-6-3.435041850030597E-11i,0.007179678161721086-1.7175209011937992E-7i
38.015394205350574,15.03241137055703,5.499999999999981,1.435935627928027E-6-3.435041791823196E-11i,0.007179678161721084-1.7175209011937995E-7i
38.972926650352925,16.764640645704244,4.2499999999999964,1.435935648443003E-6-3.4350418408990774E-11i,0.007179678161721086-1.7175209011937992E-7i
37.23820836195286,17.102834922835925,4.875000000000004,1.4359356388429765E-6-3.435041817933918E-11i,0.007179678161721084-1.7175209011937992E-7i
35.230538317735096,15.891025859095697,5.49999999999999,1.4359356323575326E-6-3.435041802419452E-11i,0.0071796781617210845-1.7175209011937992E-7i
29.833165733548224,22.029979988513766,4.143690282442972,1.4359356423625155E-6-3.4350418263533473E-11i,0.007179678161721085-1.7175209011937992E-7i
32.50766734608138,19.81898173559797,4.493801830081922,1.4359356429888735E-6-3.435041827851721E-11i,0.0071796781617210845-1.7175209011937992E-7i
31.908508952720048,22.121033596567525,4.249999999999977,1.4359356493964041E-6-3.435041843179801E-11i,0.007179678161721085-1.7175209011937992E-7i
30.90850895272009,20.38898278899855,4.250000000000001,1.4359356458376304E-6-3.435041834666511E-11i,0.007179678161721086-1.7175209011937995E-7i
31.053960841056092,18.359112680136047,5.244078114886472,1.435935636743284E-6-3.43504181291104E-11i,0.007179678161721082-1.7175209011938003E-7i
33.38216439987324,16.964716791936812,4.382852525788507,1.4359356458701238E-6-3.435041834744245E-11i,0.007179678161721083-1.7175209011937997E-7i
32.423463241268614,12.2804810951511,7.268465025894278,1.4359356275145467E-6-3.435041790834067E-11i,0.007179678161721084-1.7175209011937992E-7i
35.35920233399735,8.948664587498042,7.396310658061523,1.4359356287671723E-6-3.435041793830599E-11i,0.007179678161721084-1.7175209011937995E-7i
37.17658846465956,9.57128213185576,5.622240703927803,1.435935632716034E-6-3.435041803277056E-11i,0.007179678161721085-1.7175209011937992E-7i
32.78211458313481,9.244199811592338,8.221500021451693,1.4359356252332977E-6-3.435041785376874E-11i,0.0071796781617210845-1.7175209011937992E-7i
36.39202550069404,6.023383754945954,13,1.4359356196924185E-6-3.435041772121999E-11i,0.007179678161721084-1.7175209011937992E-7i
37.150830267867924,5.47082857513941,6.769047029752404,1.4359356265357368E-6-3.4350417884925714E-11i,0.007179678161721085-1.7175209011937992E-7i
35.957731186920945,3.2378967463053643,8.038094059504834,1.4359356249340213E-6-3.4350417846609493E-11i,0.007179678161721084-1.7175209011937995E-7i
32.83023801383959,14.825995511052978,5.499999999999977,1.4359356316852239E-6-3.435041800811156E-11i,0.007179678161721083-1.7175209011937997E-7i
36.54246755499755,14.722253396757132,4.249999999999983,1.4359356492046554E-6-3.435041842721098E-11i,0.007179678161721085-1.7175209011937992E-7i
34.61526915886755,14.873716159823356,4.2500000000000036,1.435935646864192E-6-3.4350418371222476E-11i,0.007179678161721085-1.7175209011937992E-7i
35.07104870461845,13.316685015878964,4.249999999999989,1.4359356467810802E-6-3.435041836923426E-11i,0.007179678161721086-1.7175209011937992E-7i
39.76636804907606,11.789677780469935,4.562499999999996,1.4359356433128064E-6-3.435041828626634E-11i,0.007179678161721084-1.7175209011937992E-7i
37.73333357482399,11.529061964694069,5.4125902125480865,1.4359356320990617E-6-3.435041801801136E-11i,0.007179678161721082-1.7175209011937997E-7i
38.76636804907597,13.521728588038776,4.562500000000011,1.4359356494426606E-6-3.4350418432904565E-11i,0.007179678161721084-1.7175209011937992E-7i
36.54246755499756,12.99020258918823,4.2499999999999725,1.4359356444938545E-6-3.435041831451932E-11i,0.007179678161721086-1.7175209011937995E-7i
40.7963500228498,9.800101685027743,4.250000000000009,1.435935647311591E-6-3.435041838192522E-11i,0.007179678161721084-1.7175209011937992E-7i
38.169408788923654,9.230088627646907,4.249999999999966,1.4359356466338822E-6-3.435041836571301E-11i,0.0071796781617210845-1.7175209011937992E-7i
33.49471635120501,6.002323896346752,7.458647272627225,1.4359356242035515E-6-3.435041782913521E-11i,0.007179678161721083-1.7175209011937997E-7i
37.71944962349491,0,8.076188119009686,1.4359356242249187E-6-3.43504178296464E-11i,0.007179678161721085-1.7175209011937997E-7i
38.12173456313743,1.7229213113091784,5.99865504760076,1.4359356338422356E-6-3.435041805971159E-11i,0.0071796781617210845-1.7175209011937992E-7i
38.349235678288785,6.929911048343247,5.499999999999996,1.4359356303091054E-6-3.4350417975192135E-11i,0.0071796781617210845-1.7175209011937992E-7i
39.800232490701994,7.909038886543875,4.249999999999972,1.4359356463107595E-6-3.43504183579833E-11i,0.0071796781617210845-1.7175209011937992E-7i
39.80023249070202,6.1769880789750005,4.2499999999999964,1.4359356448143752E-6-3.4350418322186834E-11i,0.0071796781617210845-1.7175209011937992E-7i
39.23009489657575,4.444937271406114,5.519047029752408,1.4359356313091599E-6-3.4350417999115445E-11i,0.007179678161721083-1.7175209011937997E-7i
42.95931721699152,0,4.612524438052176,1.4359356376558198E-6-3.4350418150940014E-11i,0.0071796781617210845-1.7175209011937997E-7i
41.915582632108624,2.2546954311518546,4.95716642569718,1.4359356377132755E-6-3.435041815231446E-11i,0.007179678161721083-1.7175209011938003E-7i
41.186213596667,3.9545194432719213,4.32743703375315,1.435935646824577E-6-3.4350418370274876E-11i,0.0071796781617210845-1.7175209011937992E-7i
39.196122385718326,2.6554813375952566,4.62619842573375,1.4359356403215758E-6-3.4350418214710185E-11i,0.007179678161721085-1.7175209011937992E-7i
39.42951069955859,0,4.867040154864007,1.4359356406478603E-6-3.4350418222515564E-11i,0.007179678161721086-1.7175209011937995E-7i
41.18931347738796,0,4.284696804326291,1.4359356467619426E-6-3.435041836877651E-11i,0.007179678161721084-1.7175209011937997E-7i
37.67461783914437,7.795082543093825,4.249999999999974,1.435935645809592E-6-3.4350418345994385E-11i,0.0071796781617210845-1.7175209011937992E-7i
36.09800637517352,6.701998361443131,5.500000000000005,1.4359356296842909E-6-3.435041796024529E-11i,0.007179678161721084-1.7175209011937995E-7i
34.14863304182602,7.467887181662427,5.500000000000006,1.435935634692059E-6-3.4350418080041E-11i,0.007179678161721085-1.7175209011937997E-7i
37.07541513393397,5.333490498923001,4.884523514876226,1.43593564309645E-6-3.435041828109067E-11i,0.007179678161721083-1.7175209011937997E-7i
35.47886559346047,4.217024584506003,5.519047029752424,1.4359356376312552E-6-3.43504181503524E-11i,0.007179678161721084-1.7175209011937992E-7i
37.405156754145466,3.3074837709982163,5.157474409073907,1.4359356386403688E-6-3.435041817449239E-11i,0.0071796781617210845-1.7175209011937992E-7i
37.909565033713676,1.6639628527339194,4.153243374623179,1.4359356491109271E-6-3.435041842496886E-11i,0.007179678161721086-1.7175209011937995E-7i
37.32429974972185,0,4.466699643430143,1.4359356397782444E-6-3.435041820171265E-11i,0.0071796781617210845-1.7175209011938E-7i
30.487706901132047,15.830755484486573,7.9999999999999885,1.4359356243353814E-6-3.435041783228885E-11i,0.007179678161721084-1.7175209011937995E-7i
33.339740439980716,12.12292791235565,13,1.435935619153982E-6-3.435041770833953E-11i,0.007179678161721085-1.7175209011937992E-7i
28.6141753301235,18.323125940097583,7.999999999999983,1.4359356237446036E-6-3.4350417818156264E-11i,0.007179678161721083-1.7175209011937997E-7i
23.10690466432716,23.92424295550389,5.579711876069858,1.4359356344764234E-6-3.435041807488262E-11i,0.007179678161721085-1.7175209011937992E-7i
23.528200403382623,22.903691705877634,7.70518207282913,1.4359356241027262E-6-3.435041782672326E-11i,0.007179678161721084-1.7175209011937995E-7i
30.302163670736178,18.150444990055405,13,1.4359356205384454E-6-3.4350417741458624E-11i,0.007179678161721085-1.7175209011937992E-7i
23.840703649156342,21.416735700950447,5.70422648225956,1.4359356330978008E-6-3.43504180419032E-11i,0.007179678161721085-1.7175209011937992E-7i
26.072334664668563,20.273946740110283,7.776785714285705,1.4359356247173248E-6-3.4350417841425565E-11i,0.007179678161721084-1.7175209011937992E-7i
28.404694023695498,23.17410527110333,13,1.4359356206869466E-6-3.435041774501101E-11i,0.007179678161721086-1.7175209011937992E-7i
26.794293930562095,22.745780250488817,8.000000000000004,1.4359356244768092E-6-3.43504178356721E-11i,0.0071796781617210845-1.7175209011937992E-7i
22.595155628761187,19.84926688467788,7.690520250467845,1.4359356265320872E-6-3.435041788483837E-11i,0.0071796781617210845-1.7175209011937992E-7i
23.592130006734507,26.224867923356797,13,1.4359356207289455E-6-3.435041774601576E-11i,0.007179678161721084-1.7175209011937995E-7i
21.707229697152346,25.47865361669113,8.000000000000002,1.4359356252483382E-6-3.4350417854128546E-11i,0.007179678161721084-1.7175209011937995E-7i
20.867193871824934,24.539081159002997,6.124999999999983,1.43593563018797E-6-3.43504179722943E-11i,0.007179678161721084-1.7175209011937992E-7i
20.061179869715996,28.07973834718682,7.999999999999998,1.4359356280052117E-6-3.435041792007834E-11i,0.007179678161721084-1.7175209011937992E-7i
20.23395690157546,22.948712250821607,8.296146909284548,1.4359356230200544E-6-3.435041780082359E-11i,0.007179678161721085-1.7175209011937992E-7i
12.148760828833442,31.014030852918314,8.00000000000002,1.4359356273676708E-6-3.43504179048272E-11i,0.007179678161721083-1.7175209011937997E-7i
18.09323151914589,29.785698183407803,13,1.435935620951502E-6-3.435041775133977E-11i,0.007179678161721085-1.7175209011937992E-7i
16.68911781775887,27.8292938373459,7.842534318477492,1.4359356233367024E-6-3.4350417808398415E-11i,0.007179678161721083-1.7175209011937997E-7i
12.973712764390747,28.013873817795705,7.9999999999999964,1.4359356238788793E-6-3.435041782136839E-11i,0.007179678161721085-1.7175209011937992E-7i
3.23743676560186,33.1531014863784,7.624748541939556,1.4359356238727068E-6-3.435041782122075E-11i,0.007179678161721082-1.7175209011938E-7i
6.021543832131897,36.39308967965971,13,1.4359356231331617E-6-3.435041780352941E-11i,0.007179678161721084-1.7175209011937992E-7i
12.17316600468476,33.028061705836635,13,1.435935619642287E-6-3.435041772002075E-11i,0.0071796781617210845-1.7175209011937992E-7i
8.110179988451323,31.08862487136306,7.999999999999994,1.4359356251508128E-6-3.435041785179553E-11i,0.007179678161721084-1.7175209011937992E-7i
8.969144074693144,34.20440232435815,8.23861835650322,1.4359356266441734E-6-3.435041788751969E-11i,0.0071796781617210845-1.7175209011937992E-7i
6.258184762808524,34.57482473812784,7.552149057597137,1.4359356263395843E-6-3.4350417880233364E-11i,0.0071796781617210845-1.7175209011937992E-7i
0,32.984233654775934,13,1.4359356225305216E-6-3.435041778911302E-11i,0.007179678161721084-1.7175209011937997E-7i
32.98584393944289,0,13,1.4359356237294834E-6-3.4350417817794605E-11i,0.007179678161721084-1.7175209011937997E-7i
9.745486445698939,27.980704902896257,8.000000000000012,1.4359356241296409E-6-3.435041782736709E-11i,0.007179678161721082-1.7175209011937997E-7i
6.03994444252778,34.83404062885134,5.4691624537348105,1.4359356331679025E-6-3.43504180435802E-11i,0.007179678161721084-1.7175209011937992E-7i
4.273460806538205,34.28827537159459,4.156187135484874,1.4359356450386481E-6-3.435041832755186E-11i,0.007179678161721086-1.7175209011937992E-7i
8.089722823603909,31.772156217840795,4.249999999999974,1.4359356465963195E-6-3.435041836481447E-11i,0.007179678161721084-1.7175209011937992E-7i
9.740360164039044,30.75074763227838,4.093750000000029,1.4359356451373997E-6-3.435041832991422E-11i,0.007179678161721085-1.7175209011937997E-7i
9.29276493854472,29.50450047802966,4.249999999999998,1.4359356452927862E-6-3.4350418333631324E-11i,0.007179678161721084-1.7175209011937992E-7i
5.83551297695515,32.59827241991494,5.49999999999999,1.4359356326393133E-6-3.435041803093531E-11i,0.007179678161721082-1.7175209011937997E-7i
8.193225031676146,29.009000956059307,5.4999999999999964,1.4359356319456194E-6-3.435041801434071E-11i,0.007179678161721084-1.7175209011937995E-7i
7.014369004315648,30.803636687987122,5.499999999999993,1.435935632718886E-6-3.435041803283878E-11i,0.0071796781617210845-1.7175209011937992E-7i
5.605464188983834,29.289096137883867,8.000000000000002,1.4359356229023575E-6-3.435041779800799E-11i,0.0071796781617210845-1.7175209011937992E-7i
4.319122535723547,30.287052200571093,6.01699519846865,1.4359356286212533E-6-3.4350417934815304E-11i,0.007179678161721084-1.7175209011937992E-7i
2.728433963952038,28.798784641056344,8.47445159028551,1.4359356259471675E-6-3.435041787084597E-11i,0.0071796781617210845-1.7175209011937992E-7i
2.6975276134802613,35.00480253458279,4.191813087786581,1.4359356467838358E-6-3.4350418369300276E-11i,0.007179678161721084-1.7175209011937995E-7i
1.6187183828009493,32.15357606627683,6.081339074211301,1.4359356272520885E-6-3.4350417902062234E-11i,0.007179678161721086-1.7175209011937992E-7i
2.802732094491945,27.97583198122725,6.533990396937312,1.4359356301910857E-6-3.4350417972368864E-11i,0.007179678161721084-1.7175209011937992E-7i
2.159561267861754,29.77206881224859,5.8194193206045215,1.4359356290926572E-6-3.435041794609225E-11i,0.007179678161721086-1.7175209011937992E-7i
0,27.824506841396186,8.938438936753233,1.4359356253472E-6-3.43504178564936E-11i,0.007179678161721085-1.7175209011937997E-7i
0,32.10965813292688,7.2494970838791755,1.4359356265609371E-6-3.435041788552855E-11i,0.007179678161721085-1.7175209011937997E-7i
2.004982156199842,25.874385735915414,7.191752879659174,1.4359356260847657E-6-3.435041787413756E-11i,0.0071796781617210845-1.7175209011937992E-7i
3.3507691903697965,33.576550743189195,5.3123742709697845,1.4359356321889086E-6-3.435041802016076E-11i,0.007179678161721083-1.7175209011937997E-7i
4.649807296046439,32.29913620995745,4.24999999999999,1.4359356471656664E-6-3.4350418378434386E-11i,0.007179678161721085-1.7175209011937992E-7i
0,32.94154419068098,4.566737134576009,1.4359356456551843E-6-3.435041834230068E-11i,0.007179678161721085-1.7175209011937997E-7i
18.238974496301047,25.190114464117137,7.106850758131778,1.4359356235530622E-6-3.4350417813574175E-11i,0.0071796781617210845-1.7175209011937992E-7i
14.499638682346692,25.72055023968228,6.815569196428565,1.4359356258758743E-6-3.4350417869140446E-11i,0.007179678161721084-1.7175209011937992E-7i
14.163147368032341,27.523521366347595,5.499999999999972,1.4359356319309301E-6-3.435041801398937E-11i,0.0071796781617210845-1.7175209011937992E-7i
11.633568581711893,26.10117880608741,6.815622853708789,1.4359356239092027E-6-3.4350417822093825E-11i,0.0071796781617210845-1.7175209011937992E-7i
10.820466290233702,30.501495264556713,5.1875000000000115,1.4359356381134965E-6-3.4350418161888557E-11i,0.007179678161721084-1.7175209011937995E-7i
13.429495052621641,29.253507713229553,4.250000000000003,1.4359356452390764E-6-3.4350418332346506E-11i,0.007179678161721085-1.7175209011937992E-7i
10.934921049340549,28.49035245144814,5.50000000000002,1.4359356300382708E-6-3.4350417968713184E-11i,0.007179678161721082-1.7175209011938003E-7i
9.323788513624601,26.332176560101235,6.124999999999997,1.4359356285827834E-6-3.435041793389504E-11i,0.0071796781617210845-1.7175209011937992E-7i
8.426739534760271,28.00450047802964,4.249999999999996,1.4359356456808804E-6-3.435041834291536E-11i,0.0071796781617210845-1.7175209011937992E-7i
9.858046679518914,27.1660882800506,4.5625000000000036,1.435935644213677E-6-3.4350418307816904E-11i,0.007179678161721086-1.7175209011937992E-7i
16.3414217522847,23.560189954540828,7.902343749999994,1.4359356209058712E-6-3.435041775024811E-11i,0.007179678161721084-1.7175209011937992E-7i
25.130547882735286,22.913069154461432,4.250000000000001,1.4359356426241926E-6-3.4350418269793324E-11i,0.007179678161721084-1.7175209011937992E-7i
24.184401721759638,24.666735570047532,4.245042847658722,1.4359356461854873E-6-3.4350418354986536E-11i,0.0071796781617210845-1.7175209011937992E-7i
23.026282947585003,22.4543826839257,4.24999999999998,1.4359356473997677E-6-3.435041838403453E-11i,0.007179678161721085-1.7175209011937992E-7i
14.271148334588982,30.98995549230792,4.250000000000034,1.4359356509014923E-6-3.4350418467802695E-11i,0.007179678161721084-1.7175209011937992E-7i
14.875802318076124,28.261760683173794,4.250000000000006,1.4359356474997879E-6-3.435041838642722E-11i,0.007179678161721085-1.7175209011937992E-7i
20.28609248532756,28.41603434923082,4.875000000000005,1.4359356378947214E-6-3.4350418156655004E-11i,0.007179678161721086-1.7175209011937992E-7i
22.71718462045886,25.639663875814076,4.874999999999988,1.4359356388184413E-6-3.435041817875227E-11i,0.007179678161721084-1.7175209011937995E-7i
21.88134099795272,27.792199524868202,4.249999999999998,1.43593565095167E-6-3.435041846900305E-11i,0.007179678161721084-1.7175209011937992E-7i
17.764351873633128,31.30032399642849,5.500000000000004,1.4359356256652527E-6-3.4350417864102E-11i,0.007179678161721083-1.7175209011937997E-7i
16.00319914215782,31.989955492307885,4.250000000000001,1.4359356462487001E-6-3.435041835649873E-11i,0.007179678161721084-1.7175209011937995E-7i
18.690843972702403,29.039869173593434,5.500000000000012,1.435935631907957E-6-3.435041801343974E-11i,0.007179678161721084-1.7175209011937992E-7i
18.40845537844535,32.15016199821421,4.2500000000000115,1.4359356447107862E-6-3.435041831970881E-11i,0.0071796781617210845-1.7175209011937992E-7i
16.505828534101823,29.113359993077744,4.25000000000001,1.4359356485606223E-6-3.435041841180446E-11i,0.0071796781617210845-1.7175209011937992E-7i
19.73772683176449,29.51993458679677,4.250000000000029,1.4359356461398013E-6-3.4350418353893624E-11i,0.007179678161721085-1.7175209011937992E-7i
16.761223579385653,27.02352136634756,5.500000000000015,1.4359356334736874E-6-3.435041805089511E-11i,0.007179678161721083-1.7175209011937997E-7i
19.00362253844781,26.803960208041964,5.499999999999996,1.435935631479841E-6-3.43504180031984E-11i,0.007179678161721084-1.7175209011937995E-7i
18.947437650980564,25.04742399938268,4.874999999999997,1.4359356400394057E-6-3.435041820796005E-11i,0.0071796781617210845-1.7175209011937992E-7i
18.87170142798002,28.01993458679671,4.249999999999996,1.4359356517473432E-6-3.4350418488037096E-11i,0.0071796781617210845-1.7175209011937992E-7i
19.8941161146371,26.401980104021007,4.250000000000005,1.43593565042362E-6-3.4350418456371E-11i,0.007179678161721085-1.7175209011937992E-7i
20.82590178132567,25.269540579501523,4.562499999999998,1.4359356449856037E-6-3.435041832628296E-11i,0.0071796781617210845-1.7175209011937992E-7i
21.02674377534784,21.99252382527715,5.499999999999983,1.4359356349891856E-6-3.4350418087148846E-11i,0.007179678161721082-1.7175209011938E-7i
21.800666144216137,24.01550716704477,4.249999999999987,1.4359356476160006E-6-3.435041838920723E-11i,0.0071796781617210845-1.7175209011937992E-7i
19.6620886836289,23.28668944806101,4.250000000000008,1.4359356436770122E-6-3.4350418294978815E-11i,0.007179678161721085-1.7175209011937992E-7i
18.61491640377188,22.52567888127316,5.500000000000021,1.4359356323017665E-6-3.4350418022860414E-11i,0.007179678161721082-1.7175209011937997E-7i
17.9677122397303,23.2628394406366,4.249999999999993,1.435935644600029E-6-3.4350418317059264E-11i,0.007179678161721085-1.7175209011937992E-7i
13.143751510507233,27.26176068317381,4.249999999999966,1.4359356485588234E-6-3.435041841176148E-11i,0.007179678161721086-1.7175209011937992E-7i
12.64029844822037,24.304806319185058,5.29771989145824,1.435935632698984E-6-3.4350418032362703E-11i,0.0071796781617210845-1.7175209011937992E-7i
10.054023894236282,24.367337048491162,5.524661461639877,1.4359356313648938E-6-3.435041800044863E-11i,0.0071796781617210845-1.7175209011937992E-7i
13.074520811707938,23.95129088553841,7.765624999999991,1.4359356266888264E-6-3.435041788858781E-11i,0.007179678161721085-1.7175209011937992E-7i
29.57950093621416,6.031926549679852,13,1.4359356238980527E-6-3.435041782182707E-11i,0.007179678161721083-1.7175209011937997E-7i
29.888465684332058,7.23029760424125,7.566846635812617,1.4359356256604797E-6-3.4350417863987834E-11i,0.007179678161721086-1.7175209011937992E-7i
26.95080039588745,14.68635408414312,7.999999999999979,1.4359356238426771E-6-3.435041782050234E-11i,0.007179678161721084-1.7175209011937992E-7i
25.077268824878903,17.178724539754135,7.999999999999973,1.4359356235729359E-6-3.4350417814049597E-11i,0.0071796781617210845-1.7175209011937992E-7i
26.672861038750618,16.236678552130652,5.499999999999991,1.4359356347554524E-6-3.435041808155753E-11i,0.007179678161721085-1.7175209011937992E-7i
21.980818419257247,19.99897051764038,5.812499999999986,1.435935635959116E-6-3.43504181103515E-11i,0.007179678161721086-1.7175209011937995E-7i
19.964667027167,21.546830939872393,4.249999999999971,1.4359356479952376E-6-3.435041839827934E-11i,0.007179678161721085-1.7175209011937992E-7i
29.30105865758574,20.0725514891048,4.249999999999995,1.4359356478451704E-6-3.435041839468946E-11i,0.007179678161721085-1.7175209011937992E-7i
27.357423234093115,20.06881239297747,4.250000000000008,1.435935650698429E-6-3.435041846294509E-11i,0.007179678161721084-1.7175209011937992E-7i
22.93489306316665,18.00541721000361,6.124999999999989,1.4359356221399698E-6-3.4350417779770276E-11i,0.007179678161721084-1.7175209011937992E-7i
20.289824013427122,17.298529342200773,6.717024727255837,1.4359356235572226E-6-3.4350417813673656E-11i,0.007179678161721084-1.7175209011937995E-7i
25.594998988946855,18.977928019162952,5.499999999999997,1.4359356290001282E-6-3.435041794387874E-11i,0.007179678161721082-1.7175209011938003E-7i
25.152959934597963,21.258490578777167,4.249999999999987,1.4359356463257604E-6-3.4350418358342175E-11i,0.007179678161721084-1.7175209011937992E-7i
30.37120199864379,14.358607979689502,5.499999999999975,1.4359356333311269E-6-3.435041804748484E-11i,0.007179678161721083-1.7175209011937997E-7i
30.723371458163932,16.376312843877177,5.499999999999975,1.435935634726209E-6-3.4350418080857944E-11i,0.0071796781617210845-1.7175209011937992E-7i
31.705685487763617,15.891218199417306,4.187587756394312,1.435935647365293E-6-3.435041838320982E-11i,0.007179678161721086-1.7175209011937992E-7i
28.80708766506178,16.95579160410871,5.499999999999987,1.435935637644187E-6-3.4350418150661784E-11i,0.007179678161721084-1.7175209011937995E-7i
29.30105865758573,18.340500681535914,4.249999999999975,1.4359356538283406E-6-3.4350418537818693E-11i,0.007179678161721085-1.7175209011937992E-7i
23.09801981179191,20.365481839090855,4.406249999999982,1.4359356450091722E-6-3.4350418326846776E-11i,0.007179678161721084-1.7175209011937995E-7i
20.36141631598325,19.784834733554707,4.562499999999991,1.4359356418577802E-6-3.435041825145922E-11i,0.0071796781617210845-1.7175209011937992E-7i
35.08493510999516,10.391947910256619,5.499999999999977,1.4359356347384414E-6-3.435041808115054E-11i,0.007179678161721082-1.7175209011937997E-7i
36.04246755499756,11.258151781619345,4.2499999999999725,1.4359356453710452E-6-3.435041833550344E-11i,0.007179678161721084-1.7175209011937995E-7i
36.169408788923676,9.230088627646895,4.249999999999982,1.4359356442429775E-6-3.435041830851788E-11i,0.007179678161721084-1.7175209011937992E-7i
35.54900318758674,7.681126199643741,4.249999999999997,1.435935646499947E-6-3.4350418362509013E-11i,0.007179678161721084-1.7175209011937995E-7i
33.91481275672089,5.952431958828815,5.421235864867144,1.4359356357376582E-6-3.435041810505382E-11i,0.0071796781617210845-1.7175209011937992E-7i
24.37191083962826,19.024875633966214,4.249999999999973,1.435935639633996E-6-3.435041819826187E-11i,0.007179678161721086-1.7175209011937992E-7i
24.45527262603386,17.2712205670594,4.874999999999984,1.4359356327563468E-6-3.4350418033734944E-11i,0.0071796781617210845-1.7175209011937992E-7i
22.967446531583352,16.796937239061748,4.562499999999999,1.4359356411481726E-6-3.435041823448401E-11i,0.0071796781617210845-1.7175209011937992E-7i
27.912165983448,13.891220448326017,5.499999999999973,1.4359356328139914E-6-3.435041803511394E-11i,0.007179678161721084-1.7175209011937995E-7i
26.836430519375316,17.644618717694147,4.249999999999978,1.4359356482028797E-6-3.435041840324655E-11i,0.007179678161721083-1.7175209011937997E-7i
27.836430519375334,15.912567910125246,4.249999999999991,1.4359356489196718E-6-3.435041842039364E-11i,0.007179678161721086-1.7175209011937992E-7i
34.071048704618406,11.584634208310122,4.249999999999967,1.4359356478507376E-6-3.435041839482262E-11i,0.007179678161721086-1.7175209011937992E-7i
33.09962985423925,9.31304042364752,4.249999999999981,1.4359356490287474E-6-3.4350418423002916E-11i,0.007179678161721084-1.7175209011937992E-7i
33.09962985423926,7.580989616078595,4.249999999999997,1.4359356515655016E-6-3.4350418483687063E-11i,0.007179678161721085-1.7175209011937992E-7i
32.1992597084785,11.697877617019474,5.499999999999983,1.4359356332499718E-6-3.4350418045543445E-11i,0.007179678161721082-1.7175209011938E-7i
33.071048704618384,13.316685015878964,4.249999999999977,1.4359356457991357E-6-3.4350418345744214E-11i,0.0071796781617210845-1.7175209011937992E-7i
30.68560099932187,13.241481816335824,4.249999999999974,1.4359356472611895E-6-3.435041838071948E-11i,0.0071796781617210845-1.7175209011937992E-7i
28.95608299172398,13.873813454438514,4.2499999999999885,1.4359356473682276E-6-3.4350418383280074E-11i,0.007179678161721086-1.7175209011937992E-7i
30.050558288490844,10.111628907543672,7.550781249999996,1.4359356239512623E-6-3.4350417823099896E-11i,0.007179678161721083-1.7175209011937997E-7i
31.077671350101237,10.187769324375687,4.874999999999994,1.4359356425147587E-6-3.4350418267175427E-11i,0.007179678161721086-1.7175209011937992E-7i
28.686235591140736,12.454035501374747,7.679648194895543,1.4359356220891324E-6-3.435041777855414E-11i,0.0071796781617210845-1.7175209011937992E-7i
29.293748532510307,12.329652622004554,5.557412811028391,1.4359356316654186E-6-3.435041800763781E-11i,0.007179678161721085-1.7175209011937992E-7i
28.070841995522972,12.2586095297105,4.250000000000009,1.4359356475244194E-6-3.435041838701645E-11i,0.007179678161721086-1.7175209011937992E-7i
29.6038460515509,11.123535105109998,4.480037920881073,1.4359356466498951E-6-3.4350418366096095E-11i,0.007179678161721084-1.7175209011937992E-7i
26.336430519375284,15.046542506340836,4.249999999999996,1.4359356490069706E-6-3.4350418422481986E-11i,0.007179678161721084-1.7175209011937992E-7i
24.38344211013034,15.606893744070332,5.404704066527909,1.435935631109708E-6-3.435041799434416E-11i,0.007179678161721084-1.7175209011937992E-7i
25.193629288908234,13.625805015338592,5.500000000000001,1.4359356360199129E-6-3.4350418111805944E-11i,0.007179678161721085-1.7175209011937992E-7i
32.18153522455454,8.226102182171793,5.62870872474977,1.4359356323123156E-6-3.435041802311279E-11i,0.007179678161721082-1.7175209011938E-7i
30.117231751791117,8.34483649313342,4.562499999999997,1.4359356477715355E-6-3.435041839292787E-11i,0.007179678161721084-1.7175209011937992E-7i
29.14595913897683,7.895376786388256,6.128704391093739,1.4359356323431777E-6-3.4350418023851254E-11i,0.007179678161721084-1.7175209011937992E-7i
33.28322539317021,3.7894122673938666,6.422477101991283,1.435935630347463E-6-3.4350417976109724E-11i,0.007179678161721086-1.7175209011937992E-7i
35.686488949411164,1.8967696871086075,4.501217746859925,1.4359356440382577E-6-3.435041830362058E-11i,0.007179678161721084-1.7175209011937995E-7i
34.23020428650769,1.9236381166648946,5.8873985274681,1.4359356344899545E-6-3.4350418075206316E-11i,0.0071796781617210845-1.7175209011937992E-7i
33.235525967499235,4.521714328018168,4.800997622305261,1.4359356445001E-6-3.435041831466876E-11i,0.007179678161721086-1.7175209011937995E-7i
30.125541853588352,4.734212945304335,6.9109295615432575,1.4359356249545802E-6-3.4350417847101356E-11i,0.007179678161721084-1.7175209011937992E-7i
27.652214899488555,5.457212668937052,7.376719320457071,1.4359356255734693E-6-3.4350417861906376E-11i,0.007179678161721085-1.7175209011937992E-7i
31.96182181752007,2.8139866289231437,8.378914825821685,1.4359356254457564E-6-3.435041785885123E-11i,0.0071796781617210845-1.7175209011937992E-7i
33.2993079391494,0,7.369886918937063,1.4359356277010215E-6-3.4350417912801636E-11i,0.007179678161721085-1.7175209011937997E-7i
30.106127000128314,0,9.290429767558685,1.4359356235835486E-6-3.4350417814303554E-11i,0.007179678161721085-1.7175209011938E-7i
31.613988534692353,5.613319201598756,5.057596072393475,1.4359356391206195E-6-3.435041818598093E-11i,0.007179678161721082-1.7175209011937997E-7i
34.98935663801691,0,5.1728018103257,1.4359356324938426E-6-3.4350418027455364E-11i,0.007179678161721085-1.7175209011938E-7i
33.16152584809456,0,4.73674893133985,1.435935649984906E-6-3.435041844587615E-11i,0.007179678161721085-1.7175209011937997E-7i
22.06947239736294,14.908563611463647,7.816660606249445,1.4359356268633686E-6-3.435041789276331E-11i,0.007179678161721082-1.7175209011938003E-7i
26.648663933792008,12.263611604082087,13,1.435935623651283E-6-3.4350417815923865E-11i,0.007179678161721084-1.7175209011937992E-7i
23.154537649757813,18.76899181138836,13,1.4359356224741472E-6-3.4350417787764395E-11i,0.007179678161721083-1.7175209011937995E-7i
19.393542978451173,20.292415951677878,7.476320636459171,1.4359356248223169E-6-3.435041784393728E-11i,0.007179678161721082-1.7175209011937997E-7i
18.501721386429598,19.37356837423624,5.4739295383650575,1.4359356299662806E-6-3.4350417966991065E-11i,0.007179678161721084-1.7175209011937995E-7i
18.564380809684987,17.361983130515362,7.999999999999986,1.4359356249808673E-6-3.43504178477301E-11i,0.0071796781617210845-1.7175209011937992E-7i
17.827654600086934,17.014305091102116,6.124999999999982,1.4359356309379854E-6-3.435041799023608E-11i,0.007179678161721084-1.7175209011937992E-7i
17.556214706518233,22.91473069932114,13,1.435935622507924E-6-3.435041778857234E-11i,0.007179678161721084-1.7175209011937992E-7i
15.544255616952766,17.475865554473547,6.059725334727463,1.4359356321008583E-6-3.43504180180544E-11i,0.007179678161721083-1.7175209011937997E-7i
15.81602295788621,20.54415927713746,8.017485644432664,1.4359356245979321E-6-3.435041783856952E-11i,0.007179678161721084-1.7175209011937995E-7i
12.89754140164359,21.77898614488123,8.077749399038453,1.4359356265286853E-6-3.435041788475694E-11i,0.0071796781617210845-1.7175209011937992E-7i
14.895700064023213,17.945803371731877,8.147976681716717,1.4359356264400088E-6-3.4350417882635665E-11i,0.007179678161721086-1.7175209011937995E-7i
13.944512419207049,19.89080487605045,5.499999999999993,1.4359356334747675E-6-3.4350418050920946E-11i,0.007179678161721084-1.7175209011937995E-7i
13.047639684945775,19.246131147538385,7.736343500477947,1.4359356264977334E-6-3.435041788401656E-11i,0.007179678161721085-1.7175209011937997E-7i
12.073508661806684,26.402472747372855,13,1.4359356229888361E-6-3.435041780007674E-11i,0.007179678161721084-1.7175209011937995E-7i
7.146062046901288,24.082297351356864,5.329586167385803,1.4359356336012425E-6-3.4350418053946476E-11i,0.007179678161721083-1.7175209011937997E-7i
7.232555574973234,24.91761072284658,7.599502972376073,1.4359356244015312E-6-3.435041783387121E-11i,0.007179678161721083-1.7175209011937997E-7i
6.014775955261058,29.578192275767734,13,1.4359356228239866E-6-3.435041779613329E-11i,0.0071796781617210845-1.7175209011937992E-7i
4.809221093396683,26.647689016842154,7.915741995705957,1.4359356247452098E-6-3.4350417842092706E-11i,0.007179678161721084-1.7175209011937995E-7i
9.709747149122041,22.734906939470108,7.999999999999994,1.4359356252889099E-6-3.4350417855099035E-11i,0.007179678161721084-1.7175209011937995E-7i
0,26.172150896759533,13,1.4359356178896148E-6-3.435041767809333E-11i,0.007179678161721085-1.7175209011938E-7i
0,23.192956284073727,9.23638784377425,1.435935623792254E-6-3.4350417819296145E-11i,0.007179678161721085-1.7175209011938E-7i
26.17315793298542,0,12.999999999999998,1.435935619224319E-6-3.4350417710022174E-11i,0.0071796781617210845-1.7175209011938E-7i
25.28842487004305,4.1809247212606495,8.927949954007325,1.4359356265510567E-6-3.4350417885292213E-11i,0.007179678161721085-1.7175209011937992E-7i
23.116648955000755,6.20838203416227,13,1.4359356219175936E-6-3.4350417774450574E-11i,0.007179678161721086-1.7175209011937992E-7i
3.409238418123335,23.163684019697236,7.436066396633381,1.4359356232694823E-6-3.4350417806790376E-11i,0.007179678161721083-1.7175209011937997E-7i
0,24.4654292605627,6.484779218228477,1.4359356289591161E-6-3.435041794289771E-11i,0.007179678161721085-1.7175209011938E-7i
7.135207646419996,26.473689476437077,5.499999999999998,1.4359356290577031E-6-3.4350417945256055E-11i,0.007179678161721084-1.7175209011937995E-7i
6.10526071351112,29.90181834399355,4.249999999999996,1.4359356516223275E-6-3.4350418485046515E-11i,0.0071796781617210845-1.7175209011937992E-7i
5.727165091071774,28.380370838504085,5.758497599234324,1.4359356303964645E-6-3.43504179772819E-11i,0.007179678161721084-1.7175209011937995E-7i
5.659289634256627,25.980271640766592,4.684895852603754,1.435935642635792E-6-3.4350418270070766E-11i,0.007179678161721084-1.7175209011937992E-7i
6.90313383567079,24.855394478093146,4.043052381247352,1.4359356477570972E-6-3.435041839258256E-11i,0.007179678161721086-1.7175209011937992E-7i
4.0511933626353755,25.115556397118773,5.337274283041575,1.4359356299776366E-6-3.435041796726268E-11i,0.0071796781617210845-1.7175209011937992E-7i
3.971402719033003,27.129541248702157,4.922885941137961,1.4359356391558897E-6-3.435041818682467E-11i,0.007179678161721084-1.7175209011937995E-7i
3.891612075430629,29.143526100285534,4.508497599234348,1.4359356437154783E-6-3.4350418295899054E-11i,0.0071796781617210845-1.7175209011937992E-7i
2.811831441499741,30.886034406124278,4.409709660302257,1.4359356382756525E-6-3.4350418165767627E-11i,0.007179678161721084-1.7175209011937992E-7i
0,31.15405064617526,4.537929606483093,1.4359356465683026E-6-3.4350418364144265E-11i,0.007179678161721086-1.7175209011937995E-7i
2.02559668131771,25.889062110844698,5.202627538458099,1.4359356347169899E-6-3.435041808063741E-11i,0.0071796781617210845-1.7175209011937992E-7i
2.267391451030421,28.487915990613608,4.766995198468672,1.4359356455636309E-6-3.43504183401105E-11i,0.007179678161721084-1.7175209011937992E-7i
0,26.662567824570644,5.0679807938746,1.4359356381154874E-6-3.4350418161936184E-11i,0.007179678161721085-1.7175209011937997E-7i
0,29.257085423926046,5.621843442740401,1.4359356327267811E-6-3.435041803302772E-11i,0.007179678161721085-1.7175209011938E-7i
4.541300588388521,24.12165344083146,4.182000596323372,1.4359356457317193E-6-3.435041834413154E-11i,0.007179678161721084-1.7175209011937992E-7i
2.3635875503716384,23.987813418070143,5.188588052270632,1.4359356331638544E-6-3.4350418043483326E-11i,0.007179678161721084-1.7175209011937995E-7i
2.913844582754711,24.99390670903509,4.094294026135339,1.435935650078803E-6-3.4350418448122355E-11i,0.007179678161721086-1.7175209011937995E-7i
0,24.72561974486317,4.304343892865704,1.4359356499269436E-6-3.4350418444489585E-11i,0.0071796781617210845-1.7175209011938E-7i
8.992021275734487,25.666088280050648,4.562499999999981,1.4359356437227255E-6-3.435041829607238E-11i,0.007179678161721084-1.7175209011937995E-7i
10.952337113121244,26.09533182188272,4.875000000000002,1.435935639861996E-6-3.4350418203716095E-11i,0.0071796781617210845-1.7175209011937992E-7i
15.147508900224075,22.802648473897154,5.499999999999977,1.435935632091045E-6-3.4350418017819576E-11i,0.007179678161721082-1.7175209011938003E-7i
16.310693714826723,24.782204578535488,4.874999999999973,1.4359356393026644E-6-3.43504181903358E-11i,0.007179678161721083-1.7175209011937997E-7i
14.445174208525229,25.659391244088045,4.51050506451553,1.435935646853698E-6-3.4350418370971414E-11i,0.007179678161721084-1.7175209011937992E-7i
12.765490010189549,25.93876820020908,4.875000000000002,1.435935639988148E-6-3.435041820673395E-11i,0.0071796781617210845-1.7175209011937992E-7i
13.035156930202684,23.61193550668067,4.28378181533074,1.4359356478120102E-6-3.4350418393896175E-11i,0.007179678161721086-1.7175209011937992E-7i
8.56535166283827,23.95836334044676,4.274191763538725,1.4359356456241003E-6-3.4350418341557045E-11i,0.007179678161721085-1.7175209011937992E-7i
9.349982076382537,22.67640932466494,5.499999999999982,1.435935632044658E-6-3.435041801670991E-11i,0.007179678161721084-1.7175209011937992E-7i
11.087690825124882,23.68372673486754,4.250000000000013,1.4359356480064629E-6-3.435041839854786E-11i,0.0071796781617210845-1.7175209011937992E-7i
11.633048937635053,21.623579282056888,5.448880077179962,1.4359356311848201E-6-3.43504179961409E-11i,0.007179678161721082-1.7175209011938003E-7i
9.465780124298403,19.647294098031214,5.500000000000009,1.4359356314313298E-6-3.4350418002037907E-11i,0.007179678161721084-1.7175209011937995E-7i
4.918393032922759,22.78012710086635,5.3372742830415785,1.4359356310666035E-6-3.435041799331296E-11i,0.007179678161721083-1.7175209011937997E-7i
6.3401619723039,22.92405437644136,4.038854695903906,1.4359356482730275E-6-3.435041840492459E-11i,0.0071796781617210845-1.7175209011937992E-7i
6.691369983670344,20.63428875262688,5.499999999999984,1.4359356335806522E-6-3.435041805345397E-11i,0.007179678161721086-1.7175209011937992E-7i
8.139092653329001,22.33820466233248,4.249999999999982,1.435935645456721E-6-3.435041833755299E-11i,0.0071796781617210845-1.7175209011937992E-7i
9.929042484855835,20.82364704901563,4.24999999999998,1.4359356502845519E-6-3.435041845304426E-11i,0.007179678161721085-1.7175209011937992E-7i
16.940497222279827,21.017104533194324,5.499999999999974,1.435935628472371E-6-3.435041793125375E-11i,0.007179678161721084-1.7175209011937995E-7i
16.264477245199874,22.00855226659721,4.250000000000008,1.435935640708752E-6-3.4350418223972184E-11i,0.007179678161721085-1.7175209011937992E-7i
13.572521976511412,21.59555698473605,4.874999999999983,1.4359356414989726E-6-3.4350418242875846E-11i,0.007179678161721084-1.7175209011937992E-7i
11.84455607966364,20.439564586446384,4.249999999999984,1.4359356467312374E-6-3.4350418368041953E-11i,0.0071796781617210845-1.7175209011937992E-7i
17.003454664172384,19.48627447971017,4.252207369060052,1.4359356478291954E-6-3.4350418394307284E-11i,0.007179678161721084-1.7175209011937992E-7i
14.766484843663468,20.44540243802525,4.250000000000003,1.4359356477190206E-6-3.435041839167168E-11i,0.007179678161721085-1.7175209011937992E-7i
13.203426345317796,19.124953233115306,4.250000000000007,1.4359356477703605E-6-3.435041839289985E-11i,0.0071796781617210845-1.7175209011937992E-7i
15.737549211033606,18.025187557236364,4.325389580567119,1.4359356459401317E-6-3.4350418349117166E-11i,0.007179678161721084-1.7175209011937992E-7i
17.449035109363063,16.434855011723176,4.562499999999995,1.4359356405867903E-6-3.4350418221054615E-11i,0.007179678161721085-1.7175209011937992E-7i
18.645721697148797,18.174962800599342,4.249999999999989,1.4359356443675066E-6-3.435041831149682E-11i,0.0071796781617210845-1.7175209011937992E-7i
12.392860384340318,17.816835063021912,5.5493421052631575,1.435935634480207E-6-3.4350418074973084E-11i,0.007179678161721082-1.7175209011938003E-7i
11.310089996619618,18.341231511211593,4.148051083785487,1.43593564645131E-6-3.4350418361345564E-11i,0.0071796781617210845-1.7175209011937992E-7i
14.438530964931466,16.64869347998811,4.537726655887048,1.4359356460633147E-6-3.435041835206392E-11i,0.007179678161721084-1.7175209011937992E-7i
25.067796651189656,12.306521287878716,7.999999999999996,1.4359356235726733E-6-3.4350417814043373E-11i,0.0071796781617210845-1.7175209011937992E-7i
26.728720052837392,9.538433234826368,7.578252635663941,1.4359356229975608E-6-3.4350417800285524E-11i,0.007179678161721084-1.7175209011937992E-7i
27.728162394012255,2.1481532215356207,7.904362812728965,1.4359356277870635E-6-3.4350417914859946E-11i,0.007179678161721083-1.7175209011937997E-7i
27.10704602587469,0,8.063770307409033,1.435935631068684E-6-3.4350417993362785E-11i,0.007179678161721084-1.7175209011937997E-7i
29.248346251740017,2.137740464101379,5.9721316457644,1.4359356328284117E-6-3.435041803545889E-11i,0.0071796781617210845-1.7175209011937992E-7i
25.826661823513117,3.7171590180016487,6.8684816991309185,1.4359356306350165E-6-3.435041798298856E-11i,0.007179678161721086-1.7175209011937992E-7i
25.494600507897747,7.131165696983124,7.950055519633835,1.4359356255103308E-6-3.435041786039593E-11i,0.007179678161721083-1.7175209011937997E-7i
22.867957205304197,9.158654550201758,8.16966407655267,1.4359356240080821E-6-3.4350417824459186E-11i,0.007179678161721084-1.7175209011937992E-7i
25.837876425431414,5.605144776338579,6.126386462609236,1.435935631399146E-6-3.4350418001268054E-11i,0.007179678161721085-1.7175209011937992E-7i
23.94846921037973,4.694378364616926,6.842427829842293,1.4359356277584962E-6-3.435041791417654E-11i,0.007179678161721086-1.7175209011937995E-7i
20.547604958710735,11.866794480911706,8.000000000000002,1.4359356233809288E-6-3.4350417809456444E-11i,0.007179678161721086-1.7175209011937992E-7i
19.95803525806646,14.398601942985104,5.4999999999999805,1.4359356316594578E-6-3.435041800749519E-11i,0.007179678161721084-1.7175209011937995E-7i
17.974735407823438,13.045798938969286,7.878593038551936,1.4359356237286711E-6-3.435041781777509E-11i,0.007179678161721084-1.7175209011937995E-7i
17.052029623090824,14.769911391009902,6.569081211426146,1.4359356276004657E-6-3.435041791039612E-11i,0.007179678161721082-1.7175209011938E-7i
25.848624165377007,11.7340445305246,5.500000000000008,1.4359356320784693E-6-3.4350418017518786E-11i,0.007179678161721082-1.7175209011938003E-7i
25.92431208268848,12.795225495537814,4.2500000000000036,1.4359356519877414E-6-3.4350418493787934E-11i,0.0071796781617210845-1.7175209011937992E-7i
23.09095846293318,14.755533933252044,4.890053256532097,1.4359356403825158E-6-3.435041821616804E-11i,0.007179678161721085-1.7175209011937992E-7i
20.7581656047995,18.022838527237028,4.8750000000000115,1.4359356376139378E-6-3.4350418149938104E-11i,0.007179678161721082-1.7175209011937997E-7i
21.446464160616557,16.20200957649436,5.812499999999985,1.4359356229093955E-6-3.435041779817642E-11i,0.007179678161721084-1.7175209011937992E-7i
19.714164578745407,16.324456693391735,4.874999999999967,1.4359356368757147E-6-3.4350418132278386E-11i,0.0071796781617210845-1.7175209011937992E-7i
22.226534545467775,15.26784990061713,4.015624999999994,1.4359356444593517E-6-3.435041831369398E-11i,0.007179678161721085-1.7175209011937997E-7i
23.751848101529113,12.876375913117602,5.0289925505207975,1.4359356413191814E-6-3.4350418238574914E-11i,0.007179678161721085-1.7175209011937992E-7i
24.015765141086273,11.344365304275732,4.250000000000019,1.435935648808814E-6-3.4350418417741743E-11i,0.007179678161721085-1.7175209011937992E-7i
21.494782770119496,12.48148844927722,5.499999999999999,1.4359356348216827E-6-3.4350418083141874E-11i,0.007179678161721082-1.7175209011938E-7i
20.97901762903322,14.127504201768042,4.2500000000000036,1.4359356475564406E-6-3.435041838778241E-11i,0.0071796781617210845-1.7175209011937992E-7i
15.655668180532372,15.50509652916146,4.7682947682650605,1.4359356414407785E-6-3.435041824148374E-11i,0.007179678161721083-1.7175209011937997E-7i
17.548884174449736,14.423107776835524,4.404605414095059,1.43593564394454E-6-3.435041830137864E-11i,0.007179678161721084-1.7175209011937995E-7i
18.753260820694017,13.390614176518522,4.527098435697925,1.435935643408344E-6-3.435041828855173E-11i,0.0071796781617210845-1.7175209011937992E-7i
20.24739138505975,12.302922051129675,4.250000000000001,1.4359356481218728E-6-3.435041840130866E-11i,0.007179678161721085-1.7175209011937997E-7i
21.058324477500417,5.702267228434412,8.000000000000009,1.4359356266002848E-6-3.435041788646988E-11i,0.007179678161721083-1.7175209011937997E-7i
19.279121186984145,8.899336752626366,8.000000000000012,1.4359356239218838E-6-3.4350417822397174E-11i,0.0071796781617210845-1.7175209011937992E-7i
22.13626773088904,2.9571063566099904,8.11543455560642,1.4359356224208967E-6-3.4350417786490614E-11i,0.007179678161721083-1.7175209011937997E-7i
20.851310578918547,8.459082124803754,6.750000000000003,1.435935629728843E-6-3.4350417961311113E-11i,0.007179678161721084-1.7175209011937992E-7i
23.96619976089413,2.1658095802314765,6.347364995094667,1.4359356351793201E-6-3.4350418091697325E-11i,0.007179678161721084-1.7175209011937995E-7i
24.174798285080158,0,8.363987857060618,1.435935627563458E-6-3.435041790951086E-11i,0.007179678161721086-1.7175209011937995E-7i
27.885617351980628,10.30566421705398,5.362336831306705,1.4359356380142496E-6-3.435041815951442E-11i,0.007179678161721084-1.7175209011937995E-7i
28.117231751791113,8.344836493133414,4.562500000000018,1.4359356451120691E-6-3.435041832930826E-11i,0.0071796781617210845-1.7175209011937992E-7i
26.02916223875022,8.04728603692383,5.500000000000027,1.4359356326517075E-6-3.435041803123185E-11i,0.007179678161721083-1.7175209011937997E-7i
28.31358430696185,6.07560409350685,5.5000000000000036,1.4359356341495466E-6-3.435041806706314E-11i,0.007179678161721084-1.7175209011937995E-7i
30.865809569134125,6.065534393244988,4.171235864867127,1.4359356459500047E-6-3.435041834935332E-11i,0.007179678161721086-1.7175209011937992E-7i
27.156792153480925,6.501903661891197,4.250000000000016,1.4359356519765273E-6-3.4350418493519675E-11i,0.007179678161721085-1.7175209011937992E-7i
27.479528494948188,4.29804378273352,5.153945108165005,1.4359356348254624E-6-3.4350418083232275E-11i,0.007179678161721083-1.7175209011937997E-7i
31.95879542783214,2.481362249182834,4.983968653371365,1.4359356421653847E-6-3.435041825881779E-11i,0.007179678161721082-1.7175209011937997E-7i
29.827770831771968,4.041701299295526,4.37782391234122,1.4359356433076704E-6-3.4350418286143505E-11i,0.007179678161721084-1.7175209011937992E-7i
26.594999169525778,0,5.736963398261771,1.4359356396699002E-6-3.4350418199120887E-11i,0.007179678161721086-1.7175209011937992E-7i
27.99159860295519,2.196695684819117,4.269863933336221,1.4359356504444433E-6-3.435041845686922E-11i,0.007179678161721086-1.7175209011937992E-7i
29.991598602955158,2.1966956848190726,4.2698639333362,1.4359356483083353E-6-3.435041840576929E-11i,0.007179678161721085-1.7175209011937992E-7i
28.71357282872074,0,5.668304194422394,1.4359356317820959E-6-3.4350418010428995E-11i,0.007179678161721085-1.7175209011937997E-7i
31.326286224319297,0,5.515562436357289,1.4359356357679966E-6-3.43504181057796E-11i,0.007179678161721085-1.7175209011937997E-7i
18.63956059349206,7.9137699914509385,5.500000000000003,1.4359356330342407E-6-3.4350418040382756E-11i,0.007179678161721084-1.7175209011937992E-7i
17.487251061242837,6.281658364169592,7.649050700747201,1.4359356237701861E-6-3.435041781876825E-11i,0.007179678161721084-1.7175209011937992E-7i
8.196991677286949,19.82364704901561,4.2499999999999885,1.4359356414414286E-6-3.435041824149924E-11i,0.007179678161721084-1.7175209011937992E-7i
5.943761203188498,19.81714437631345,4.249999999999984,1.4359356463080625E-6-3.4350418357918794E-11i,0.007179678161721084-1.7175209011937995E-7i
0,21.398879948308203,6.698194264332599,1.4359356231076016E-6-3.435041780291791E-11i,0.007179678161721085-1.7175209011937997E-7i
4.276243026509925,19.774135076231598,5.797160892657261,1.4359356310314119E-6-3.43504179924711E-11i,0.007179678161721083-1.7175209011937997E-7i
19.86075801915852,0,7.357819495408085,1.4359356262592621E-6-3.435041787831191E-11i,0.007179678161721086-1.7175209011937995E-7i
18.72956341555098,1.425566807108614,6.703226241862355,1.4359356307829938E-6-3.435041798652852E-11i,0.0071796781617210845-1.7175209011937992E-7i
18.656596020958904,3.215890231897357,8.908562189606654,1.4359356247630206E-6-3.4350417842518814E-11i,0.007179678161721085-1.7175209011937992E-7i
13.885612053610133,15.195497236440362,8.000000000000005,1.435935626315632E-6-3.435041787966034E-11i,0.007179678161721082-1.7175209011938E-7i
19.921963181753895,12.091049918706446,13,1.4359356236831382E-6-3.4350417816685853E-11i,0.0071796781617210845-1.7175209011937992E-7i
16.989770058738074,17.46215749563511,13,1.4359356224792588E-6-3.4350417787886714E-11i,0.007179678161721086-1.7175209011937992E-7i
15.433414916837883,11.336358364766816,9.822948501586863,1.4359356227955534E-6-3.435041779545304E-11i,0.007179678161721086-1.7175209011937995E-7i
6.454536737065199,21.268577505253763,8.000000000000002,1.4359356250666622E-6-3.4350417849782455E-11i,0.007179678161721083-1.7175209011937997E-7i
10.271306210752392,18.294588196062406,7.999999999999996,1.435935624893642E-6-3.435041784564346E-11i,0.007179678161721084-1.7175209011937995E-7i
11.882358383660375,19.589176392124756,13,1.4359356217962504E-6-3.4350417771547745E-11i,0.0071796781617210845-1.7175209011937992E-7i
0,19.45005247203636,8.637959401634197,1.4359356234108229E-6-3.435041781017153E-11i,0.007179678161721084-1.7175209011937997E-7i
3.2272683685325996,20.359314988645057,8.318979700817115,1.4359356235785612E-6-3.43504178141842E-11i,0.007179678161721084-1.7175209011937992E-7i
0,18.392216319784815,6.507013777935924,1.435935629098091E-6-3.4350417946222215E-11i,0.007179678161721086-1.7175209011937995E-7i
6.024170087284517,22.894757905748406,13,1.4359356230947324E-6-3.435041780261001E-11i,0.007179678161721086-1.7175209011937992E-7i
5.343975853134432,17.80069072641397,7.235725113190807,1.435935625685427E-6-3.435041786458458E-11i,0.007179678161721085-1.7175209011937992E-7i
3.0851451051789778,16.79820912444822,6.532357019763455,1.4359356300501657E-6-3.435041796899778E-11i,0.007179678161721083-1.7175209011937997E-7i
2.778614577263167,16.786726954260043,8.61522245467169,1.4359356235486008E-6-3.435041781346747E-11i,0.007179678161721086-1.7175209011937995E-7i
0,15.85380044824501,9.11065830001833,1.4359356243744385E-6-3.4350417833223146E-11i,0.007179678161721085-1.7175209011938E-7i
0,19.37141259173085,13,1.4359356225479186E-6-3.435041778952917E-11i,0.007179678161721084-1.7175209011937997E-7i
16.11539607416836,5.947978098166743,13,1.4359356246172377E-6-3.435041783903138E-11i,0.007179678161721084-1.7175209011937995E-7i
19.371290876325734,0,13,1.4359356220005062E-6-3.4350417776434023E-11i,0.007179678161721084-1.7175209011937997E-7i
10.79456792422279,15.478267208133044,7.956420339216492,1.4359356257512787E-6-3.435041786615985E-11i,0.0071796781617210845-1.7175209011937992E-7i
13.010381903320315,15.086081608441974,5.499999999999979,1.435935636900126E-6-3.4350418132862375E-11i,0.007179678161721086-1.7175209011937992E-7i
7.210528469942692,18.01855985832991,5.624234112341099,1.4359356331216457E-6-3.435041804247365E-11i,0.007179678161721083-1.7175209011937997E-7i
9.71123198019719,16.703515975905958,5.501495736945138,1.4359356337774823E-6-3.435041805816252E-11i,0.007179678161721084-1.7175209011937992E-7i
9.01038891836969,18.249647224209863,4.041932948004885,1.4359356439552572E-6-3.4350418301635034E-11i,0.007179678161721084-1.7175209011937992E-7i
10.380460301835184,16.80679062785485,4.048490336214142,1.4359356478901754E-6-3.4350418395766036E-11i,0.007179678161721086-1.7175209011937992E-7i
12.408533650333235,13.800266299418855,6.749999999999991,1.4359356264495313E-6-3.435041788286345E-11i,0.007179678161721086-1.7175209011937992E-7i
16.540633484414695,9.564911735297917,7.683088328749558,1.435935622448687E-6-3.435041778715537E-11i,0.007179678161721084-1.7175209011937995E-7i
16.051286334982223,3.826211915524059,6.780139196799829,1.435935627880852E-6-3.435041791710357E-11i,0.007179678161721082-1.7175209011937997E-7i
14.58049310310993,7.327959951425635,8,1.4359356240945712E-6-3.435041782652817E-11i,0.007179678161721083-1.7175209011937997E-7i
14.169224478776236,11.30507634461239,7.040045177560634,1.4359356242129E-6-3.435041782935884E-11i,0.007179678161721082-1.7175209011937997E-7i
2.7015784194255663,22.086564725295588,5.174548566083164,1.4359356390289189E-6-3.4350418183787246E-11i,0.007179678161721084-1.7175209011937995E-7i
2.0419729440316896,20.244837634540307,5.934245612504919,1.435935624898635E-6-3.435041784576295E-11i,0.007179678161721085-1.7175209011937992E-7i
3.8379060053787115,20.839828747161288,4.32974492520429,1.4359356489538478E-6-3.435041842121121E-11i,0.007179678161721086-1.7175209011937992E-7i
0,22.94363201006404,4.6714483352256835,1.4359356424219166E-6-3.435041826495448E-11i,0.007179678161721085-1.7175209011938E-7i
11.76698251171123,15.59174961082455,4.482555856147212,1.435935642675682E-6-3.435041827102502E-11i,0.007179678161721084-1.7175209011937995E-7i
13.957942655952719,15.019068911719396,4.203970789655588,1.4359356462175121E-6-3.4350418355752615E-11i,0.007179678161721086-1.7175209011937992E-7i
14.251285104988163,12.745783406652249,5.381529666719944,1.4359356318337083E-6-3.435041801166365E-11i,0.007179678161721083-1.7175209011937997E-7i
12.183354150066965,13.390272175829901,4.8749999999999725,1.4359356417565324E-6-3.4350418249037204E-11i,0.007179678161721083-1.7175209011937997E-7i
15.089116099416437,13.421779604735589,4.192250425404064,1.4359356448821446E-6-3.435041832380804E-11i,0.0071796781617210845-1.7175209011937992E-7i
23.031530282172533,10.564374955569336,5.5000000000000195,1.4359356326350343E-6-3.4350418030832956E-11i,0.007179678161721083-1.7175209011937997E-7i
23.977408764104748,8.303477059123946,5.187500000000004,1.435935639613807E-6-3.435041819777899E-11i,0.0071796781617210845-1.7175209011937992E-7i
24.988704382052365,9.347890952268598,4.093750000000012,1.435935649251292E-6-3.435041842832663E-11i,0.007179678161721086-1.7175209011937992E-7i
24.963956015565838,6.40521287886914,4.59212042478273,1.4359356423554699E-6-3.4350418263365006E-11i,0.007179678161721084-1.7175209011937992E-7i
22.16872146469767,4.303413720124007,5.5454984821325946,1.435935633378291E-6-3.435041804861312E-11i,0.007179678161721086-1.7175209011937992E-7i
25.413330911756578,4.456655720354142,4.934240849565475,1.4359356428512577E-6-3.4350418275225225E-11i,0.007179678161721082-1.7175209011937997E-7i
26.413330911756567,2.72460491278529,4.934240849565483,1.435935642770464E-6-3.435041827329244E-11i,0.007179678161721084-1.7175209011937995E-7i
24.668325032237185,0,4.87929234740197,1.435935647556092E-6-3.4350418387774134E-11i,0.0071796781617210845-1.7175209011937995E-7i
24.321221603381893,1.5788088073387168,4.76532156898305,1.435935645342825E-6-3.435041833482838E-11i,0.0071796781617210845-1.7175209011937992E-7i
21.808280690645116,2.2915922108930293,5.590996964265191,1.4359356293121313E-6-3.4350417951342566E-11i,0.0071796781617210845-1.7175209011937992E-7i
22.90414034532254,2.8778469130154036,4.295498482132609,1.435935647052779E-6-3.435041837573392E-11i,0.0071796781617210845-1.7175209011937992E-7i
21.925655289459275,8.559668081324059,4.874999999999982,1.4359356399281775E-6-3.435041820529934E-11i,0.007179678161721085-1.7175209011937992E-7i
22.52916223875021,6.315235229354978,5.499999999999998,1.4359356365565087E-6-3.43504181246424E-11i,0.007179678161721083-1.7175209011937997E-7i
22.988704382052354,7.615840144699728,4.093749999999978,1.435935651242999E-6-3.4350418475972215E-11i,0.007179678161721086-1.7175209011937992E-7i
20.372717793102662,7.557314644201409,4.562499999999996,1.4359356455851182E-6-3.4350418340624516E-11i,0.0071796781617210845-1.7175209011937992E-7i
20.63690123967766,10.760927254287903,4.2500000000000115,1.4359356477252615E-6-3.435041839182096E-11i,0.007179678161721085-1.7175209011937992E-7i
19.273802479355346,11.12954966316251,5.5000000000000115,1.435935633706114E-6-3.435041805645527E-11i,0.007179678161721082-1.7175209011937997E-7i
17.311130603969097,12.129948586285824,5.499999999999997,1.435935633109816E-6-3.435041804219059E-11i,0.007179678161721084-1.7175209011937992E-7i
15.616526289180026,9.960991315888693,5.500000000000026,1.435935633073743E-6-3.435041804132769E-11i,0.007179678161721084-1.7175209011937995E-7i
17.468153292963034,9.557014367160392,4.875000000000022,1.4359356382396716E-6-3.435041816490694E-11i,0.007179678161721084-1.7175209011937992E-7i
16.194501607575468,12.115855610607992,4.249999999999994,1.435935647555987E-6-3.435041838777161E-11i,0.0071796781617210845-1.7175209011937992E-7i
14.613495615498605,11.5022107949897,4.250000000000001,1.43593564546252E-6-3.435041833769173E-11i,0.007179678161721085-1.7175209011937997E-7i
19.319780296746035,9.153037418432094,4.250000000000018,1.435935646872099E-6-3.435041837141165E-11i,0.0071796781617210845-1.7175209011937992E-7i
15.930075909900731,7.849948354663391,5.4122626751868115,1.4359356313319303E-6-3.4350417999660047E-11i,0.007179678161721084-1.7175209011937992E-7i
18.90125239581239,4.023643018461888,5.781792962068912,1.4359356262211164E-6-3.435041787739934E-11i,0.007179678161721084-1.7175209011937992E-7i
20.715207317281298,5.1694391239084325,5.640896481034455,1.4359356373379806E-6-3.435041814333675E-11i,0.007179678161721082-1.7175209011937997E-7i
21.084360732348813,3.883757667630867,4.272749241066285,1.4359356509323254E-6-3.435041846854031E-11i,0.007179678161721085-1.7175209011937992E-7i
22.630445762008808,0,5.399036178266064,1.4359356338078772E-6-3.435041805888965E-11i,0.007179678161721086-1.7175209011937995E-7i
20.403218804117618,2.2061266891551417,4.2548655488162,1.435935643814592E-6-3.435041829827004E-11i,0.007179678161721085-1.7175209011937992E-7i
20.546246361956147,0,4.5625095734678744,1.4359356423355182E-6-3.4350418262887684E-11i,0.007179678161721085-1.7175209011937997E-7i
12.156762823353898,10.967987230358304,5.349822946051745,1.4359356293929952E-6-3.435041795327693E-11i,0.007179678161721084-1.7175209011937992E-7i
16.243625530621436,5.738905393438089,5.324525350373596,1.4359356321013633E-6-3.435041801806648E-11i,0.007179678161721084-1.7175209011937992E-7i
18.819780296746053,6.554961207078765,4.250000000000009,1.4359356417442676E-6-3.4350418248743794E-11i,0.007179678161721084-1.7175209011937992E-7i
16.96503795495035,7.389075792469454,4.206131337593403,1.435935642974212E-6-3.435041827816647E-11i,0.007179678161721085-1.7175209011937992E-7i
17.9506261979062,4.609897720584279,4.39089648103448,1.4359356418150923E-6-3.435041825043805E-11i,0.007179678161721084-1.7175209011937992E-7i
18.864781707775474,1.5788088073387334,4.8516131209312,1.4359356404497383E-6-3.4350418217776084E-11i,0.007179678161721084-1.7175209011937995E-7i
18.656622039477256,0,4.8428665595869,1.4359356396173078E-6-3.435041819786276E-11i,0.007179678161721084-1.7175209011937997E-7i
6.958220791719457,17.61530707900793,4.014790002782498,1.435935651654255E-6-3.4350418485810274E-11i,0.007179678161721086-1.7175209011937992E-7i
4.703931409163122,18.339828747161274,4.329744925204257,1.4359356435422217E-6-3.4350418291754394E-11i,0.007179678161721084-1.7175209011937995E-7i
5.635272308234908,16.12596053983278,5.208710993062168,1.4359356345105876E-6-3.4350418075699865E-11i,0.007179678161721084-1.7175209011937995E-7i
2.5176397838831917,19.704966138152287,4.305642815673714,1.435935645013794E-6-3.43504183269573E-11i,0.007179678161721085-1.7175209011937992E-7i
0,20.824397490427973,4.837341702958929,1.4359356400885522E-6-3.435041820913579E-11i,0.007179678161721085-1.7175209011937997E-7i
2.2577407566759415,17.67512253950796,5.088656128831107,1.4359356366146444E-6-3.435041812603298E-11i,0.007179678161721084-1.7175209011937992E-7i
0,18.674878697501487,4.176271034640534,1.4359356461610148E-6-3.4350418354401105E-11i,0.007179678161721085-1.7175209011937997E-7i
3.7671895348475326,17.102398973438603,4.629146903670687,1.4359356440769748E-6-3.4350418304546704E-11i,0.007179678161721085-1.7175209011937992E-7i
0,16.84292159770942,4.52592668525341,1.4359356385636443E-6-3.435041817265697E-11i,0.0071796781617210845-1.7175209011937997E-7i
0,15.110714100398617,6.354624515324462,1.4359356289748997E-6-3.435041794327526E-11i,0.007179678161721086-1.7175209011937995E-7i
2.0073443853049717,15.469539665095471,4.772801285101464,1.4359356384817152E-6-3.43504181706971E-11i,0.007179678161721084-1.7175209011937995E-7i
3.7170681649535973,15.02114850453367,4.281083307496189,1.4359356436140846E-6-3.435041829347346E-11i,0.007179678161721084-1.7175209011937992E-7i
0,14.983631508840872,4.413415947932769,1.4359356477774489E-6-3.4350418393069434E-11i,0.007179678161721084-1.7175209011937997E-7i
4.378738143408385,13.956320757365308,5.867313943839833,1.4359356345987773E-6-3.435041807780952E-11i,0.0071796781617210845-1.7175209011937992E-7i
2.057767934477273,13.21925690253675,5.385818551222272,1.4359356353030388E-6-3.435041809465689E-11i,0.007179678161721086-1.7175209011937992E-7i
12.016644065174424,9.161619794637634,7.62775847100645,1.4359356214483028E-6-3.435041776322421E-11i,0.0071796781617210845-1.7175209011937992E-7i
16.34769046775079,2.6980153916408462,5.149050700747196,1.435935634925532E-6-3.4350418085626136E-11i,0.007179678161721083-1.7175209011937997E-7i
16.81026876789312,0,6.596202802988756,1.4359356338834067E-6-3.435041806069645E-11i,0.007179678161721085-1.7175209011937997E-7i
16.819569633946855,0,4.390862682345183,1.4359356465382124E-6-3.435041836342445E-11i,0.0071796781617210845-1.7175209011938E-7i
16.54668510574902,0,9.127171848275573,1.4359356282118842E-6-3.4350417925022454E-11i,0.007179678161721085-1.7175209011937997E-7i
15.093789233349035,0,4.925912618655506,1.4359356425263033E-6-3.4350418267451653E-11i,0.007179678161721085-1.7175209011938E-7i
12.267839418593322,4.887174444199595,7.5665806046672275,1.435935622953938E-6-3.435041779924194E-11i,0.007179678161721084-1.7175209011937992E-7i
14.504427805126372,2.2178689601306263,8.388111274511402,1.435935626887038E-6-3.4350417893329495E-11i,0.007179678161721084-1.7175209011937992E-7i
7.361999920976028,14.879745315630876,7.992538529200683,1.435935624969809E-6-3.4350417847465606E-11i,0.007179678161721082-1.7175209011937997E-7i
7.239302029414875,14.430135781130419,5.499999999999987,1.4359356375235827E-6-3.435041814777665E-11i,0.0071796781617210845-1.7175209011937992E-7i
12.139677260809634,12.261534133776621,13,1.4359356233105774E-6-3.4350417807773474E-11i,0.007179678161721084-1.7175209011937992E-7i
9.712041683013686,11.799986439488572,7.229717596157504,1.4359356258572014E-6-3.4350417868693775E-11i,0.007179678161721083-1.7175209011937997E-7i
5.937570400425301,16.17955211526666,13,1.4359356235173163E-6-3.435041781271909E-11i,0.007179678161721084-1.7175209011937992E-7i
2.8166783654262515,13.705172632758504,8.333098662564614,1.4359356255875292E-6-3.43504178622427E-11i,0.007179678161721084-1.7175209011937995E-7i
0,12.186980038387325,8.150013140065413,1.435935622394758E-6-3.435041778586527E-11i,0.007179678161721085-1.7175209011938E-7i
0,12.359077028754562,5.234133817428196,1.4359356387789658E-6-3.4350418177807874E-11i,0.007179678161721085-1.7175209011937997E-7i
0,12.57990178720213,12.999999999999998,1.4359356214222536E-6-3.435041776260108E-11i,0.007179678161721084-1.7175209011937997E-7i
11.678527727962294,7.018717629784917,7.046251071906517,1.4359356216883267E-6-3.435041776896608E-11i,0.007179678161721086-1.7175209011937995E-7i
9.252720327655481,5.249738833562702,13,1.435935626768156E-6-3.435041789048562E-11i,0.007179678161721084-1.7175209011937992E-7i
12.579755200050927,0,13.000000000000002,1.4359356209074509E-6-3.4350417750285927E-11i,0.007179678161721084-1.7175209011937997E-7i
9.848826671746494,14.018945319326141,5.427814586100798,1.4359356295677957E-6-3.435041795745853E-11i,0.007179678161721083-1.7175209011937997E-7i
10.177713695445592,15.032691766722078,4.249999999999989,1.435935645473258E-6-3.4350418337948586E-11i,0.007179678161721085-1.7175209011937992E-7i
7.9497780336296255,15.715067890565232,4.250000000000006,1.4359356481966273E-6-3.435041840309693E-11i,0.007179678161721083-1.7175209011937997E-7i
6.217727226060744,13.715067890565207,4.249999999999983,1.4359356503909892E-6-3.435041845559051E-11i,0.007179678161721084-1.7175209011937995E-7i
7.939429607858153,13.717300701035693,4.249999999999993,1.4359356489403262E-6-3.435041842088774E-11i,0.007179678161721085-1.7175209011937992E-7i
13.112357701975384,10.952052735738762,4.311970349638303,1.4359356446699974E-6-3.4350418318733045E-11i,0.007179678161721084-1.7175209011937992E-7i
10.449641534729295,12.360147432041517,4.874999999999989,1.4359356417412878E-6-3.4350418248672534E-11i,0.0071796781617210845-1.7175209011937992E-7i
13.820897027990423,2.7695003396375215,5.3569222857480465,1.43593564027794E-6-3.4350418213666354E-11i,0.007179678161721084-1.7175209011937995E-7i
14.410448513995226,3.982826381172057,4.17846114287402,1.435935649527314E-6-3.435041843492962E-11i,0.0071796781617210845-1.7175209011937992E-7i
16.121812765310743,4.601503504287941,4.162262675186803,1.435935644645565E-6-3.435041831814856E-11i,0.007179678161721086-1.7175209011937995E-7i
13.813041617580694,8.017950878055066,5.499999999999977,1.4359356304366607E-6-3.435041797824348E-11i,0.007179678161721084-1.7175209011937995E-7i
13.231085252251843,5.681970575268404,5.3245253503736185,1.4359356346855448E-6-3.4350418079885205E-11i,0.007179678161721084-1.7175209011937992E-7i
15.12181276531072,6.333554311856806,4.16226267518682,1.4359356416346207E-6-3.435041824612077E-11i,0.007179678161721084-1.7175209011937992E-7i
13.957430295440147,9.063746141760022,4.455366122832165,1.43593564429877E-6-3.435041830985253E-11i,0.007179678161721085-1.7175209011937992E-7i
7.876211277210373,11.260565039713258,5.273759771452731,1.4359356374784956E-6-3.435041814669811E-11i,0.007179678161721082-1.7175209011937997E-7i
9.972236682191024,8.697330912534865,5.499999999999999,1.4359356358715258E-6-3.4350418108256234E-11i,0.007179678161721084-1.7175209011937992E-7i
8.608327162950804,11.760237626289818,3.9599992653224674,1.435935649530248E-6-3.435041843499982E-11i,0.007179678161721085-1.7175209011937992E-7i
11.508913407121243,8.70263635860968,4.249999999999977,1.4359356477010177E-6-3.435041839124103E-11i,0.007179678161721082-1.7175209011937997E-7i
10.63436035226101,10.77732087067317,4.26582098177183,1.435935645681211E-6-3.435041834292325E-11i,0.007179678161721084-1.7175209011937992E-7i
8.855574394291923,9.416054597419258,4.254687910627038,1.4359356454673599E-6-3.4350418337807513E-11i,0.007179678161721085-1.7175209011937992E-7i
6.332502488307892,11.559208510466716,4.116543501789821,1.4359356456857756E-6-3.4350418343032425E-11i,0.007179678161721086-1.7175209011937992E-7i
4.981561272738934,11.579436776318927,5.537503285016335,1.4359356329080028E-6-3.4350418037362926E-11i,0.007179678161721084-1.7175209011937992E-7i
1.0288839672386143,13.609628451268378,4.192909275611157,1.435935647657878E-6-3.435041839020902E-11i,0.0071796781617210845-1.7175209011937992E-7i
3.789818742046126,13.039718388159464,4.268751642508145,1.4359356486670774E-6-3.435041841435111E-11i,0.0071796781617210845-1.7175209011937992E-7i
1.8949093710230906,12.109628451268398,4.192909275611126,1.4359356485961295E-6-3.435041841265385E-11i,0.0071796781617210845-1.7175209011937992E-7i
0,10.480968486763068,4.104500372476835,1.4359356407357337E-6-3.4350418224617656E-11i,0.007179678161721084-1.7175209011937997E-7i
8.67237484638658,8.042036788398635,7.791373019266972,1.4359356276271543E-6-3.435041791103456E-11i,0.007179678161721082-1.7175209011938E-7i
4.766970122771282,12.15887355263781,8.075006570032707,1.435935627033875E-6-3.435041789684212E-11i,0.007179678161721084-1.7175209011937992E-7i
2.923793338261683,11.065752014062639,5.83388824520821,1.4359356297730097E-6-3.435041796236766E-11i,0.007179678161721082-1.7175209011938003E-7i
12.369999329686546,7.192303466939045,4.787262675186798,1.435935641678653E-6-3.4350418247174187E-11i,0.007179678161721084-1.7175209011937995E-7i
12.615542626125924,4.573036095203077,4.162262675186831,1.4359356458482026E-6-3.4350418346918035E-11i,0.0071796781617210845-1.7175209011937992E-7i
10.608842636993119,5.929090652827552,5.365010598564124,1.4359356323875794E-6-3.4350418024913354E-11i,0.007179678161721084-1.7175209011937995E-7i
13.270085345934447,0,7.6314227136019,1.4359356296154256E-6-3.43504179585979E-11i,0.007179678161721086-1.7175209011937995E-7i
12.985225370091428,0,4.66707930792087,1.4359356483214046E-6-3.435041840608191E-11i,0.0071796781617210845-1.7175209011938E-7i
12.147051794115052,2.2865180476015605,4.282396935374426,1.4359356465872465E-6-3.4350418364597367E-11i,0.007179678161721084-1.7175209011937992E-7i
9.007534898735312,4.837271608420997,7.348453824855112,1.4359356302651342E-6-3.435041797414027E-11i,0.007179678161721085-1.7175209011937992E-7i
11.294103588230062,2.840985287634202,5.564793870748898,1.435935633484029E-6-3.4350418051142547E-11i,0.007179678161721084-1.7175209011937995E-7i
10.376973629245459,4.730731881406104,4.250000000000022,1.435935647878398E-6-3.4350418395484336E-11i,0.007179678161721085-1.7175209011937992E-7i
10.424084881018217,2.399463467043656,8.074012044020833,1.4359356251137074E-6-3.435041785090794E-11i,0.0071796781617210845-1.7175209011937992E-7i
8.466434769324819,6.2008464383241995,5.3619099365182405,1.4359356343154854E-6-3.435041807103269E-11i,0.007179678161721084-1.7175209011937992E-7i
7.2012866806916564,6.753035929391345,6.703992080267478,1.4359356334117527E-6-3.43504180494136E-11i,0.007179678161721085-1.7175209011937997E-7i
4.694865886841853,9.339451593151807,13,1.4359356221273253E-6-3.435041777946776E-11i,0.007179678161721084-1.7175209011937992E-7i
2.383485061385627,10.131504028125251,8.667776490416468,1.435935623251152E-6-3.435041780635193E-11i,0.007179678161721086-1.7175209011937992E-7i
0,9.497436428579235,6.282503607976745,1.4359356337481436E-6-3.435041805746069E-11i,0.007179678161721086-1.7175209011937995E-7i
0,8.104134503612656,9.260546410800185,1.4359356221000847E-6-3.43504177788161E-11i,0.007179678161721085-1.7175209011938E-7i
0,6.074228514814948,13,1.4359356182078861E-6-3.435041768570706E-11i,0.007179678161721084-1.7175209011937995E-7i
6.58364579981214,4.4711004271310655,9.362521036497384,1.4359356261894613E-6-3.4350417876642056E-11i,0.007179678161721084-1.7175209011937995E-7i
4.173724721230641,4.488659225501351,13,1.4359356186355715E-6-3.435041769593807E-11i,0.007179678161721085-1.7175209011937997E-7i
6.074180251107402,0,13,1.4359356202901523E-6-3.435041773551898E-11i,0.007179678161721084-1.7175209011937995E-7i
8.714243848416558,0,8.610124782248336,1.4359356262968255E-6-3.435041787921045E-11i,0.007179678161721086-1.7175209011937995E-7i
4.089981193895511,0,9.81005317473306,1.4359356232073628E-6-3.435041780530433E-11i,0.007179678161721085-1.7175209011937997E-7i
0,0,13,1.4359356203492884E-6-3.435041773693358E-11i,0.007179678161721084-1.7175209011937995E-7i
0,4.181537806274086,9.398815724227003,1.4359356221752682E-6-3.435041778061459E-11i,0.007179678161721085-1.7175209011937997E-7i
5.660790460887889,9.222707763085195,5.461339641965002,1.4359356328128217E-6-3.4350418035085995E-11i,0.007179678161721082-1.7175209011937997E-7i
7.800904031193952,8.284819970711512,4.890254045280357,1.4359356428496687E-6-3.4350418275187175E-11i,0.0071796781617210845-1.7175209011937992E-7i
9.090002352128659,7.881990463355484,4.249999999999995,1.4359356471566493E-6-3.435041837821865E-11i,0.007179678161721084-1.7175209011937995E-7i
4.592455869159336,9.52844185799225,4.259375821254095,1.4359356477178694E-6-3.435041839164417E-11i,0.007179678161721086-1.7175209011937992E-7i
0,8.953899419430897,4.1254282698396345,1.4359356516511277E-6-3.4350418485735453E-11i,0.007179678161721084-1.7175209011937997E-7i
1.564418605024615,9.634454701104398,4.405474780073539,1.4359356485062451E-6-3.435041841050367E-11i,0.007179678161721084-1.7175209011937992E-7i
3.128837210049252,8.787940915445683,4.706449187670289,1.4359356404399006E-6-3.4350418217540764E-11i,0.007179678161721086-1.7175209011937992E-7i
5.117658622123746,7.650312132378803,7.474969595568796,1.4359356251132399E-6-3.435041785089675E-11i,0.007179678161721084-1.7175209011937995E-7i
4.7944480918360695,7.661135785547903,5.103224593835142,1.4359356350064922E-6-3.435041808756285E-11i,0.007179678161721084-1.7175209011937992E-7i
2.793572804960743,7.575881830891387,6.412898375340553,1.4359356313849795E-6-3.435041800092915E-11i,0.007179678161721084-1.7175209011937992E-7i
6.460058973622892,6.534330655650119,5.499999999999995,1.4359356337901387E-6-3.435041805846532E-11i,0.007179678161721084-1.7175209011937992E-7i
7.521661870295017,6.4376778649569,4.250000000000014,1.4359356472970484E-6-3.435041838157729E-11i,0.007179678161721086-1.7175209011937992E-7i
8.714226381487968,4.297244111968336,5.500000000000019,1.4359356329852287E-6-3.435041803921026E-11i,0.007179678161721084-1.7175209011937995E-7i
11.129684926227938,0,5.462193130008382,1.4359356341954314E-6-3.435041806816069E-11i,0.007179678161721086-1.7175209011937995E-7i
9.765175869508678,1.9403364317764908,4.226420262588255,1.4359356484728727E-6-3.435041840970529E-11i,0.007179678161721086-1.7175209011937992E-7i
6.656616535512107,4.87166046003193,6.265586769961668,1.4359356319885316E-6-3.4350418015367276E-11i,0.007179678161721084-1.7175209011937992E-7i
7.530894333204094,2.603747932404855,7.352630742755718,1.4359356315010158E-6-3.435041800370496E-11i,0.0071796781617210845-1.7175209011937992E-7i
8.530351739017386,2.148622055984157,5.452840525176531,1.4359356355303041E-6-3.43504181000935E-11i,0.007179678161721083-1.7175209011937997E-7i
7.091967284529812,4.035654264012668,4.088157685688921,1.4359356458823581E-6-3.4350418347735096E-11i,0.0071796781617210845-1.7175209011937992E-7i
6.850962231735327,2.9606541613921853,5.176315371377858,1.4359356355924494E-6-3.435041810158014E-11i,0.007179678161721086-1.7175209011937992E-7i
8.346477096546764,0,5.4056810503529995,1.4359356362408906E-6-3.435041811709213E-11i,0.007179678161721085-1.7175209011938E-7i
2.0366201808854183,6.041568987973108,8.328849083208498,1.4359356243333214E-6-3.435041783223951E-11i,0.007179678161721084-1.7175209011937995E-7i
0,7.1937567171157255,4.825796750681114,1.4359356419557478E-6-3.435041825380281E-11i,0.007179678161721085-1.7175209011938E-7i
0,6.128137096331471,7.0455938013480335,1.435935629093574E-6-3.4350417946114145E-11i,0.007179678161721085-1.7175209011938E-7i
4.073240361770876,3.9790034723335213,7.397151755616767,1.4359356269105652E-6-3.435041789389229E-11i,0.007179678161721084-1.7175209011937995E-7i
5.83282859290231,0,6.70526148551148,1.4359356318631292E-6-3.435041801236741E-11i,0.007179678161721086-1.7175209011937995E-7i
0,2.5417213934121605,6.3110622093683855,1.4359356328610708E-6-3.435041803624014E-11i,0.007179678161721086-1.7175209011937995E-7i
2.55933511362025,0,6.794303511233512,1.435935630485968E-6-3.4350417979422976E-11i,0.007179678161721086-1.7175209011937995E-7i
0,0,8.246740216113672,1.435935627013171E-6-3.4350417896346784E-11i,0.007179678161721084-1.7175209011937995E-7i
2.221321337303273,6.31634459869533,4.706449187670281,1.435935649552702E-6-3.4350418435536964E-11i,0.007179678161721082-1.7175209011937997E-7i
4.846810863152397,6.082997896849875,4.1746439694520765,1.4359356447029565E-6-3.435041831952149E-11i,0.007179678161721086-1.7175209011937992E-7i
4.606478666323034,5.038112331706364,5.349287938904199,1.4359356304264152E-6-3.4350417977998345E-11i,0.007179678161721083-1.7175209011937997E-7i
5.969725501823666,5.0743833491697545,4.174643969452092,1.4359356434015543E-6-3.4350418288389424E-11i,0.0071796781617210845-1.7175209011937992E-7i
4.6481554061666,2.8516721850888946,5.1985758778083815,1.4359356395506592E-6-3.4350418196268354E-11i,0.007179678161721084-1.7175209011937992E-7i
5.65001513867658,1.4258360925444584,4.821205031783201,1.4359356443558074E-6-3.4350418311217004E-11i,0.007179678161721085-1.7175209011937992E-7i
6.651874871186557,0,4.443834185758012,1.435935653713457E-6-3.435041853507048E-11i,0.007179678161721084-1.7175209011937997E-7i
2.7528983590231824,3.5418940077626093,5.198575877808404,1.4359356424247574E-6-3.435041826502238E-11i,0.007179678161721082-1.7175209011937997E-7i
0,4.796905863138285,4.684344929429596,1.435935649746058E-6-3.435041844016242E-11i,0.007179678161721085-1.7175209011938E-7i
3.9024484646979394,1.404300178010765,4.965693222995586,1.4359356422519372E-6-3.4350418260888234E-11i,0.007179678161721085-1.7175209011937992E-7i
4.835471369343615,0,4.941024527764393,1.4359356435487906E-6-3.435041829191154E-11i,0.0071796781617210845-1.7175209011937997E-7i
1.6713295612319272,1.4555700055569114,4.533031767021043,1.43593564405259E-6-3.4350418303963354E-11i,0.0071796781617210845-1.7175209011937992E-7i
2.376446751156273,0,4.900021451615153,1.4359356458218391E-6-3.435041834628738E-11i,0.0071796781617210845-1.7175209011937997E-7i
0,2.9731252675649955,4.103154119382911,1.435935653971467E-6-3.435041854124255E-11i,0.0071796781617210845-1.7175209011938E-7i
0,1.5647257777684729,4.215099648899802,1.4359356506060017E-6-3.4350418460734003E-11i,0.007179678161721084-1.7175209011937997E-7i
0,0,5.220798736980665,1.4359356381375041E-6-3.4350418162462904E-11i,0.007179678161721084-1.7175209011937997E-7i
1.2026680307110382,0,3.931528125787695,1.435935650648086E-6-3.4350418461740753E-11i,0.007179678161721084-1.7175209011937997E-7i
23.039665104394828,48.96170616327917,0.5000000000000002,1.4358737932382962E-6-3.434893871025588E-11i,0.007179678161721086-1.7175209011937995E-7i
21.082025009713863,48.85725181565878,0.5000000000000007,1.4358727359762525E-6-3.43489134184584E-11i,0.007179678161721085-1.7175209011937992E-7i
23.91181563565282,46.14320833660427,0.5,1.4358345822831809E-6-3.434800070672076E-11i,0.007179678161721085-1.7175209011937992E-7i
78.03966510439483,48.96170616327917,0.5000000000000002,1.4358738004467615E-6-3.4348938882696604E-11i,0.007179678161721086-1.7175209011937995E-7i
76.08202500971386,48.85725181565877,0.5000000000000007,1.4358725740250202E-6-3.434890954426482E-11i,0.007179678161721085-1.7175209011937992E-7i
